date,open,high,low,close,volume,ma5,ema23,ma20,ma60,ma120,return_1d,return_5d,return_20d,volume_ratio,distance_to_ema23_pct,distance_to_ma20_pct,distance_to_high_60_pct
20250820,1165.0,1165.0,1135.0,1135.0,73148689.0,1171.0,1153.6756,1160.25,1093.6333,1027.6064,-4.2194,-5.4167,-0.8734,2.1909,-1.6188,-2.1763,-5.4167
20250821,1140.0,1155.0,1140.0,1150.0,25030476.0,1166.0,1153.3693,1160.5,1096.6833,1028.8947,1.3216,-2.1277,0.4367,0.7397,-0.2921,-0.9048,-4.1667
20250822,1155.0,1155.0,1135.0,1135.0,20220071.0,1157.0,1151.8385,1160.0,1099.4833,1030.0,-1.3043,-3.8136,-0.8734,0.6001,-1.4619,-2.1552,-5.4167
20250825,1165.0,1180.0,1160.0,1170.0,27470807.0,1155.0,1153.352,1161.25,1103.2167,1031.4433,3.0837,-0.8475,2.1834,0.8101,1.4434,0.7535,-2.5
20250826,1165.0,1185.0,1160.0,1175.0,39495275.0,1153.0,1155.156,1163.25,1106.9667,1032.9082,0.4274,-0.8439,3.5242,1.168,1.7179,1.0101,-2.0833
20250827,1190.0,1190.0,1180.0,1190.0,23824689.0,1164.0,1158.0596,1165.0,1110.3,1034.4949,1.2766,4.8458,3.0303,0.7191,2.7581,2.1459,-0.8333
20250828,1185.0,1185.0,1160.0,1160.0,20960787.0,1166.0,1158.2213,1165.0,1113.0,1035.75,-2.521,0.8696,0.0,0.6473,0.1536,-0.4292,-3.3333
20250829,1180.0,1185.0,1160.0,1160.0,21820054.0,1171.0,1158.3696,1166.0,1115.75,1036.9802,0.0,2.2026,1.7544,0.6993,0.1408,-0.5146,-3.3333
20250901,1150.0,1165.0,1145.0,1165.0,23022319.0,1170.0,1158.9221,1167.5,1118.4167,1038.2353,0.431,-0.4274,2.6432,0.7404,0.5244,-0.2141,-2.9167
20250902,1170.0,1175.0,1155.0,1160.0,14994018.0,1167.0,1159.0119,1168.0,1120.3333,1039.4175,-0.4292,-1.2766,0.8696,0.4867,0.0853,-0.6849,-3.3333
20250903,1155.0,1160.0,1145.0,1160.0,20211322.0,1161.0,1159.0943,1169.75,1121.9167,1040.5769,0.0,-2.521,3.1111,0.6601,0.0781,-0.8335,-3.3333
20250904,1170.0,1175.0,1160.0,1160.0,25311450.0,1161.0,1159.1697,1168.75,1123.8333,1041.7143,0.0,0.0,-1.6949,0.8839,0.0716,-0.7487,-3.3333
20250905,1175.0,1180.0,1170.0,1180.0,27931124.0,1165.0,1160.9056,1169.0,1126.3333,1043.0189,1.7241,1.7241,0.4255,0.9746,1.6448,0.941,-1.6667
20250909,1195.0,1200.0,1190.0,1200.0,35720097.0,1172.0,1164.1635,1170.0,1129.25,1044.486,1.6949,3.0043,1.6949,1.2501,3.0783,2.5641,0.0
20250910,1220.0,1230.0,1215.0,1225.0,43516678.0,1185.0,1169.2332,1172.25,1132.25,1046.1574,2.0833,5.6034,3.8136,1.4881,4.7695,4.4999,-0.4065
20250911,1255.0,1260.0,1235.0,1240.0,34811140.0,1201.0,1175.1304,1174.25,1135.3333,1047.9358,1.2245,6.8966,3.3333,1.2005,5.5202,5.5993,-1.5873
20250917,1270.0,1275.0,1265.0,1265.0,32019276.0,1222.0,1182.6195,1178.75,1139.1667,1049.9091,2.0161,9.0517,7.6596,1.1104,6.9659,7.3171,-0.7843
20250918,1275.0,1285.0,1265.0,1285.0,26442220.0,1243.0,1191.1512,1184.0,1143.0,1052.027,1.581,8.8983,8.8983,0.9125,7.8788,8.5304,0.0
20250919,1285.0,1290.0,1265.0,1265.0,48894096.0,1256.0,1197.3053,1188.25,1147.0833,1053.9286,-1.5564,5.4167,7.2034,1.6103,5.6539,6.4591,-1.938
20250922,1270.0,1295.0,1270.0,1295.0,30411595.0,1270.0,1205.4465,1193.75,1151.1667,1056.0619,2.3715,5.7143,9.2827,0.9886,7.4291,8.4817,0.0
20250923,1320.0,1340.0,1315.0,1340.0,37523254.0,1290.0,1216.6593,1204.0,1155.6667,1058.5526,3.4749,8.0645,18.0617,1.2947,10.1377,11.2957,0.0
20250924,1350.0,1355.0,1325.0,1340.0,47820358.0,1305.0,1226.9377,1213.5,1160.0833,1061.0,0.0,5.9289,16.5217,1.5876,9.215,10.4244,-1.107
20250925,1320.0,1330.0,1320.0,1320.0,27800815.0,1312.0,1234.6929,1222.75,1164.0833,1063.2328,-1.4925,2.7237,16.2996,0.9115,6.9092,7.9534,-2.583
20250926,1310.0,1315.0,1295.0,1300.0,29378983.0,1319.0,1240.1352,1229.25,1168.0833,1065.2564,-1.5152,2.7668,11.1111,0.9602,4.8273,5.7555,-4.059
20250930,1310.0,1320.0,1305.0,1305.0,44853467.0,1321.0,1245.5406,1235.75,1171.75,1067.2881,0.3846,0.7722,11.0638,1.4533,4.7738,5.6039,-3.69
20251001,1325.0,1350.0,1325.0,1325.0,36184828.0,1318.0,1252.1622,1242.5,1175.75,1069.4538,1.5326,-1.1194,11.3445,1.1494,5.817,6.6398,-2.214
20251002,1360.0,1370.0,1355.0,1365.0,32693509.0,1323.0,1261.5653,1252.75,1180.3333,1071.9167,3.0189,1.8657,17.6724,1.0195,8.1989,8.9603,-0.365
20251003,1365.0,1400.0,1365.0,1400.0,34379158.0,1339.0,1273.1016,1264.75,1185.5833,1076.5167,2.5641,6.0606,20.6897,1.0515,9.9677,10.6938,0.0
20251007,1420.0,1445.0,1420.0,1435.0,42424519.0,1366.0,1286.5931,1278.25,1191.5,1081.675,2.5,10.3846,23.176,1.2602,11.5349,12.2629,-0.692
20251008,1410.0,1420.0,1405.0,1415.0,27708676.0,1388.0,1297.2937,1291.0,1197.0833,1086.925,-1.3937,8.4291,21.9828,0.8078,9.0732,9.605,-2.0761
20251009,1440.0,1455.0,1430.0,1440.0,42507551.0,1411.0,1309.1859,1305.0,1202.9167,1091.7333,1.7668,8.6792,24.1379,1.2002,9.992,10.3448,-1.0309
20251013,1390.0,1420.0,1390.0,1415.0,60321869.0,1421.0,1318.0037,1317.75,1208.1667,1096.3167,-1.7361,3.663,21.9828,1.623,7.3593,7.38,-2.7491
20251014,1455.0,1460.0,1420.0,1425.0,44821332.0,1426.0,1326.9201,1330.0,1213.5833,1100.8833,0.7067,1.7857,20.7627,1.1791,7.3915,7.1429,-2.3973
20251016,1465.0,1495.0,1465.0,1485.0,42490828.0,1436.0,1340.0934,1344.25,1220.0833,1106.1333,4.2105,3.4843,23.75,1.108,10.8132,10.4705,-0.6689
20251020,1460.0,1495.0,1455.0,1480.0,34972122.0,1449.0,1351.7523,1357.0,1226.25,1111.4083,-0.3367,4.5936,20.8163,0.9222,9.4875,9.0641,-1.0033
20251021,1485.0,1500.0,1480.0,1480.0,37067269.0,1457.0,1362.4396,1369.0,1232.0833,1116.6583,0.0,2.7778,19.3548,0.9745,8.6287,8.1081,-1.3333
20251022,1460.0,1470.0,1455.0,1460.0,30679057.0,1466.0,1370.5696,1378.75,1237.5833,1121.8667,-1.3514,3.1802,15.415,0.808,6.5251,5.893,-2.6667
20251023,1440.0,1455.0,1435.0,1450.0,26134949.0,1471.0,1377.1888,1387.0,1242.5,1127.15,-0.6849,1.7544,12.8405,0.6886,5.2869,4.5422,-3.3333
20251027,1500.0,1500.0,1480.0,1480.0,36024098.0,1470.0,1385.7564,1397.75,1248.0,1132.2083,2.069,-0.3367,16.996,0.9655,6.8009,5.8845,-1.3333
20251028,1480.0,1490.0,1470.0,1475.0,35135504.0,1469.0,1393.1934,1406.75,1253.75,1137.3,-0.3378,-0.3378,13.8996,0.9358,5.8719,4.8516,-1.6667
20251029,1495.0,1515.0,1490.0,1505.0,32775105.0,1474.0,1402.5106,1415.0,1259.75,1142.4417,2.0339,1.6892,12.3134,0.8785,7.3076,6.3604,-0.6601
20251030,1515.0,1520.0,1500.0,1505.0,30058497.0,1483.0,1411.0514,1423.25,1265.75,1147.5083,0.0,3.0822,12.3134,0.8253,6.6581,5.7439,-0.9868
20251031,1515.0,1525.0,1500.0,1500.0,33838761.0,1493.0,1418.4638,1432.25,1271.6667,1152.4917,-0.3322,3.4483,13.6364,0.9215,5.7482,4.7303,-1.6393
20251103,1510.0,1520.0,1490.0,1510.0,30913479.0,1499.0,1426.0918,1442.75,1277.75,1157.5083,0.6667,2.027,16.1538,0.8401,5.8838,4.6612,-0.9836
20251104,1520.0,1525.0,1495.0,1505.0,35922791.0,1505.0,1432.6675,1452.75,1283.9167,1162.1333,-0.3311,2.0339,15.3257,0.9882,5.0488,3.5966,-1.3115
20251105,1480.0,1485.0,1455.0,1460.0,63423241.0,1496.0,1434.9452,1459.5,1289.0,1166.4833,-2.99,-2.99,10.1887,1.6817,1.746,0.0343,-4.2623
20251106,1470.0,1480.0,1465.0,1465.0,29955147.0,1488.0,1437.4498,1464.5,1294.0833,1171.025,0.3425,-2.6578,7.326,0.7972,1.9166,0.0341,-3.9344
20251107,1460.0,1465.0,1455.0,1460.0,23551721.0,1480.0,1439.3289,1467.5,1299.4167,1175.4583,-0.3413,-2.6667,4.2857,0.6359,1.4362,-0.5111,-4.2623
20251110,1470.0,1485.0,1465.0,1475.0,26579263.0,1473.0,1442.3015,1469.5,1305.0833,1180.1,1.0274,-2.3179,2.7875,0.7333,2.2671,0.3743,-3.2787
20251111,1490.0,1495.0,1465.0,1465.0,24857058.0,1465.0,1444.1931,1472.0,1310.3333,1184.4,-0.678,-2.6578,3.5336,0.6885,1.4407,-0.4755,-3.9344
20251112,1470.0,1485.0,1460.0,1475.0,25998385.0,1468.0,1446.7603,1473.75,1316.1667,1188.7167,0.6826,1.0274,2.4306,0.737,1.9519,0.0848,-3.2787
20251113,1460.0,1470.0,1460.0,1460.0,23920639.0,1467.0,1447.8636,1476.0,1320.8333,1192.8083,-1.0169,-0.3413,3.1802,0.715,0.8382,-1.084,-4.2623
20251114,1425.0,1440.0,1425.0,1430.0,32778804.0,1461.0,1446.375,1476.25,1325.0833,1196.4,-2.0548,-2.0548,0.3509,0.9977,-1.1321,-3.1329,-6.2295
20251117,1450.0,1460.0,1445.0,1445.0,34872653.0,1455.0,1446.2604,1474.25,1329.5,1200.1667,1.049,-2.0339,-2.6936,1.0739,-0.0871,-1.9841,-5.2459
20251118,1435.0,1435.0,1405.0,1405.0,49856799.0,1443.0,1442.822,1470.5,1333.25,1203.5583,-2.7682,-4.0956,-5.0676,1.5009,-2.6214,-4.4543,-7.8689
20251119,1400.0,1415.0,1395.0,1395.0,42661060.0,1427.0,1438.8369,1466.25,1336.5,1206.9833,-0.7117,-5.4237,-5.7432,1.2736,-3.0467,-4.8593,-8.5246
20251120,1450.0,1460.0,1440.0,1455.0,28295025.0,1426.0,1440.1838,1466.0,1341.1667,1210.9583,4.3011,-0.3425,-0.3425,0.8477,1.0288,-0.7503,-4.5902
20251121,1395.0,1405.0,1385.0,1385.0,64673494.0,1417.0,1435.5851,1462.75,1344.5833,1214.3167,-4.811,-3.1469,-4.4828,1.8319,-3.5237,-5.3153,-9.1803
20251124,1400.0,1405.0,1375.0,1375.0,88861648.0,1403.0,1430.5364,1457.5,1347.8333,1217.575,-0.722,-4.8443,-7.0946,2.3418,-3.8822,-5.6604,-9.8361
20251125,1425.0,1425.0,1405.0,1415.0,31006765.0,1405.0,1429.2417,1454.5,1351.6667,1221.2333,2.9091,0.7117,-4.0678,0.8216,-0.9965,-2.7157,-7.2131
20251126,1430.0,1440.0,1425.0,1440.0,31659935.0,1414.0,1430.1382,1451.25,1356.75,1225.1917,1.7668,3.2258,-4.3189,0.8401,0.6896,-0.7752,-5.5738
20251127,1450.0,1455.0,1430.0,1435.0,24202285.0,1410.0,1430.5434,1447.75,1361.5,1229.0917,-0.3472,-1.3746,-4.6512,0.6473,0.3115,-0.8807,-5.9016
20251128,1440.0,1455.0,1435.0,1440.0,26130506.0,1421.0,1431.3314,1444.75,1366.5833,1233.0333,0.3484,3.9711,-4.0,0.7061,0.6056,-0.3288,-5.5738
20251201,1445.0,1445.0,1410.0,1410.0,33722188.0,1428.0,1429.5538,1439.75,1370.5833,1236.9,-2.0833,2.5455,-6.6225,0.9078,-1.3678,-2.0663,-7.541
20251202,1430.0,1440.0,1420.0,1430.0,27923064.0,1431.0,1429.591,1436.0,1374.8333,1240.9,1.4184,1.0601,-4.9834,0.7599,0.0286,-0.4178,-6.2295
20251203,1440.0,1450.0,1435.0,1450.0,25462840.0,1433.0,1431.2917,1435.5,1379.1667,1244.7333,1.3986,0.6944,-0.6849,0.7307,1.3071,1.0101,-4.918
20251204,1445.0,1450.0,1430.0,1445.0,21934952.0,1435.0,1432.4341,1434.5,1383.9167,1248.4583,-0.3448,0.6969,-1.3652,0.6368,0.8772,0.732,-5.2459
20251205,1445.0,1460.0,1440.0,1460.0,22539737.0,1439.0,1434.7312,1434.5,1388.9167,1252.3333,1.0381,1.3889,0.0,0.6553,1.7612,1.7776,-4.2623
20251208,1465.0,1495.0,1460.0,1495.0,27405663.0,1456.0,1439.7536,1435.5,1394.4167,1256.4167,2.3973,6.0284,1.3559,0.7958,3.8372,4.1449,-1.9672
20251209,1495.0,1500.0,1480.0,1480.0,27555343.0,1466.0,1443.1075,1436.25,1399.75,1260.0417,-1.0033,3.4965,1.0239,0.797,2.5565,3.0461,-2.9508
20251210,1490.0,1505.0,1485.0,1505.0,26387641.0,1477.0,1448.2652,1437.75,1405.5,1263.7083,1.6892,3.7931,2.0339,0.7628,3.9174,4.6774,-1.3115
20251211,1510.0,1515.0,1465.0,1470.0,31820417.0,1482.0,1450.0764,1438.25,1410.6667,1267.25,-2.3256,1.7301,0.6849,0.9095,1.374,2.2075,-3.6066
20251212,1475.0,1485.0,1470.0,1480.0,24025183.0,1486.0,1452.5701,1440.75,1415.6667,1271.0,0.6803,1.3699,3.4965,0.6954,1.8884,2.7243,-2.9508
20251215,1450.0,1455.0,1445.0,1450.0,28160888.0,1477.0,1452.3559,1441.0,1419.8333,1274.5417,-2.027,-3.01,0.346,0.8231,-0.1622,0.6246,-4.918
20251216,1435.0,1445.0,1425.0,1435.0,36751412.0,1468.0,1450.9096,1442.5,1423.3333,1277.7917,-1.0345,-3.0405,2.1352,1.0951,-1.0965,-0.5199,-5.9016
20251217,1435.0,1445.0,1425.0,1430.0,33103549.0,1453.0,1449.1671,1444.25,1426.5,1280.9167,-0.3484,-4.9834,2.509,1.0007,-1.3226,-0.9867,-6.2295
20251218,1420.0,1435.0,1415.0,1430.0,33103697.0,1445.0,1447.5699,1443.0,1429.25,1284.2083,0.0,-2.7211,-1.7182,0.9935,-1.2137,-0.9009,-6.2295
20251219,1455.0,1455.0,1430.0,1430.0,42614140.0,1435.0,1446.1057,1445.25,1431.6667,1287.3333,0.0,-3.3784,3.2491,1.3227,-1.1137,-1.0552,-6.2295
20251222,1465.0,1470.0,1455.0,1465.0,23919483.0,1438.0,1447.6802,1449.75,1435.0,1291.0417,2.4476,1.0345,6.5455,0.8256,1.1964,1.0519,-3.9344
20251223,1475.0,1490.0,1470.0,1490.0,22337117.0,1449.0,1451.2069,1453.5,1438.25,1294.7083,1.7065,3.8328,5.3004,0.7827,2.6732,2.5112,-2.2951
20251224,1495.0,1500.0,1485.0,1495.0,13707427.0,1462.0,1454.8563,1456.25,1440.8333,1298.25,0.3356,4.5455,3.8194,0.4959,2.7593,2.6609,-1.9672
20251226,1505.0,1510.0,1495.0,1510.0,20806344.0,1478.0,1459.4516,1460.0,1443.6667,1301.875,1.0033,5.5944,5.2265,0.7574,3.4635,3.4247,-0.9836
20251229,1515.0,1530.0,1510.0,1530.0,24010398.0,1498.0,1465.3306,1464.5,1447.1667,1305.625,1.3245,6.993,6.25,0.8774,4.4133,4.4725,0.0
20251230,1515.0,1530.0,1510.0,1520.0,21819219.0,1509.0,1469.8864,1470.0,1450.8333,1309.4583,-0.6536,3.7543,7.8014,0.8151,3.4094,3.4014,-0.6536
20251231,1520.0,1550.0,1515.0,1550.0,31389568.0,1521.0,1476.5626,1476.0,1454.9167,1313.3333,1.9737,4.0268,8.3916,1.165,4.9735,5.0136,0.0
20260102,1555.0,1585.0,1545.0,1585.0,39836425.0,1539.0,1485.599,1482.75,1459.25,1317.5,2.2581,6.0201,9.3103,1.4401,6.691,6.896,0.0
20260105,1630.0,1695.0,1625.0,1670.0,76182999.0,1571.0,1500.9658,1494.0,1464.3333,1322.3333,5.3628,10.596,15.5709,2.5082,11.2617,11.7805,-1.4749
20260106,1645.0,1705.0,1645.0,1705.0,54073389.0,1606.0,1517.9686,1506.25,1469.4167,1327.5,2.0958,11.4379,16.7808,1.6924,12.3212,13.195,0.0
20260107,1665.0,1685.0,1665.0,1675.0,54807595.0,1637.0,1531.0546,1515.25,1473.4167,1332.4583,-1.7595,10.1974,12.0401,1.6449,9.4017,10.5428,-1.7595
20260108,1660.0,1700.0,1655.0,1685.0,31485749.0,1664.0,1543.8833,1525.5,1477.9167,1337.5,0.597,8.7097,13.8514,0.9394,9.1404,10.4556,-1.173
20260109,1665.0,1700.0,1655.0,1680.0,42191307.0,1683.0,1555.2264,1534.25,1481.9167,1342.4167,-0.2967,5.9937,11.6279,1.2298,8.0229,9.4998,-1.4663
20260112,1700.0,1705.0,1690.0,1690.0,34556660.0,1687.0,1566.4575,1545.25,1486.5,1347.3333,0.5952,1.1976,14.966,1.0033,7.8867,9.3674,-0.8798
20260113,1720.0,1720.0,1700.0,1710.0,34064122.0,1688.0,1578.4194,1556.75,1491.25,1352.4167,1.1834,0.2933,15.5405,0.9748,8.3362,9.8442,-0.5814
20260114,1705.0,1715.0,1700.0,1710.0,33253803.0,1695.0,1589.3845,1569.75,1495.0,1357.5417,0.0,2.0896,17.931,0.9447,7.5888,8.9345,-0.5814
20260115,1685.0,1700.0,1680.0,1690.0,41703827.0,1696.0,1597.7691,1582.5,1498.5,1362.375,-1.1696,0.2967,17.77,1.1765,5.7725,6.793,-1.7442
20260116,1735.0,1750.0,1710.0,1740.0,58108842.0,1708.0,1609.6217,1598.0,1502.8333,1367.4583,2.9586,3.5714,21.6783,1.5834,8.0999,8.8861,-0.5714
20260119,1725.0,1780.0,1725.0,1760.0,32242493.0,1722.0,1622.1532,1614.5,1507.8333,1372.7083,1.1494,4.142,23.0769,0.8796,8.4978,9.0121,-1.1236
20260120,1740.0,1775.0,1740.0,1775.0,32687106.0,1735.0,1634.8904,1631.75,1513.25,1377.875,0.8523,3.8012,24.1259,0.904,8.57,8.7789,-0.2809
20260121,1745.0,1765.0,1740.0,1740.0,50745376.0,1741.0,1643.6496,1645.5,1517.5833,1382.7917,-1.9718,1.7544,18.7713,1.3532,5.862,5.7429,-2.2472
20260122,1765.0,1770.0,1750.0,1760.0,34437982.0,1755.0,1653.3454,1659.0,1522.3333,1388.0417,1.1494,4.142,18.1208,0.9038,6.4508,6.088,-1.1236
20260123,1770.0,1775.0,1750.0,1770.0,29676301.0,1761.0,1663.0666,1672.75,1526.75,1393.25,0.5682,1.7241,18.3946,0.7628,6.4299,5.8138,-0.5618
20260126,1765.0,1785.0,1755.0,1755.0,25989274.0,1760.0,1670.7278,1685.0,1530.9167,1398.3333,-0.8475,-0.2841,16.2252,0.6636,5.044,4.1543,-1.6807
20260127,1760.0,1785.0,1755.0,1780.0,32183611.0,1761.0,1679.8338,1697.5,1535.5833,1403.625,1.4245,0.2817,16.3399,0.8133,5.9629,4.8601,-0.2801
20260128,1790.0,1820.0,1790.0,1820.0,31327933.0,1777.0,1691.5143,1712.5,1540.75,1409.25,2.2472,4.5977,19.7368,0.7823,7.5959,6.2774,0.0
20260129,1830.0,1835.0,1800.0,1805.0,36079326.0,1786.0,1700.9714,1725.25,1545.75,1414.8333,-0.8242,2.5568,16.4516,0.8957,6.1158,4.6225,-1.6349
20260130,1790.0,1800.0,1775.0,1775.0,46341867.0,1787.0,1707.1405,1734.75,1551.0,1420.0,-1.662,0.2825,11.9874,1.1412,3.975,2.3202,-3.2698
20260202,1750.0,1765.0,1745.0,1765.0,33342359.0,1789.0,1711.9621,1739.5,1556.0,1425.0417,-0.5634,0.5698,5.6886,0.8668,3.0981,1.4659,-3.8147
20260203,1810.0,1810.0,1785.0,1800.0,30386718.0,1793.0,1719.2986,1744.25,1561.6667,1430.5417,1.983,1.1236,5.5718,0.8151,4.6939,3.1962,-1.9074
20260204,1785.0,1805.0,1775.0,1785.0,29087857.0,1786.0,1724.7737,1749.75,1566.8333,1435.9583,-0.8333,-1.9231,6.5672,0.8081,3.4918,2.0146,-2.7248
20260205,1765.0,1780.0,1760.0,1765.0,28974303.0,1778.0,1728.1259,1753.75,1571.8333,1441.0833,-1.1204,-2.2161,4.7478,0.8078,2.1338,0.6415,-3.8147
20260206,1745.0,1780.0,1740.0,1780.0,36484181.0,1779.0,1732.4487,1758.75,1576.9167,1446.5417,0.8499,0.2817,5.9524,1.0253,2.7447,1.2082,-2.9973
20260209,1830.0,1835.0,1815.0,1815.0,40350444.0,1789.0,1739.328,1765.0,1582.8333,1451.8333,1.9663,2.8329,7.3964,1.1248,4.3506,2.8329,-1.0899
20260210,1845.0,1880.0,1840.0,1880.0,45674475.0,1805.0,1751.0507,1773.5,1590.3333,1457.7083,3.5813,4.4444,9.9415,1.2529,7.3641,6.0051,0.0
20260211,1880.0,1925.0,1875.0,1915.0,44684131.0,1831.0,1764.7131,1783.75,1598.1667,1463.8333,1.8617,7.2829,11.9883,1.2069,8.5162,7.3581,-0.5195
20260223,1900.0,1935.0,1900.0,1900.0,80768993.0,1858.0,1775.987,1794.25,1606.4167,1469.8333,-0.7833,7.6487,12.426,2.0721,6.9828,5.8938,-1.8088
20260224,1915.0,1975.0,1915.0,1965.0,44316733.0,1895.0,1791.7381,1805.5,1615.9167,1476.2083,3.4211,10.3933,12.931,1.1574,9.67,8.8341,-0.5063
20260225,1995.0,2025.0,1995.0,2015.0,47398835.0,1935.0,1810.3433,1818.25,1625.25,1483.2083,2.5445,11.0193,14.4886,1.2139,11.3049,10.8208,-0.4938
20260226,2000.0,2010.0,1995.0,1995.0,74411249.0,1958.0,1825.7313,1829.25,1635.4167,1490.0,-0.9926,6.117,12.3944,1.809,9.2713,9.0611,-1.4815
20260302,1940.0,1995.0,1940.0,1975.0,57404594.0,1970.0,1838.1704,1841.0,1645.4167,1496.625,-1.0025,3.1332,13.5057,1.3844,7.4438,7.2787,-2.4691
20260303,1970.0,1980.0,1935.0,1935.0,54577298.0,1977.0,1846.2395,1849.75,1654.0833,1502.875,-2.0253,1.8421,9.9432,1.285,4.8076,4.6087,-4.4444
20260304,1895.0,1910.0,1865.0,1865.0,84647010.0,1957.0,1847.8029,1854.5,1661.1667,1508.9583,-3.6176,-5.0891,5.3672,1.8718,0.9307,0.5662,-7.9012
20260305,1940.0,1960.0,1895.0,1900.0,56489914.0,1934.0,1852.1527,1861.75,1668.9167,1515.2083,1.8767,-5.7072,8.2621,1.2084,2.5833,2.0545,-6.1728
20260306,1880.0,1900.0,1880.0,1890.0,34307388.0,1913.0,1855.3066,1867.25,1676.4167,1521.5,-0.5263,-5.2632,6.1798,0.7322,1.87,1.2184,-6.6667
20260309,1775.0,1810.0,1770.0,1810.0,94441296.0,1880.0,1851.531,1866.75,1683.0833,1526.8333,-4.2328,-8.3544,-0.5495,1.8885,-2.2431,-3.04,-10.6173
20260310,1870.0,1890.0,1830.0,1850.0,46926862.0,1863.0,1851.4035,1869.0,1690.0833,1532.4583,2.2099,-4.3928,2.4931,0.9283,-0.0758,-1.0166,-8.642
20260311,1885.0,1950.0,1875.0,1940.0,39238328.0,1878.0,1858.7865,1877.25,1698.25,1538.7083,4.8649,4.0214,9.2958,0.7817,4.3692,3.3427,-4.1975
20260312,1900.0,1915.0,1885.0,1885.0,40662382.0,1875.0,1860.971,1883.25,1705.5833,1544.75,-2.8351,-0.7895,6.7989,0.8042,1.2912,0.0929,-6.9136
20260313,1840.0,1885.0,1840.0,1865.0,36317450.0,1870.0,1861.3067,1886.5,1712.3333,1550.625,-1.061,-1.3228,3.6111,0.7141,0.1984,-1.1397,-7.9012
20260316,1875.0,1880.0,1845.0,1845.0,35401289.0,1877.0,1859.9478,1889.5,1718.1667,1556.2917,-1.0724,1.9337,3.3613,0.6918,-0.8037,-2.3551,-8.8889
20260317,1875.0,1880.0,1860.0,1870.0,26754183.0,1881.0,1860.7855,1894.75,1724.6667,1562.2083,1.355,1.0811,5.949,0.5239,0.4952,-1.3062,-7.6543
20260318,1900.0,1910.0,1890.0,1905.0,25694925.0,1874.0,1864.47,1901.0,1731.3333,1568.4167,1.8717,-1.8041,7.0225,0.5086,2.1738,0.2104,-5.9259
20260319,1875.0,1880.0,1850.0,1850.0,38750629.0,1867.0,1863.2642,1902.75,1737.6667,1574.1667,-2.8871,-1.8568,1.9284,0.7682,-0.7119,-2.7723,-8.642
20260320,1860.0,1870.0,1840.0,1840.0,53705722.0,1862.0,1861.3255,1900.75,1743.6667,1579.6667,-0.5405,-1.3405,-2.1277,1.0563,-1.1457,-3.1961,-9.1358
20260323,1790.0,1815.0,1785.0,1810.0,41950478.0,1855.0,1857.0484,1895.5,1749.6667,1584.75,-1.6304,-1.897,-5.483,0.8273,-2.5335,-4.5107,-10.6173
20260324,1850.0,1850.0,1800.0,1810.0,30569936.0,1843.0,1853.1277,1891.0,1755.9167,1589.625,0.0,-3.2086,-4.7368,0.6343,-2.3273,-4.2834,-10.6173
20260325,1865.0,1875.0,1845.0,1845.0,46664345.0,1831.0,1852.4504,1885.0,1762.8333,1594.6667,1.9337,-3.1496,-6.1069,0.9658,-0.4022,-2.122,-8.8889
20260326,1850.0,1865.0,1840.0,1840.0,24634887.0,1829.0,1851.4129,1876.25,1769.6667,1599.4583,-0.271,-0.5405,-8.6849,0.5222,-0.6164,-1.932,-9.1358
20260327,1805.0,1825.0,1800.0,1820.0,33883223.0,1825.0,1848.7951,1867.5,1776.1667,1603.9167,-1.087,-1.087,-8.7719,0.7504,-1.5575,-2.5435,-10.1235
20260330,1780.0,1800.0,1780.0,1780.0,46272405.0,1819.0,1843.0622,1857.75,1781.4167,1608.2083,-2.1978,-1.6575,-9.8734,1.0376,-3.4216,-4.1852,-12.0988
20260331,1775.0,1790.0,1760.0,1760.0,75832456.0,1809.0,1836.1403,1849.0,1785.9167,1612.0833,-1.1236,-2.7624,-9.0439,1.6609,-4.1468,-4.8134,-13.0864
20260401,1840.0,1855.0,1830.0,1855.0,46457423.0,1811.0,1837.712,1848.5,1791.9167,1616.375,5.3977,0.542,-0.5362,1.0619,0.9407,0.3516,-8.3951
20260402,1865.0,1865.0,1805.0,1810.0,29332490.0,1805.0,1835.4026,1844.0,1796.9167,1620.2917,-2.4259,-1.6304,-4.7368,0.692,-1.384,-1.8438,-10.6173
20260407,1850.0,1860.0,1835.0,1860.0,19895445.0,1813.0,1837.4524,1842.5,1802.4167,1624.7917,2.7624,2.1978,-1.5873,0.4775,1.2271,0.9498,-8.1481
20260408,1935.0,1950.0,1925.0,1950.0,53813263.0,1847.0,1846.8314,1849.5,1809.5833,1630.2083,4.8387,9.5506,7.7348,1.3576,5.5862,5.4339,-3.7037
20260409,1945.0,1955.0,1930.0,1955.0,36054784.0,1886.0,1855.8454,1854.75,1816.3333,1635.625,0.2564,11.0795,5.6757,0.9223,5.3428,5.405,-3.4568
20260410,1975.0,2000.0,1970.0,2000.0,39096242.0,1915.0,1867.8583,1857.75,1823.25,1641.25,2.3018,7.8167,3.0928,1.0002,7.0745,7.6571,-1.2346
20260413,1985.0,1995.0,1975.0,1990.0,31882568.0,1951.0,1878.0368,1863.0,1828.5833,1646.4583,-0.5,9.9448,5.5703,0.8249,5.9617,6.817,-1.7284
20260414,2015.0,2055.0,2010.0,2055.0,46188401.0,1990.0,1892.7837,1872.5,1834.4167,1651.9167,3.2663,10.4839,10.1877,1.18,8.5702,9.7463,0.0
20260415,2065.0,2100.0,2060.0,2080.0,46824833.0,2016.0,1908.3851,1884.25,1841.1667,1657.2917,1.2165,6.6667,12.7371,1.1791,8.9927,10.3887,-0.9524
20260416,2080.0,2090.0,2055.0,2085.0,35974352.0,2042.0,1923.103,1895.0,1847.8333,1662.875,0.2404,6.6496,11.4973,0.8955,8.4185,10.0264,-0.7143
20260417,2055.0,2060.0,2030.0,2030.0,44433257.0,2048.0,1932.0111,1901.25,1853.6667,1667.7917,-2.6379,1.5,6.5617,1.0808,5.0719,6.7719,-3.3333
20260420,2030.0,2055.0,2025.0,2025.0,30566172.0,2055.0,1939.7602,1910.0,1859.25,1672.875,-0.2463,1.7588,9.4595,0.751,4.3943,6.0209,-3.5714
20260421,2050.0,2075.0,2045.0,2050.0,28055761.0,2054.0,1948.9468,1920.5,1864.9167,1678.0833,1.2346,-0.2433,11.413,0.7117,5.185,6.743,-2.381
20260422,2045.0,2070.0,2040.0,2050.0,27457065.0,2048.0,1957.3679,1932.5,1870.5833,1682.7917,0.0,-1.4423,13.2597,0.7096,4.7325,6.0802,-2.381
20260423,2090.0,2135.0,2055.0,2080.0,54918117.0,2047.0,1967.5872,1946.0,1877.0833,1687.7917,1.4634,-0.2398,14.9171,1.376,5.7132,6.8859,-2.5761
20260424,2110.0,2190.0,2105.0,2185.0,52391785.0,2078.0,1985.705,1963.0,1884.5,1693.6667,5.0481,7.6355,18.4282,1.3033,10.0365,11.3092,-0.2283
20260427,2280.0,2330.0,2265.0,2265.0,79778277.0,2126.0,2008.9796,1984.25,1892.9167,1700.375,3.6613,11.8519,23.0978,1.8572,12.7438,14.1489,-2.7897
20260428,2245.0,2280.0,2215.0,2215.0,57336004.0,2159.0,2026.1479,2004.0,1900.25,1706.75,-2.2075,8.0488,21.7033,1.2993,9.3207,10.5289,-4.9356
20260429,2175.0,2210.0,2165.0,2180.0,49147402.0,2185.0,2038.9689,2024.0,1907.5833,1712.5833,-1.5801,6.3415,22.4719,1.1101,6.9168,7.7075,-6.4378
20260430,2205.0,2215.0,2135.0,2135.0,59584011.0,2196.0,2046.9715,2042.75,1913.8333,1718.0833,-2.0642,2.6442,21.3068,1.371,4.3004,4.516,-8.3691
20260504,2200.0,2285.0,2195.0,2275.0,44458732.0,2214.0,2065.9739,2063.75,1922.25,1724.5,6.5574,4.119,22.6415,1.0254,10.1176,10.2362,-2.3605
20260505,2250.0,2270.0,2240.0,2250.0,26644983.0,2211.0,2081.3094,2085.75,1930.5,1730.7083,-1.0989,-0.6623,24.3094,0.6164,8.105,7.8749,-3.4335
20260506,2250.0,2285.0,2240.0,2250.0,38026963.0,2218.0,2095.367,2105.25,1938.3333,1736.9583,0.0,1.5801,20.9677,0.8617,7.3798,6.8757,-3.4335
20260507,2335.0,2345.0,2310.0,2310.0,41966283.0,2244.0,2113.253,2123.25,1946.5,1743.625,2.6667,5.9633,18.4615,0.9639,9.3101,8.7955,-1.4925
20260508,2300.0,2310.0,2265.0,2290.0,31730352.0,2275.0,2127.982,2140.0,1954.5833,1750.1667,-0.8658,7.26,17.1355,0.7324,7.6137,7.0093,-2.3454
20260511,2265.0,2275.0,2235.0,2235.0,46172626.0,2267.0,2136.9001,2151.75,1962.25,1756.625,-2.4017,-1.7582,11.75,1.0571,4.5908,3.8689,-4.6908
20260512,2235.0,2280.0,2210.0,2255.0,54239538.0,2268.0,2146.7418,2165.0,1970.4167,1763.2083,0.8949,0.2222,13.3166,1.2108,5.0429,4.157,-3.838
20260513,2205.0,2240.0,2205.0,2220.0,43727683.0,2262.0,2152.8466,2173.25,1977.4167,1769.5417,-1.5521,-1.3333,8.0292,0.9789,3.1193,2.1512,-5.3305
20260514,2250.0,2270.0,2230.0,2270.0,39564699.0,2254.0,2162.6094,2182.75,1985.5,1776.1667,2.2523,-1.7316,9.1346,0.8929,4.9658,3.9973,-3.1983
20260515,2310.0,2325.0,2250.0,2265.0,34360513.0,2249.0,2171.142,2191.75,1993.8333,1782.8333,-0.2203,-1.0917,8.6331,0.7769,4.323,3.3421,-3.4115
20260518,2225.0,2260.0,2215.0,2240.0,32966937.0,2250.0,2176.8801,2202.25,2001.5,1789.2083,-1.1038,0.2237,10.3448,0.7552,2.8996,1.7142,-4.4776
20260519,2220.0,2230.0,2205.0,2205.0,45585931.0,2240.0,2179.2235,2211.25,2008.0,1795.4167,-1.5625,-2.2173,8.8889,1.0266,1.1828,-0.2826,-5.9701
20260520,2205.0,2210.0,2185.0,2185.0,38332945.0,2233.0,2179.7048,2218.0,2013.0833,1801.7083,-0.907,-1.5766,6.5854,0.8534,0.2429,-1.4878,-6.823
20260521,2240.0,2255.0,2230.0,2230.0,24929331.0,2225.0,2183.8961,2227.0,2018.3333,1808.25,2.0595,-1.7621,8.7805,0.5565,2.1111,0.1347,-4.9041
20260522,2245.0,2260.0,2225.0,2255.0,26823133.0,2223.0,2189.8214,2235.75,2024.25,1815.3333,1.1211,-0.4415,8.4135,0.6182,2.9764,0.861,-3.838
20260525,2275.0,2310.0,2275.0,2310.0,28250944.0,2237.0,2199.8363,2242.0,2030.0,1822.9583,2.439,3.125,5.7208,0.6697,5.0078,3.033,-1.4925
20260526,2320.0,2325.0,2270.0,2270.0,32781470.0,2250.0,2205.6833,2242.25,2034.25,1829.75,-1.7316,2.9478,0.2208,0.823,2.916,1.2376,-3.1983
20260527,2310.0,2330.0,2290.0,2300.0,40272350.0,2273.0,2213.543,2246.5,2039.3333,1837.375,1.3216,5.2632,3.8375,1.0332,3.9058,2.3815,-1.919
20260528,2350.0,2360.0,2270.0,2295.0,42313277.0,2286.0,2220.3311,2252.25,2044.6667,1845.0417,-0.2174,2.9148,5.2752,1.0952,3.363,1.8981,-2.7542
20260529,2340.0,2375.0,2330.0,2355.0,104783831.0,2306.0,2231.5535,2263.25,2051.6667,1852.875,2.6144,4.4346,10.3044,2.5622,5.5319,4.0539,-0.8421
