# PRICE_WINDOW_136

columns=date,open,high,low,close,volume,ma5,ma20,ma60,ma120,ema23,return_1d,return_5d,return_20d,volume_ratio,distance_to_ma20_pct,distance_to_high_60_pct

PRICE_WINDOW_180_ROW_001=20251103,21.4,21.4,21.2,21.3,207310,,,,,,,,,,,

PRICE_WINDOW_180_ROW_002=20251104,21.2,21.4,21.15,21.2,232269,,,,,,-0.4695,,,,,

PRICE_WINDOW_180_ROW_003=20251105,21.3,21.3,20.75,21.1,459110,,,,,,-0.4717,,,,,

PRICE_WINDOW_180_ROW_004=20251106,21.25,21.4,21.0,21.4,215105,,,,,,1.4218,,,,,

PRICE_WINDOW_180_ROW_005=20251107,21.2,21.35,20.7,21.0,1217475,21.2,21.2,21.2,21.2,21.2622,-1.8692,,,2.6112,-0.9434,-1.8692

PRICE_WINDOW_180_ROW_006=20251110,21.0,21.05,20.7,20.95,597939,21.13,21.1583,21.1583,21.1583,21.2362,-0.2381,-1.6432,,1.2248,-0.9846,-2.1028

PRICE_WINDOW_180_ROW_007=20251111,20.95,21.0,20.8,20.9,348295,21.07,21.1214,21.1214,21.1214,21.2082,-0.2387,-1.4151,,0.7439,-1.0484,-2.3364

PRICE_WINDOW_180_ROW_008=20251112,21.0,21.05,20.8,20.95,560035,21.04,21.1,21.1,21.1,21.1867,0.2392,-0.7109,,1.1675,-0.7109,-2.1028

PRICE_WINDOW_180_ROW_009=20251113,21.0,21.0,20.75,20.75,355555,20.91,21.0611,21.0611,21.0611,21.1503,-0.9547,-3.0374,,0.7632,-1.4772,-3.0374

PRICE_WINDOW_180_ROW_010=20251114,20.75,20.75,20.2,20.5,1231586,20.81,21.005,21.005,21.005,21.0961,-1.2048,-2.381,,2.2703,-2.4042,-4.2056

PRICE_WINDOW_180_ROW_011=20251117,20.3,20.75,20.05,20.35,974145,20.69,20.9455,20.9455,20.9455,21.0339,-0.7317,-2.864,,1.6746,-2.8429,-4.9065

PRICE_WINDOW_180_ROW_012=20251118,20.2,20.2,19.8,20.1,799411,20.53,20.875,20.875,20.875,20.9561,-1.2285,-3.8278,,1.3327,-3.7126,-6.0748

PRICE_WINDOW_180_ROW_013=20251119,20.25,20.25,19.8,20.05,445744,20.35,20.8115,20.8115,20.8115,20.8806,-0.2488,-4.2959,,0.7581,-3.6592,-6.3084

PRICE_WINDOW_180_ROW_014=20251120,20.05,20.1,19.9,20.0,311067,20.2,20.7536,20.7536,20.7536,20.8072,-0.2494,-3.6145,,0.5474,-3.631,-6.5421

PRICE_WINDOW_180_ROW_015=20251121,20.0,20.05,19.75,20.05,455495,20.11,20.7067,20.7067,20.7067,20.7441,0.25,-2.1951,,0.8124,-3.1713,-6.3084

PRICE_WINDOW_180_ROW_016=20251124,20.05,20.5,19.85,20.5,603797,20.14,20.6938,20.6938,20.6938,20.7238,2.2444,0.7371,,1.0717,-0.9363,-4.2056

PRICE_WINDOW_180_ROW_017=20251125,20.4,20.45,20.25,20.25,200403,20.17,20.6676,20.6676,20.6676,20.6843,-1.2195,0.7463,,0.3697,-2.0208,-5.3738

PRICE_WINDOW_180_ROW_018=20251126,20.25,20.45,20.25,20.35,421004,20.23,20.65,20.65,20.65,20.6564,0.4938,1.4963,,0.7865,-1.4528,-4.9065

PRICE_WINDOW_180_ROW_019=20251127,20.25,20.4,20.25,20.4,399142,20.31,20.6368,20.6368,20.6368,20.6351,0.2457,2.0,,0.7557,-1.1477,-4.6729

PRICE_WINDOW_180_ROW_020=20251128,20.4,20.4,20.25,20.35,241677,20.37,20.6225,20.6225,20.6225,20.6113,-0.2451,1.4963,,0.4703,-1.3214,-4.9065

PRICE_WINDOW_180_ROW_021=20251201,20.25,20.5,20.15,20.3,285860,20.33,20.5725,20.6071,20.6071,20.5854,-0.2457,-0.9756,-4.6948,0.5521,-1.3246,-5.1402

PRICE_WINDOW_180_ROW_022=20251202,20.25,20.35,20.2,20.25,270744,20.33,20.525,20.5909,20.5909,20.5574,-0.2463,0.0,-4.4811,0.521,-1.3398,-5.3738

PRICE_WINDOW_180_ROW_023=20251203,20.4,20.75,20.4,20.55,278472,20.37,20.4975,20.5891,20.5891,20.5568,1.4815,0.9828,-2.6066,0.5453,0.2561,-3.972

PRICE_WINDOW_180_ROW_024=20251204,20.55,20.6,20.25,20.4,366317,20.37,20.4475,20.5812,20.5812,20.5437,-0.7299,0.0,-4.6729,0.7069,-0.2323,-4.6729

PRICE_WINDOW_180_ROW_025=20251205,20.35,20.35,20.05,20.2,542526,20.34,20.4075,20.566,20.566,20.5151,-0.9804,-0.7371,-3.8095,1.1199,-1.0168,-5.6075

PRICE_WINDOW_180_ROW_026=20251208,20.25,20.25,20.1,20.15,184806,20.31,20.3675,20.55,20.55,20.4847,-0.2475,-0.7389,-3.8186,0.3985,-1.0679,-5.8411

PRICE_WINDOW_180_ROW_027=20251209,20.1,20.2,20.05,20.15,138341,20.29,20.33,20.5352,20.5352,20.4568,0.0,-0.4938,-3.5885,0.3052,-0.8854,-5.8411

PRICE_WINDOW_180_ROW_028=20251210,20.15,20.2,20.0,20.1,299216,20.2,20.2875,20.5196,20.5196,20.427,-0.2481,-2.1898,-4.0573,0.6796,-0.9242,-6.0748

PRICE_WINDOW_180_ROW_029=20251211,19.95,20.05,19.8,20.05,1032726,20.13,20.2525,20.5034,20.5034,20.3956,-0.2488,-1.7157,-3.3735,2.1782,-0.9999,-6.3084

PRICE_WINDOW_180_ROW_030=20251212,20.2,20.55,20.2,20.3,466784,20.15,20.2425,20.4967,20.4967,20.3877,1.2469,0.495,-0.9756,1.0709,0.2841,-5.1402

PRICE_WINDOW_180_ROW_031=20251215,20.25,20.35,20.1,20.25,314993,20.17,20.2375,20.4887,20.4887,20.3762,-0.2463,0.4963,-0.4914,0.7818,0.0618,-5.3738

PRICE_WINDOW_180_ROW_032=20251216,20.05,20.25,19.95,20.2,434911,20.18,20.2425,20.4797,20.4797,20.3615,-0.2469,0.2481,0.4975,1.1305,-0.21,-5.6075

PRICE_WINDOW_180_ROW_033=20251217,20.3,20.5,20.15,20.25,530484,20.21,20.2525,20.4727,20.4727,20.3522,0.2475,0.7463,0.9975,1.3639,-0.0123,-5.3738

PRICE_WINDOW_180_ROW_034=20251218,20.45,20.65,20.25,20.6,599724,20.32,20.2825,20.4765,20.4765,20.3729,1.7284,2.7431,3.0,1.4868,1.5654,-3.7383

PRICE_WINDOW_180_ROW_035=20251219,20.4,20.85,20.4,20.7,464265,20.4,20.315,20.4829,20.4829,20.4001,0.4854,1.9704,3.2419,1.1497,1.8952,-3.271

PRICE_WINDOW_180_ROW_036=20251222,20.95,20.95,20.45,20.65,401302,20.48,20.3225,20.4875,20.4875,20.4209,-0.2415,1.9753,0.7317,1.0193,1.6115,-3.5047

PRICE_WINDOW_180_ROW_037=20251223,20.7,20.7,20.45,20.65,321768,20.57,20.3425,20.4919,20.4919,20.44,0.0,2.2277,1.9753,0.8049,1.5116,-3.5047

PRICE_WINDOW_180_ROW_038=20251224,20.65,20.9,20.5,20.9,512907,20.7,20.37,20.5026,20.5026,20.4784,1.2107,3.2099,2.7027,1.2685,2.6019,-2.3364

PRICE_WINDOW_180_ROW_039=20251226,20.85,20.85,20.55,20.8,364320,20.74,20.39,20.5103,20.5103,20.5052,-0.4785,0.9709,1.9608,0.9049,2.0108,-2.8037

PRICE_WINDOW_180_ROW_040=20251229,20.8,20.8,20.55,20.7,465661,20.74,20.4075,20.515,20.515,20.5214,-0.4808,0.0,1.7199,1.1253,1.4333,-3.271

PRICE_WINDOW_180_ROW_041=20251230,20.85,20.85,20.6,20.8,310712,20.77,20.4325,20.522,20.522,20.5446,0.4831,0.7264,2.4631,0.7486,1.7986,-2.8037

PRICE_WINDOW_180_ROW_042=20251231,20.8,20.85,20.65,20.8,222561,20.8,20.46,20.5286,20.5286,20.5659,0.0,0.7264,2.716,0.5394,1.6618,-2.8037

PRICE_WINDOW_180_ROW_043=20260102,20.85,21.0,20.65,20.8,398678,20.78,20.4725,20.5349,20.5349,20.5854,0.0,-0.4785,1.2165,0.9523,1.5997,-2.8037

PRICE_WINDOW_180_ROW_044=20260105,20.7,20.7,20.25,20.55,747666,20.73,20.48,20.5352,20.5352,20.5825,-1.2019,-1.2019,0.7353,1.7081,0.3418,-3.972

PRICE_WINDOW_180_ROW_045=20260106,20.55,20.6,20.3,20.45,353019,20.68,20.4925,20.5333,20.5333,20.5714,-0.4866,-1.2077,1.2376,0.8243,-0.2074,-4.4393

PRICE_WINDOW_180_ROW_046=20260107,20.45,20.5,20.3,20.35,299683,20.59,20.5025,20.5293,20.5293,20.553,-0.489,-2.1635,0.9926,0.6905,-0.7438,-4.9065

PRICE_WINDOW_180_ROW_047=20260108,20.35,20.5,20.25,20.45,301644,20.52,20.5175,20.5277,20.5277,20.5444,0.4914,-1.6827,1.4888,0.6822,-0.329,-4.4393

PRICE_WINDOW_180_ROW_048=20260109,20.4,20.45,20.2,20.45,718871,20.45,20.535,20.526,20.526,20.5365,0.0,-1.6827,1.7413,1.5522,-0.4139,-4.4393

PRICE_WINDOW_180_ROW_049=20260112,20.45,20.45,20.05,20.35,1033259,20.41,20.55,20.5224,20.5224,20.521,-0.489,-0.9732,1.4963,2.2309,-0.9732,-4.9065

PRICE_WINDOW_180_ROW_050=20260113,20.25,20.25,20.0,20.15,690460,20.35,20.5425,20.515,20.515,20.4901,-0.9828,-1.467,-0.7389,1.4556,-1.9107,-5.8411

PRICE_WINDOW_180_ROW_051=20260114,20.15,20.35,20.15,20.35,399409,20.35,20.5475,20.5118,20.5118,20.4784,0.9926,0.0,0.4938,0.8346,-0.9612,-4.9065

PRICE_WINDOW_180_ROW_052=20260115,20.35,20.45,20.2,20.4,629164,20.34,20.5575,20.5096,20.5096,20.4719,0.2457,-0.2445,0.9901,1.2885,-0.7661,-4.6729

PRICE_WINDOW_180_ROW_053=20260116,20.35,20.35,20.1,20.3,689038,20.31,20.56,20.5057,20.5057,20.4575,-0.4902,-0.7335,0.2469,1.3886,-1.2646,-5.1402

PRICE_WINDOW_180_ROW_054=20260119,20.1,20.35,20.0,20.3,476276,20.3,20.545,20.5019,20.5019,20.4444,0.0,-0.2457,-1.4563,0.9719,-1.1925,-5.1402

PRICE_WINDOW_180_ROW_055=20260120,20.15,20.3,20.0,20.0,474646,20.27,20.51,20.4927,20.4927,20.4074,-1.4778,-0.7444,-3.3816,0.9676,-2.4866,-6.5421

PRICE_WINDOW_180_ROW_056=20260121,20.0,20.05,19.85,19.85,701307,20.17,20.47,20.4812,20.4812,20.3609,-0.75,-2.457,-3.8741,1.3872,-3.0288,-7.243

PRICE_WINDOW_180_ROW_057=20260122,20.0,20.1,19.9,20.1,256740,20.11,20.4425,20.4746,20.4746,20.3392,1.2594,-1.4706,-2.6634,0.5111,-1.6754,-6.0748

PRICE_WINDOW_180_ROW_058=20260123,20.0,20.2,19.95,20.15,436049,20.08,20.405,20.469,20.469,20.3234,0.2488,-0.7389,-3.5885,0.8748,-1.2497,-5.8411

PRICE_WINDOW_180_ROW_059=20260126,20.15,20.2,19.9,20.15,435642,20.05,20.3725,20.4636,20.4636,20.309,0.0,-0.7389,-3.125,0.8678,-1.0922,-5.8411

PRICE_WINDOW_180_ROW_060=20260127,20.15,20.2,19.9,20.2,438520,20.09,20.3475,20.4592,20.4592,20.2999,0.2481,1.0,-2.4155,0.8759,-0.7249,-5.6075

PRICE_WINDOW_180_ROW_061=20260128,20.15,20.15,19.9,20.15,592072,20.15,20.315,20.44,20.4541,20.2874,-0.2475,1.5113,-3.125,1.1502,-0.8122,-5.8411

PRICE_WINDOW_180_ROW_062=20260129,20.05,20.15,19.95,20.15,383943,20.16,20.2825,20.4225,20.4492,20.2759,0.0,0.2488,-3.125,0.7344,-0.6533,-5.8411

PRICE_WINDOW_180_ROW_063=20260130,20.1,20.15,19.85,20.05,671056,20.14,20.245,20.405,20.4429,20.2571,-0.4963,-0.4963,-3.6058,1.251,-0.9632,-6.3084

PRICE_WINDOW_180_ROW_064=20260202,19.85,20.15,19.7,19.9,629544,20.09,20.2125,20.38,20.4344,20.2274,-0.7481,-1.2407,-3.163,1.1867,-1.5461,-6.7916

PRICE_WINDOW_180_ROW_065=20260203,19.9,19.95,19.6,19.85,991041,20.02,20.1825,20.3608,20.4254,20.1959,-0.2513,-1.7327,-2.934,1.7621,-1.6475,-5.7007

PRICE_WINDOW_180_ROW_066=20260204,19.85,20.0,19.8,20.0,143902,19.99,20.165,20.345,20.4189,20.1796,0.7557,-0.7444,-1.7199,0.2595,-0.8182,-4.9881

PRICE_WINDOW_180_ROW_067=20260205,20.1,20.3,20.0,20.2,420804,20.0,20.1525,20.3333,20.4157,20.1813,1.0,0.2481,-1.2225,0.7506,0.2357,-4.038

PRICE_WINDOW_180_ROW_068=20260206,20.0,20.15,19.75,20.1,357875,20.01,20.135,20.3192,20.411,20.1745,-0.495,0.2494,-1.7115,0.6596,-0.1738,-4.2857

PRICE_WINDOW_180_ROW_069=20260209,20.1,20.2,19.8,19.8,954408,19.99,20.1075,20.3033,20.4022,20.1433,-1.4925,-0.5025,-2.7027,1.772,-1.5293,-5.7143

PRICE_WINDOW_180_ROW_070=20260210,19.85,20.0,19.65,20.0,824370,20.02,20.1,20.295,20.3964,20.1314,1.0101,0.7557,-0.7444,1.5118,-0.4975,-4.7619

PRICE_WINDOW_180_ROW_071=20260211,20.0,20.0,19.6,19.8,1177847,19.98,20.0725,20.2858,20.388,20.1037,-1.0,-1.0,-2.7027,2.0161,-1.3576,-5.7143

PRICE_WINDOW_180_ROW_072=20260223,19.9,20.0,19.65,20.0,534525,19.94,20.0525,20.2842,20.3826,20.0951,1.0101,-0.9901,-1.9608,0.9224,-0.2618,-4.7619

PRICE_WINDOW_180_ROW_073=20260224,20.0,20.1,19.75,19.85,609142,19.89,20.03,20.2808,20.3753,20.0747,-0.75,-1.2438,-2.2167,1.0585,-0.8987,-5.4762

PRICE_WINDOW_180_ROW_074=20260225,19.95,20.05,19.75,20.05,431947,19.94,20.0175,20.2817,20.3709,20.0726,1.0076,1.2626,-1.2315,0.7535,0.1624,-4.5238

PRICE_WINDOW_180_ROW_075=20260226,20.05,20.1,19.9,19.95,419211,19.93,20.015,20.28,20.3653,20.0624,-0.4988,-0.25,-0.25,0.7348,-0.3248,-5.0

PRICE_WINDOW_180_ROW_076=20260302,20.15,20.15,19.8,20.1,296159,19.99,20.0275,20.2733,20.3618,20.0655,0.7519,1.5152,1.2594,0.5382,0.362,-4.2857

PRICE_WINDOW_180_ROW_077=20260303,19.9,20.05,19.75,20.0,280155,19.99,20.0225,20.2692,20.3571,20.0601,-0.4975,0.0,-0.4975,0.5081,-0.1124,-4.7619

PRICE_WINDOW_180_ROW_078=20260304,19.85,19.85,18.95,19.4,1161782,19.9,19.985,20.2533,20.3449,20.0051,-3.0,-2.267,-3.7221,1.9768,-2.9272,-7.619

PRICE_WINDOW_180_ROW_079=20260305,19.6,20.0,19.6,20.0,659436,19.89,19.9775,20.2467,20.3405,20.0046,3.0928,-0.2494,-0.7444,1.1011,0.1126,-4.7619

PRICE_WINDOW_180_ROW_080=20260306,20.0,20.2,19.8,20.0,716162,19.9,19.9675,20.2408,20.3362,20.0043,0.0,0.2506,-0.9901,1.1687,0.1628,-4.7619

PRICE_WINDOW_180_ROW_081=20260309,19.8,19.95,19.4,19.9,823934,19.86,19.955,20.2342,20.3309,19.9956,-0.5,-0.995,-1.2407,1.3196,-0.2756,-5.2381

PRICE_WINDOW_180_ROW_082=20260310,20.0,20.05,19.9,20.05,347520,19.87,19.95,20.2308,20.3274,20.0001,0.7538,0.25,-0.4963,0.5582,0.5013,-4.5238

PRICE_WINDOW_180_ROW_083=20260311,19.9,20.3,19.9,20.3,679141,20.05,19.9625,20.2267,20.3271,20.0251,1.2469,4.6392,1.2469,1.0902,1.6907,-3.3333

PRICE_WINDOW_180_ROW_084=20260312,20.0,20.45,20.0,20.25,555489,20.1,19.98,20.2242,20.3262,20.0438,-0.2463,1.25,1.7588,0.897,1.3514,-3.5714

PRICE_WINDOW_180_ROW_085=20260313,20.05,20.2,20.0,20.2,593801,20.14,19.9975,20.2242,20.3247,20.0569,-0.2469,1.0,1.7632,0.9907,1.0126,-3.8095

PRICE_WINDOW_180_ROW_086=20260316,20.05,20.2,20.05,20.2,394362,20.2,20.0075,20.225,20.3233,20.0688,0.0,1.5075,1.0,0.6445,0.9621,-3.8095

PRICE_WINDOW_180_ROW_087=20260317,20.05,20.25,20.05,20.25,354207,20.24,20.01,20.2267,20.3224,20.0839,0.2475,0.9975,0.2475,0.582,1.1994,-3.5714

PRICE_WINDOW_180_ROW_088=20260318,20.2,20.3,20.15,20.2,290630,20.22,20.015,20.2283,20.321,20.0936,-0.2469,-0.4926,0.4975,0.4802,0.9243,-3.8095

PRICE_WINDOW_180_ROW_089=20260319,20.1,20.15,19.9,20.0,769282,20.17,20.025,20.2275,20.3174,20.0858,-0.9901,-1.2346,1.0101,1.2908,-0.1248,-4.7619

PRICE_WINDOW_180_ROW_090=20260320,20.0,20.15,19.85,19.9,642427,20.11,20.02,20.2208,20.3128,20.0703,-0.5,-1.4851,-0.5,1.0947,-0.5994,-5.2381

PRICE_WINDOW_180_ROW_091=20260323,19.65,19.7,19.35,19.7,810033,20.01,20.015,20.2117,20.306,20.0394,-1.005,-2.4752,-0.5051,1.4249,-1.5738,-6.1905

PRICE_WINDOW_180_ROW_092=20260324,19.75,20.0,19.65,20.0,340699,19.96,20.015,20.2083,20.3027,20.0361,1.5228,-1.2346,0.0,0.6097,-0.0749,-4.7619

PRICE_WINDOW_180_ROW_093=20260325,20.1,20.25,19.9,20.25,729109,19.97,20.035,20.2083,20.3022,20.054,1.25,0.2475,2.0151,1.291,1.0731,-3.5714

PRICE_WINDOW_180_ROW_094=20260326,20.25,20.3,20.0,20.05,608207,19.98,20.035,20.1992,20.2995,20.0536,-0.9877,0.25,0.0,1.0604,0.0749,-4.5238

PRICE_WINDOW_180_ROW_095=20260327,19.9,20.05,19.85,19.85,1230920,19.97,20.03,20.185,20.2947,20.0367,-0.9975,-0.2513,-0.5013,2.0042,-0.8987,-5.4762

PRICE_WINDOW_180_ROW_096=20260330,19.75,20.0,19.7,19.8,281904,19.99,20.015,20.1708,20.2896,20.0169,-0.2519,0.5076,-1.4925,0.4595,-1.0742,-5.7143

PRICE_WINDOW_180_ROW_097=20260331,19.7,19.95,19.6,19.85,527453,19.96,20.0075,20.1575,20.2851,20.003,0.2525,-0.75,-0.75,0.8428,-0.7872,-5.4762

PRICE_WINDOW_180_ROW_098=20260401,19.8,19.85,19.7,19.8,437773,19.87,20.0275,20.1392,20.2801,19.9861,-0.2519,-2.2222,2.0619,0.7425,-1.1359,-5.7143

PRICE_WINDOW_180_ROW_099=20260402,19.8,19.9,19.65,19.75,236637,19.81,20.015,20.1217,20.2747,19.9664,-0.2525,-1.4963,-1.25,0.4163,-1.324,-5.9524

PRICE_WINDOW_180_ROW_100=20260407,19.8,19.8,19.6,19.6,422007,19.76,19.995,20.1033,20.268,19.9359,-0.7595,-1.2594,-2.0,0.7621,-1.9755,-6.6667

PRICE_WINDOW_180_ROW_101=20260408,19.8,19.9,19.7,19.9,257010,19.78,19.995,20.0883,20.2644,19.9329,1.5306,0.5051,0.0,0.4891,-0.4751,-5.2381

PRICE_WINDOW_180_ROW_102=20260409,20.0,20.0,19.7,19.95,302346,19.8,19.99,20.0742,20.2613,19.9343,0.2513,0.5038,-0.4988,0.5779,-0.2001,-5.0

PRICE_WINDOW_180_ROW_103=20260410,19.95,19.95,19.75,19.8,307379,19.8,19.965,20.0575,20.2568,19.9231,-0.7519,0.0,-2.4631,0.6092,-0.8264,-4.3478

PRICE_WINDOW_180_ROW_104=20260413,19.85,19.9,19.7,19.9,154891,19.83,19.9475,20.0467,20.2534,19.9212,0.5051,0.7595,-1.7284,0.3197,-0.2381,-3.3981

PRICE_WINDOW_180_ROW_105=20260414,19.95,20.0,19.7,19.9,420003,19.89,19.9325,20.0375,20.25,19.9194,0.0,1.5306,-1.4851,0.8826,-0.1631,-2.9268

PRICE_WINDOW_180_ROW_106=20260415,19.95,19.95,19.7,19.8,455531,19.87,19.9125,20.0283,20.2458,19.9095,-0.5025,-0.5025,-1.9802,0.9512,-0.565,-3.4146

PRICE_WINDOW_180_ROW_107=20260416,19.85,19.95,19.7,19.9,266042,19.86,19.895,20.0192,20.2425,19.9087,0.5051,-0.2506,-1.7284,0.5607,0.0251,-2.6895

PRICE_WINDOW_180_ROW_108=20260417,19.9,19.9,19.7,19.9,372603,19.88,19.88,20.01,20.2394,19.908,0.0,0.5051,-1.4851,0.7785,0.1006,-2.6895

PRICE_WINDOW_180_ROW_109=20260420,19.9,19.9,19.5,19.7,842471,19.84,19.865,19.9992,20.2344,19.8906,-1.005,-1.005,-1.5,1.7469,-0.8306,-3.6675

PRICE_WINDOW_180_ROW_110=20260421,19.75,19.75,19.45,19.7,361768,19.8,19.855,19.9917,20.2295,19.8748,0.0,-1.005,-1.005,0.7726,-0.7807,-3.6675

PRICE_WINDOW_180_ROW_111=20260422,19.65,19.75,19.5,19.65,724435,19.77,19.8525,19.98,20.2243,19.856,-0.2538,-0.7576,-0.2538,1.5614,-1.02,-3.912

PRICE_WINDOW_180_ROW_112=20260423,19.55,19.6,19.2,19.2,1062157,19.63,19.8125,19.96,20.2152,19.8014,-2.2901,-3.5176,-4.0,2.1242,-3.0915,-6.1125

PRICE_WINDOW_180_ROW_113=20260424,19.2,19.4,19.0,19.4,604518,19.53,19.77,19.945,20.208,19.7679,1.0417,-2.5126,-4.1975,1.2242,-1.8715,-5.1345

PRICE_WINDOW_180_ROW_114=20260427,19.35,19.4,19.0,19.4,794337,19.47,19.7375,19.93,20.2009,19.7373,0.0,-1.5228,-3.2419,1.5789,-1.7099,-5.1345

PRICE_WINDOW_180_ROW_115=20260428,19.4,19.4,19.0,19.0,704973,19.33,19.695,19.9133,20.1904,19.6758,-2.0619,-3.5533,-4.2821,1.4785,-3.5288,-7.0905

PRICE_WINDOW_180_ROW_116=20260429,19.1,19.25,18.95,19.25,441237,19.25,19.6675,19.9033,20.1823,19.6403,1.3158,-2.0356,-2.7778,0.9102,-2.1228,-5.868

PRICE_WINDOW_180_ROW_117=20260430,19.2,19.25,18.9,19.05,564157,19.22,19.6275,19.8858,20.1726,19.5911,-1.039,-0.7812,-4.0302,1.1594,-2.9423,-6.846

PRICE_WINDOW_180_ROW_118=20260504,19.05,19.05,18.6,18.9,1174867,19.12,19.5825,19.865,20.1619,19.5335,-0.7874,-2.5773,-4.5455,2.2444,-3.4853,-7.5795

PRICE_WINDOW_180_ROW_119=20260505,18.75,18.8,18.6,18.75,798659,18.99,19.5325,19.8417,20.15,19.4682,-0.7937,-3.3505,-5.0633,1.448,-4.0061,-8.313

PRICE_WINDOW_180_ROW_120=20260506,18.75,18.85,18.65,18.8,537529,18.95,19.4925,19.8183,20.1388,19.4126,0.2667,-1.0526,-4.0816,0.9644,-3.5526,-8.0685

PRICE_WINDOW_180_ROW_121=20260507,18.7,18.95,18.65,18.9,533201,18.88,19.4425,19.7975,20.1188,19.3698,0.5319,-1.8182,-5.0251,0.9335,-2.7903,-7.5795

PRICE_WINDOW_180_ROW_122=20260508,18.85,18.9,18.5,18.75,1161520,18.82,19.3825,19.7742,20.0983,19.3182,-0.7937,-1.5748,-6.015,1.8914,-3.2633,-8.313

PRICE_WINDOW_180_ROW_123=20260511,18.9,19.15,18.65,18.75,1185650,18.79,19.33,19.7525,20.0788,19.2708,0.0,-0.7937,-5.303,1.8018,-3.0005,-8.313

PRICE_WINDOW_180_ROW_124=20260512,18.75,18.8,18.5,18.8,1064090,18.8,19.275,19.7342,20.0571,19.2316,0.2667,0.2667,-5.5276,1.5126,-2.4643,-8.0685

PRICE_WINDOW_180_ROW_125=20260513,18.75,18.75,18.4,18.45,918480,18.73,19.2025,19.7108,20.0358,19.1665,-1.8617,-1.8617,-7.2864,1.2609,-3.9188,-9.78

PRICE_WINDOW_180_ROW_126=20260514,18.4,18.45,17.8,17.8,1550417,18.51,19.1025,19.6742,20.0096,19.0526,-3.523,-5.8201,-10.101,1.9797,-6.8185,-12.9584

PRICE_WINDOW_180_ROW_127=20260515,17.9,18.25,17.6,17.75,894502,18.31,18.995,19.6333,19.9833,18.944,-0.2809,-5.3333,-10.804,1.0981,-6.5544,-13.2029

PRICE_WINDOW_180_ROW_128=20260518,17.75,17.75,17.35,17.45,594407,18.05,18.8725,19.5892,19.9542,18.8195,-1.6901,-6.9333,-12.3116,0.7199,-7.5374,-14.6699

PRICE_WINDOW_180_ROW_129=20260519,17.45,17.65,17.4,17.5,474412,17.79,18.7625,19.5508,19.9271,18.7096,0.2865,-6.9149,-11.1675,0.5877,-6.7288,-14.4254

PRICE_WINDOW_180_ROW_130=20260520,17.5,17.8,17.3,17.8,332099,17.66,18.6675,19.5142,19.9046,18.6338,1.7143,-3.523,-9.6447,0.4121,-4.6471,-12.9584

PRICE_WINDOW_180_ROW_131=20260521,17.8,18.35,17.7,17.9,555641,17.68,18.58,19.4825,19.8842,18.5726,0.5618,0.5618,-8.9059,0.6969,-3.6598,-12.4694

PRICE_WINDOW_180_ROW_132=20260522,17.85,18.1,17.75,18.1,384291,17.75,18.525,19.4508,19.8675,18.5332,1.1173,1.9718,-5.7292,0.5034,-2.2942,-11.4914

PRICE_WINDOW_180_ROW_133=20260523,17.85,18.1,17.75,18.1,384291,17.88,18.46,19.4217,19.8512,18.4971,0.0,3.7249,-6.701,0.5107,-1.9502,-11.4914

PRICE_WINDOW_180_ROW_134=20260524,17.85,18.1,17.75,18.1,384291,18.0,18.395,19.3892,19.8354,18.464,0.0,3.4286,-6.701,0.525,-1.6037,-11.4914

PRICE_WINDOW_180_ROW_135=20260525,18.0,18.1,17.6,17.7,924217,17.98,18.33,19.3517,19.8158,18.4004,-2.2099,-0.5618,-6.8421,1.2441,-3.437,-13.4474

PRICE_WINDOW_180_ROW_136=20260526,17.85,18.1,17.75,18.1,384291,18.02,18.2725,19.3183,19.7958,18.3753,2.2599,1.1173,-5.974,0.5193,-0.944,-11.4914
