# PRICE_WINDOW_137

columns=date,open,high,low,close,volume,ma5,ema23,ma20,ma60,ma120,return_1d,return_5d,return_20d,volume_ratio,distance_to_ema23_pct,distance_to_ma20_pct,distance_to_high_60_pct

PRICE_WINDOW_180_ROW_001=20251103,36.85,36.9,36.8,36.85,37523,,,,,,,,,,,,

PRICE_WINDOW_180_ROW_002=20251104,36.75,36.75,36.3,36.4,161664,,,,,,-1.2212,,,,,,

PRICE_WINDOW_180_ROW_003=20251105,37.3,38.15,37.0,37.85,282551,,,,,,3.9835,,,,,,

PRICE_WINDOW_180_ROW_004=20251106,37.6,38.9,37.6,37.65,286783,,,,,,-0.5284,,,,,,

PRICE_WINDOW_180_ROW_005=20251107,37.55,37.55,37.2,37.25,79583,37.2,36.9856,37.2,37.2,37.2,-1.0624,,,0.4692,0.7149,0.1344,-4.2416

PRICE_WINDOW_180_ROW_006=20251110,37.35,37.35,37.0,37.0,72151,37.23,36.9868,37.1667,37.1667,37.1667,-0.6711,0.4071,,0.4704,0.0357,-0.4484,-4.8843

PRICE_WINDOW_180_ROW_007=20251111,36.85,36.95,36.55,36.7,202995,37.29,36.9629,37.1,37.1,37.1,-0.8108,0.8242,,1.265,-0.7112,-1.0782,-5.6555

PRICE_WINDOW_180_ROW_008=20251112,37.0,37.05,36.75,36.75,88054,37.07,36.9451,37.0562,37.0562,37.0562,0.1362,-2.9062,,0.5815,-0.5282,-0.8264,-5.527

PRICE_WINDOW_180_ROW_009=20251113,37.0,37.0,36.45,36.8,126682,36.9,36.933,37.0278,37.0278,37.0278,0.1361,-2.2576,,0.8521,-0.3602,-0.6152,-5.3985

PRICE_WINDOW_180_ROW_010=20251114,36.9,37.7,36.8,36.8,130805,36.81,36.922,37.005,37.005,37.005,0.0,-1.2081,,0.8906,-0.3303,-0.554,-5.3985

PRICE_WINDOW_180_ROW_011=20251117,36.8,36.8,36.35,36.4,114168,36.69,36.8785,36.95,36.95,36.95,-1.087,-1.6216,,0.7934,-1.2974,-1.4885,-6.4267

PRICE_WINDOW_180_ROW_012=20251118,36.0,36.4,35.4,35.6,206658,36.47,36.7719,36.8375,36.8375,36.8375,-2.1978,-2.9973,,1.3857,-3.187,-3.3593,-8.4833

PRICE_WINDOW_180_ROW_013=20251119,35.6,35.6,34.95,35.0,153023,36.12,36.6243,36.6962,36.6962,36.6962,-1.6854,-4.7619,,1.024,-4.4349,-4.6222,-10.0257

PRICE_WINDOW_180_ROW_014=20251120,35.05,35.45,35.05,35.45,77596,35.85,36.5264,36.6071,36.6071,36.6071,1.2857,-3.6685,,0.5377,-2.9469,-3.161,-8.8689

PRICE_WINDOW_180_ROW_015=20251121,35.35,35.7,35.05,35.2,63317,35.53,36.4159,36.5133,36.5133,36.5133,-0.7052,-4.3478,,0.4558,-3.3389,-3.5969,-9.5116

PRICE_WINDOW_180_ROW_016=20251124,35.2,35.5,35.2,35.3,20250,35.31,36.3229,36.4375,36.4375,36.4375,0.2841,-3.022,,0.154,-2.8161,-3.1218,-9.2545

PRICE_WINDOW_180_ROW_017=20251125,35.35,35.75,35.25,35.6,33676,35.31,36.2626,36.3882,36.3882,36.3882,0.8499,0.0,,0.2678,-1.8274,-2.1662,-8.4833

PRICE_WINDOW_180_ROW_018=20251126,35.9,36.2,35.5,36.2,74329,35.55,36.2574,36.3778,36.3778,36.3778,1.6854,3.4286,,0.6049,-0.1584,-0.4887,-6.9409

PRICE_WINDOW_180_ROW_019=20251127,36.4,36.4,35.8,36.3,37299,35.72,36.261,36.3737,36.3737,36.3737,0.2762,2.3977,,0.3151,0.1076,-0.2026,-6.6838

PRICE_WINDOW_180_ROW_020=20251128,36.3,36.7,36.3,36.55,48725,35.99,36.2851,36.3825,36.3825,36.3825,0.6887,3.8352,,0.4241,0.7302,0.4604,-6.0411

PRICE_WINDOW_180_ROW_021=20251201,36.95,36.95,35.85,35.95,24847,36.12,36.2571,36.3375,36.3619,36.3619,-1.6416,1.8414,-2.4423,0.2175,-0.8471,-1.0664,-7.5835

PRICE_WINDOW_180_ROW_022=20251202,36.25,36.25,35.25,35.25,136715,36.05,36.1732,36.28,36.3114,36.3114,-1.9471,-0.9831,-3.1593,1.2098,-2.5522,-2.839,-9.383

PRICE_WINDOW_180_ROW_023=20251203,35.3,35.75,35.3,35.55,62503,35.92,36.1213,36.165,36.2783,36.2783,0.8511,-1.7956,-6.0766,0.6127,-1.5815,-1.7005,-8.6118

PRICE_WINDOW_180_ROW_024=20251204,35.7,35.7,35.3,35.55,13516,35.77,36.0737,36.06,36.2479,36.2479,0.0,-2.0661,-5.5777,0.153,-1.4517,-1.4143,-8.6118

PRICE_WINDOW_180_ROW_025=20251205,36.1,36.1,35.6,35.7,11725,35.6,36.0425,35.9825,36.226,36.226,0.4219,-2.3256,-4.1611,0.138,-0.9503,-0.7851,-8.2262

PRICE_WINDOW_180_ROW_026=20251208,35.55,36.0,35.15,35.5,62245,35.51,35.9973,35.9075,36.1981,36.1981,-0.5602,-1.2517,-4.0541,0.737,-1.3815,-1.1349,-8.7404

PRICE_WINDOW_180_ROW_027=20251209,35.5,35.7,35.35,35.55,20718,35.57,35.96,35.85,36.1741,36.1741,0.1408,0.8511,-3.1335,0.275,-1.1403,-0.8368,-8.6118

PRICE_WINDOW_180_ROW_028=20251210,35.6,35.65,35.45,35.45,19213,35.55,35.9175,35.785,36.1482,36.1482,-0.2813,-0.2813,-3.5374,0.2672,-1.3017,-0.9361,-8.8689

PRICE_WINDOW_180_ROW_029=20251211,35.5,35.6,35.15,35.15,62932,35.47,35.8536,35.7025,36.1138,36.1138,-0.8463,-1.1252,-4.4837,0.9159,-1.9624,-1.5475,-9.6401

PRICE_WINDOW_180_ROW_030=20251212,35.4,35.8,35.25,35.6,45227,35.45,35.8324,35.6425,36.0967,36.0967,1.2802,-0.2801,-3.2609,0.7019,-0.6487,-0.1192,-8.4833

PRICE_WINDOW_180_ROW_031=20251215,35.1,35.7,35.05,35.35,27238,35.42,35.7922,35.59,36.0726,36.0726,-0.7022,-0.4225,-2.8846,0.4533,-1.2356,-0.6743,-9.126

PRICE_WINDOW_180_ROW_032=20251216,35.5,35.6,35.2,35.35,66240,35.38,35.7554,35.5775,36.05,36.05,0.0,-0.5626,-0.7022,1.2482,-1.1338,-0.6394,-9.126

PRICE_WINDOW_180_ROW_033=20251217,35.3,35.9,35.3,35.6,10200,35.41,35.7424,35.6075,36.0364,36.0364,0.7072,0.4231,1.7143,0.2221,-0.3985,-0.0211,-8.4833

PRICE_WINDOW_180_ROW_034=20251218,35.9,35.9,35.5,35.65,21226,35.51,35.7347,35.6175,36.025,36.025,0.1404,1.4225,0.5642,0.4924,-0.2371,0.0912,-8.3548

PRICE_WINDOW_180_ROW_035=20251219,35.75,36.05,35.65,35.9,83338,35.57,35.7485,35.6525,36.0214,36.0214,0.7013,0.8427,1.9886,1.8894,0.4238,0.6942,-7.7121

PRICE_WINDOW_180_ROW_036=20251222,35.45,36.1,35.45,35.95,54337,35.69,35.7653,35.685,36.0194,36.0194,0.1393,1.6973,1.8414,1.1861,0.5164,0.7426,-7.5835

PRICE_WINDOW_180_ROW_037=20251223,35.65,35.95,35.6,35.6,22061,35.74,35.7515,35.685,36.0081,36.0081,-0.9736,0.7072,0.0,0.4877,-0.4238,-0.2382,-8.4833

PRICE_WINDOW_180_ROW_038=20251224,35.65,35.9,35.3,35.5,26113,35.72,35.7306,35.65,35.9947,35.9947,-0.2809,-0.2809,-1.9337,0.6098,-0.6453,-0.4208,-8.7404

PRICE_WINDOW_180_ROW_039=20251226,35.4,35.8,35.4,35.5,31781,35.69,35.7114,35.61,35.9821,35.9821,0.0,-0.4208,-2.2039,0.747,-0.5918,-0.3089,-8.7404

PRICE_WINDOW_180_ROW_040=20251229,35.8,36.05,35.7,35.9,33648,35.69,35.7271,35.5775,35.98,35.98,1.1268,0.0,-1.7784,0.8051,0.484,0.9065,-7.7121

PRICE_WINDOW_180_ROW_041=20251230,35.7,36.0,35.7,36.0,13064,35.7,35.7498,35.58,35.9805,35.9805,0.2786,0.1391,0.1391,0.3171,0.6998,1.1804,-7.455

PRICE_WINDOW_180_ROW_042=20251231,35.7,36.2,35.7,35.95,39621,35.77,35.7665,35.615,35.9798,35.9798,-0.1389,0.9831,1.9858,1.0901,0.5131,0.9406,-7.5835

PRICE_WINDOW_180_ROW_043=20260102,36.15,36.6,36.05,36.15,70816,35.9,35.7985,35.645,35.9837,35.9837,0.5563,1.831,1.6878,1.9263,0.982,1.4167,-7.0694

PRICE_WINDOW_180_ROW_044=20260105,36.15,36.15,35.4,35.7,87613,35.94,35.7903,35.6525,35.9773,35.9773,-1.2448,0.5634,0.4219,2.165,-0.2522,0.1332,-8.2262

PRICE_WINDOW_180_ROW_045=20260106,36.0,36.0,35.2,35.2,82218,35.8,35.7411,35.6275,35.96,35.96,-1.4006,-1.9499,-1.4006,1.8689,-1.5138,-1.1999,-9.5116

PRICE_WINDOW_180_ROW_046=20260107,35.2,35.3,34.8,35.1,70636,35.62,35.6876,35.6075,35.9413,35.9413,-0.2841,-2.5,-1.1268,1.5905,-1.6466,-1.4253,-9.7686

PRICE_WINDOW_180_ROW_047=20260108,35.1,35.5,35.1,35.3,29876,35.49,35.6553,35.595,35.9277,35.9277,0.5698,-1.8081,-0.7032,0.6658,-0.9966,-0.8288,-9.2545

PRICE_WINDOW_180_ROW_048=20260109,35.05,35.5,35.0,35.2,54566,35.3,35.6174,35.5825,35.9125,35.9125,-0.2833,-2.6279,-0.7052,1.17,-1.1719,-1.075,-9.5116

PRICE_WINDOW_180_ROW_049=20260112,35.3,35.35,35.05,35.05,49095,35.17,35.5701,35.5775,35.8949,35.8949,-0.4261,-1.8207,-0.2845,1.0685,-1.4622,-1.4827,-9.8972

PRICE_WINDOW_180_ROW_050=20260113,35.05,35.2,34.9,34.9,130541,35.11,35.5143,35.5425,35.875,35.875,-0.428,-0.8523,-1.9663,2.5998,-1.7296,-1.8077,-10.2828

PRICE_WINDOW_180_ROW_051=20260114,35.0,35.2,34.9,34.95,72011,35.08,35.4672,35.5225,35.8569,35.8569,0.1433,-0.4274,-1.1315,1.3729,-1.4584,-1.6117,-10.1542

PRICE_WINDOW_180_ROW_052=20260115,35.0,35.1,34.85,34.85,69742,34.99,35.4158,35.4975,35.8375,35.8375,-0.2861,-1.2748,-1.4144,1.3253,-1.5976,-1.8241,-10.4113

PRICE_WINDOW_180_ROW_053=20260116,34.95,34.95,34.65,34.65,155030,34.88,35.352,35.45,35.8151,35.8151,-0.5739,-1.5625,-2.6685,2.5896,-1.9857,-2.2567,-10.9254

PRICE_WINDOW_180_ROW_054=20260119,34.6,34.8,34.35,34.45,199102,34.76,35.2768,35.39,35.7898,35.7898,-0.5772,-1.7118,-3.3661,2.8956,-2.3438,-2.6561,-11.4396

PRICE_WINDOW_180_ROW_055=20260120,34.35,34.45,34.1,34.1,180935,34.6,35.1788,35.3,35.7591,35.7591,-1.016,-2.2923,-5.0139,2.457,-3.0665,-3.3994,-12.3393

PRICE_WINDOW_180_ROW_056=20260121,34.1,34.1,33.6,33.65,148605,34.34,35.0514,35.185,35.7214,35.7214,-1.3196,-3.7196,-6.3978,1.8966,-3.998,-4.3627,-13.4961

PRICE_WINDOW_180_ROW_057=20260122,33.65,34.55,33.5,34.3,189135,34.23,34.9887,35.12,35.6965,35.6965,1.9316,-1.5782,-3.6517,2.1813,-1.9685,-2.3349,-11.8252

PRICE_WINDOW_180_ROW_058=20260123,34.5,35.45,34.3,34.6,180628,34.22,34.9564,35.075,35.6776,35.6776,0.8746,-0.1443,-2.5352,1.9128,-1.0194,-1.3542,-11.054

PRICE_WINDOW_180_ROW_059=20260126,34.4,34.8,34.35,34.8,44059,34.29,34.9433,35.04,35.6627,35.6627,0.578,1.016,-1.9718,0.4635,-0.4102,-0.6849,-10.5398

PRICE_WINDOW_180_ROW_060=20260127,34.5,34.5,34.15,34.25,64642,34.32,34.8855,34.9575,35.6392,35.6392,-1.5805,0.4399,-4.5961,0.6692,-1.8218,-2.0239,-11.9537

PRICE_WINDOW_180_ROW_061=20260128,34.15,34.3,33.8,33.9,100974,34.37,34.8034,34.8525,35.59,35.6107,-1.0219,0.7429,-5.8333,0.9998,-2.5958,-2.7329,-12.8535

PRICE_WINDOW_180_ROW_062=20260129,34.0,34.3,33.85,34.0,82010,34.31,34.7365,34.755,35.55,35.5847,0.295,-0.8746,-5.4242,0.7954,-2.1201,-2.1723,-12.5964

PRICE_WINDOW_180_ROW_063=20260130,33.65,33.75,33.55,33.65,113253,34.12,34.6459,34.63,35.48,35.554,-1.0294,-2.7457,-6.9156,1.0762,-2.8746,-2.8299,-13.4961

PRICE_WINDOW_180_ROW_064=20260202,33.6,34.0,33.3,34.0,69960,33.96,34.5921,34.545,35.4192,35.5297,1.0401,-2.2989,-4.7619,0.6704,-1.7117,-1.5777,-9.8143

PRICE_WINDOW_180_ROW_065=20260203,34.0,34.0,33.7,34.0,73554,33.91,34.5428,34.485,35.365,35.5062,0.0,-0.7299,-3.4091,0.7078,-1.5713,-1.4064,-9.8143

PRICE_WINDOW_180_ROW_066=20260204,33.85,34.35,33.7,33.95,74251,33.92,34.4934,34.4275,35.3142,35.4826,-0.1471,0.1475,-3.2764,0.7133,-1.5753,-1.387,-9.9469

PRICE_WINDOW_180_ROW_067=20260205,34.5,36.2,34.5,34.9,547407,34.1,34.5272,34.4075,35.2842,35.4739,2.7982,2.6471,-1.1331,4.2116,1.0796,1.4314,-7.4271

PRICE_WINDOW_180_ROW_068=20260206,34.9,34.9,33.7,34.0,182745,34.17,34.4833,34.3475,35.2383,35.4522,-2.5788,1.0401,-3.4091,1.3399,-1.4016,-1.0117,-9.8143

PRICE_WINDOW_180_ROW_069=20260209,34.05,34.6,33.95,34.0,54585,34.17,34.443,34.295,35.1917,35.4312,0.0,0.0,-2.9957,0.3994,-1.2863,-0.8602,-9.8143

PRICE_WINDOW_180_ROW_070=20260210,34.0,34.2,33.75,33.9,78155,34.15,34.3978,34.245,35.1433,35.4093,-0.2941,-0.2941,-2.8653,0.5831,-1.4471,-1.0074,-8.2544

PRICE_WINDOW_180_ROW_071=20260211,33.9,34.65,33.8,33.85,101941,34.13,34.3521,34.19,35.1008,35.3873,-0.1475,-0.2946,-3.1474,0.7521,-1.4617,-0.9944,-8.3897

PRICE_WINDOW_180_ROW_072=20260223,34.0,34.0,33.35,34.0,71562,33.95,34.3228,34.1475,35.0742,35.3681,0.4431,-2.5788,-2.439,0.5276,-0.9404,-0.4319,-7.9838

PRICE_WINDOW_180_ROW_073=20260224,34.0,34.05,33.7,33.75,103095,33.9,34.2751,34.1025,35.0533,35.3459,-0.7353,-0.7353,-2.5974,0.775,-1.5319,-1.0336,-8.6604

PRICE_WINDOW_180_ROW_074=20260225,33.75,33.75,33.55,33.7,87684,33.84,34.2271,34.065,35.0242,35.3236,-0.1481,-0.8824,-2.1771,0.6879,-1.5401,-1.0715,-8.7957

PRICE_WINDOW_180_ROW_075=20260226,33.6,33.8,33.45,33.65,143115,33.79,34.179,34.0425,34.9983,35.3013,-0.1484,-0.7375,-1.3196,1.1397,-1.5479,-1.153,-8.931

PRICE_WINDOW_180_ROW_076=20260302,34.25,34.25,33.15,33.35,86788,33.69,34.11,34.0275,34.9658,35.2757,-0.8915,-1.4771,-0.8915,0.7086,-2.228,-1.991,-9.7429

PRICE_WINDOW_180_ROW_077=20260303,33.35,33.35,32.75,32.95,162654,33.48,34.0133,33.96,34.9217,35.2455,-1.1994,-3.0882,-3.9359,1.3425,-3.1261,-2.9741,-10.8254

PRICE_WINDOW_180_ROW_078=20260304,32.25,32.4,31.25,32.3,223287,33.19,33.8705,33.845,34.8567,35.2077,-1.9727,-4.2963,-6.6474,1.8111,-4.6368,-4.5649,-12.5846

PRICE_WINDOW_180_ROW_079=20260305,32.4,32.7,31.4,32.7,133179,32.99,33.773,33.74,34.7967,35.1759,1.2384,-2.9674,-6.0345,1.0426,-3.177,-3.0824,-11.502

PRICE_WINDOW_180_ROW_080=20260306,32.6,34.0,32.45,34.0,96728,33.06,33.7919,33.7275,34.7542,35.1612,3.9755,1.0401,-0.7299,0.7478,0.6159,0.8079,-7.9838

PRICE_WINDOW_180_ROW_081=20260309,32.15,33.0,31.2,32.45,98894,32.88,33.6801,33.655,34.6958,35.1278,-4.5588,-2.6987,-4.2773,0.7652,-3.6522,-3.5804,-11.3388

PRICE_WINDOW_180_ROW_082=20260310,33.5,34.65,33.3,33.6,180931,33.01,33.6734,33.635,34.6683,35.1091,3.5439,1.9727,-1.1765,1.3483,-0.218,-0.1041,-8.1967

PRICE_WINDOW_180_ROW_083=20260311,34.1,34.6,33.7,34.45,319884,33.44,33.7381,33.675,34.65,35.1012,2.5298,6.6563,2.3774,2.2134,2.11,2.3014,-5.8743

PRICE_WINDOW_180_ROW_084=20260312,34.25,34.45,34.05,34.1,82562,33.72,33.7683,33.68,34.6258,35.0893,-1.016,4.2813,0.2941,0.5688,0.9824,1.247,-6.8306

PRICE_WINDOW_180_ROW_085=20260313,34.05,34.15,33.75,33.9,83297,33.7,33.7792,33.675,34.5958,35.0753,-0.5865,-0.2941,-0.2941,0.5719,0.3575,0.6682,-7.377

PRICE_WINDOW_180_ROW_086=20260316,34.0,34.35,33.8,34.1,90676,34.03,33.806,33.6825,34.5725,35.064,0.59,5.0847,0.4418,0.6191,0.8697,1.2395,-6.8306

PRICE_WINDOW_180_ROW_087=20260317,34.15,34.25,34.1,34.2,17072,34.15,33.8388,33.6475,34.55,35.054,0.2933,1.7857,-2.0057,0.1423,1.0674,1.642,-6.5574

PRICE_WINDOW_180_ROW_088=20260318,34.2,34.75,34.15,34.5,62573,34.16,33.8939,33.6725,34.5342,35.0477,0.8772,0.1451,1.4706,0.5492,1.7882,2.4575,-5.7377

PRICE_WINDOW_180_ROW_089=20260319,34.2,34.2,33.85,33.95,40991,34.13,33.8986,33.67,34.5142,35.0354,-1.5942,-0.4399,-0.1471,0.3619,0.1517,0.8316,-7.2404

PRICE_WINDOW_180_ROW_090=20260320,34.0,34.05,33.85,34.05,43410,34.16,33.9112,33.6775,34.4883,35.0244,0.2946,0.4425,0.4425,0.3893,0.4093,1.1061,-6.9672

PRICE_WINDOW_180_ROW_091=20260323,34.0,34.0,33.5,33.6,76483,34.06,33.8853,33.665,34.4592,35.0088,-1.3216,-1.4663,-0.7386,0.6938,-0.8419,-0.1931,-8.1967

PRICE_WINDOW_180_ROW_092=20260324,33.7,34.0,33.25,33.85,43194,33.99,33.8823,33.6575,34.4342,34.9962,0.744,-1.0234,-0.4412,0.3969,-0.0954,0.5719,-7.5137

PRICE_WINDOW_180_ROW_093=20260325,34.05,34.15,33.6,34.0,99139,33.89,33.8921,33.67,34.4075,34.9855,0.4431,-1.4493,0.7407,0.9127,0.3183,0.9801,-7.1038

PRICE_WINDOW_180_ROW_094=20260326,33.9,34.15,33.9,34.05,58008,33.91,33.9053,33.6875,34.3808,34.9755,0.1471,0.2946,1.0386,0.5414,0.4268,1.0761,-6.9672

PRICE_WINDOW_180_ROW_095=20260327,33.95,34.1,33.65,34.1,33808,33.92,33.9215,33.71,34.3508,34.9663,0.1468,0.1468,1.3373,0.3325,0.5262,1.1569,-6.8306

PRICE_WINDOW_180_ROW_096=20260330,33.6,33.8,33.6,33.7,60165,33.94,33.9031,33.7275,34.3133,34.9531,-1.173,0.2976,1.0495,0.5996,-0.5989,-0.0815,-7.9235

PRICE_WINDOW_180_ROW_097=20260331,34.0,34.1,33.5,33.55,50224,33.88,33.8736,33.7575,34.2792,34.9387,-0.4451,-0.8863,1.8209,0.5302,-0.9554,-0.6147,-8.3333

PRICE_WINDOW_180_ROW_098=20260401,33.6,34.4,33.55,34.1,50556,33.9,33.8925,33.8475,34.2558,34.9301,1.6393,0.2941,5.5728,0.5873,0.6122,0.746,-6.8306

PRICE_WINDOW_180_ROW_099=20260402,34.2,34.3,34.0,34.1,42245,33.91,33.9098,33.9175,34.2325,34.9217,0.0,0.1468,4.2813,0.5181,0.5609,0.5381,-6.8306

PRICE_WINDOW_180_ROW_100=20260407,34.3,34.3,33.5,33.7,54122,33.83,33.8923,33.9025,34.1958,34.9095,-1.173,-1.173,-0.8824,0.6815,-0.5674,-0.5973,-7.9235

PRICE_WINDOW_180_ROW_101=20260408,34.05,34.4,33.95,34.0,75621,33.89,33.9013,33.98,34.1625,34.9005,0.8902,0.8902,4.7766,0.9664,0.2912,0.0589,-7.1038

PRICE_WINDOW_180_ROW_102=20260409,34.15,34.4,34.0,34.2,46239,34.02,33.9262,34.01,34.1333,34.8936,0.5882,1.9374,1.7857,0.6466,0.8071,0.5587,-6.5574

PRICE_WINDOW_180_ROW_103=20260410,34.4,34.4,34.0,34.35,110419,34.07,33.9615,34.005,34.1033,34.8883,0.4386,0.7331,-0.2903,1.809,1.144,1.0146,-5.1105

PRICE_WINDOW_180_ROW_104=20260413,37.5,37.75,36.25,37.75,1351130,34.8,34.2772,34.1875,34.1375,34.9159,9.8981,10.7038,10.7038,10.8552,10.1315,10.4205,0.0

PRICE_WINDOW_180_ROW_105=20260414,35.7,36.25,34.85,36.0,1797774,35.26,34.4208,34.2925,34.1508,34.9262,-4.6358,6.8249,6.1947,8.553,4.588,4.9792,-4.6358

PRICE_WINDOW_180_ROW_106=20260415,35.5,36.15,35.0,36.15,533419,35.69,34.5649,34.395,34.1683,34.9377,0.4167,6.3235,6.0117,2.296,4.5859,5.1025,-4.2384

PRICE_WINDOW_180_ROW_107=20260416,36.9,36.9,35.75,36.8,344758,36.21,34.7511,34.525,34.1933,34.9551,1.7981,7.6023,7.6023,1.3862,5.8958,6.5894,-2.5166

PRICE_WINDOW_180_ROW_108=20260417,36.95,36.95,36.1,36.75,236802,36.69,34.9177,34.6375,34.2192,34.9718,-0.1359,6.9869,6.5217,0.9199,5.2475,6.0989,-2.649

PRICE_WINDOW_180_ROW_109=20260420,36.8,36.8,35.85,35.85,221215,36.31,34.9954,34.7325,34.2325,34.9798,-2.449,-5.0331,5.5965,0.8303,2.442,3.2174,-5.0331

PRICE_WINDOW_180_ROW_110=20260421,35.85,35.9,35.3,35.4,174438,36.19,35.0291,34.8,34.2408,34.9836,-1.2552,-1.6667,3.9648,0.639,1.0588,1.7241,-6.2252

PRICE_WINDOW_180_ROW_111=20260422,35.8,35.8,34.9,35.15,175303,35.99,35.0392,34.8775,34.2442,34.9851,-0.7062,-2.7663,4.6131,0.6307,0.3163,0.7813,-6.8874

PRICE_WINDOW_180_ROW_112=20260423,35.35,35.35,34.35,34.45,144354,35.52,34.9901,34.9075,34.2375,34.9804,-1.9915,-6.3859,1.7725,0.5101,-1.5435,-1.3106,-8.7417

PRICE_WINDOW_180_ROW_113=20260424,34.5,34.5,34.0,34.2,103688,35.01,34.9242,34.9175,34.23,34.9735,-0.7257,-6.9388,0.5882,0.3661,-2.0738,-2.0548,-9.404

PRICE_WINDOW_180_ROW_114=20260427,34.3,34.4,33.65,34.4,112450,34.72,34.8806,34.935,34.2292,34.9684,0.5848,-4.0446,1.0279,0.3933,-1.3777,-1.5314,-8.8742

PRICE_WINDOW_180_ROW_115=20260428,34.75,34.75,34.35,34.65,85945,34.57,34.8613,34.9625,34.2383,34.9657,0.7267,-2.1186,1.6129,0.2979,-0.6063,-0.8938,-8.2119

PRICE_WINDOW_180_ROW_116=20260429,34.75,34.75,34.4,34.6,46904,34.46,34.8396,35.0075,34.2542,34.9625,-0.1443,-1.5647,2.6706,0.1629,-0.6876,-1.164,-8.3444

PRICE_WINDOW_180_ROW_117=20260430,34.7,34.7,34.4,34.5,70095,34.47,34.8113,35.055,34.2575,34.9585,-0.289,0.1451,2.8316,0.2426,-0.8942,-1.5832,-8.6093

PRICE_WINDOW_180_ROW_118=20260504,34.4,34.75,34.2,34.7,93013,34.57,34.802,35.085,34.2592,34.9564,0.5797,1.462,1.7595,0.3196,-0.2931,-1.0973,-8.0795

PRICE_WINDOW_180_ROW_119=20260505,34.0,34.95,34.0,34.6,94398,34.61,34.7852,35.11,34.2558,34.9534,-0.2882,0.5814,1.4663,0.3215,-0.5323,-1.4526,-8.3444

PRICE_WINDOW_180_ROW_120=20260506,34.85,34.9,34.45,34.7,96332,34.62,34.7781,35.16,34.2633,34.9512,0.289,0.1443,2.9674,0.3258,-0.2245,-1.3083,-8.0795

PRICE_WINDOW_180_ROW_121=20260507,34.7,34.95,34.7,34.75,79408,34.65,34.7757,35.1975,34.2775,34.9337,0.1441,0.4335,2.2059,0.2684,-0.074,-1.2714,-7.947

PRICE_WINDOW_180_ROW_122=20260508,34.95,34.95,34.55,34.7,77156,34.69,34.7694,35.2225,34.2892,34.9196,-0.1439,0.5797,1.462,0.2594,-0.1997,-1.4834,-8.0795

PRICE_WINDOW_180_ROW_123=20260511,35.0,35.1,34.5,34.85,70984,34.72,34.7761,35.2475,34.3092,34.8946,0.4323,0.4323,1.4556,0.2402,0.2124,-1.1277,-7.6821

PRICE_WINDOW_180_ROW_124=20260512,34.7,34.8,34.2,34.25,97680,34.65,34.7323,35.0725,34.3133,34.8662,-1.7217,-1.0116,-9.2715,0.4196,-1.3886,-2.3451,-9.2715

PRICE_WINDOW_180_ROW_125=20260513,34.15,34.15,34.0,34.0,131757,34.51,34.6713,34.9725,34.3133,34.8392,-0.7299,-2.0173,-5.5556,0.8813,-1.9361,-2.7808,-9.9338

PRICE_WINDOW_180_ROW_126=20260514,35.2,35.5,34.4,34.7,219428,34.5,34.6737,34.9,34.3258,34.82,2.0588,-0.1439,-4.0111,1.6399,0.076,-0.5731,-8.0795

PRICE_WINDOW_180_ROW_127=20260515,34.6,34.85,34.6,34.6,111643,34.48,34.6675,34.79,34.3208,34.8025,-0.2882,-0.2882,-5.9783,0.914,-0.1948,-0.5461,-8.3444

PRICE_WINDOW_180_ROW_128=20260518,34.85,35.45,34.5,35.25,283331,34.56,34.7161,34.715,34.3417,34.79,1.8786,1.1478,-4.0816,2.2762,1.538,1.5411,-6.6225

PRICE_WINDOW_180_ROW_129=20260519,35.25,35.25,34.55,34.7,77163,34.65,34.7147,34.6575,34.3533,34.7725,-1.5603,1.3139,-3.2078,0.658,-0.0424,0.1226,-8.0795

PRICE_WINDOW_180_ROW_130=20260520,34.7,35.0,34.45,34.55,64236,34.76,34.701,34.615,34.3642,34.7537,-0.4323,1.6176,-2.4011,0.5747,-0.4351,-0.1878,-8.4768

PRICE_WINDOW_180_ROW_131=20260521,34.8,34.95,34.5,34.5,87366,34.72,34.6842,34.5825,34.375,34.7379,-0.1447,-0.5764,-1.8492,0.8137,-0.5312,-0.2386,-8.6093

PRICE_WINDOW_180_ROW_132=20260522,35.1,35.1,34.55,34.7,125198,34.74,34.6856,34.595,34.3867,34.7304,0.5797,0.289,0.7257,1.1766,0.0416,0.3035,-8.0795

PRICE_WINDOW_180_ROW_133=20260525,34.8,35.2,34.8,35.0,116957,34.69,34.7118,34.635,34.4075,34.7304,0.8646,-0.7092,2.3392,1.0923,0.8304,1.0538,-7.2848

PRICE_WINDOW_180_ROW_134=20260526,35.2,35.4,34.8,34.8,99858,34.71,34.7191,34.655,34.4258,34.725,-0.5714,0.2882,1.1628,0.9381,0.233,0.4184,-7.8146

PRICE_WINDOW_180_ROW_135=20260527,34.6,34.85,34.45,34.7,92441,34.74,34.7175,34.6575,34.4433,34.7208,-0.2874,0.4342,0.1443,0.8658,-0.0505,0.1226,-8.0795

PRICE_WINDOW_180_ROW_136=20260528,34.5,35.1,34.5,34.6,103377,34.76,34.7077,34.6575,34.4642,34.715,-0.2882,0.2899,0.0,0.9433,-0.3104,-0.1659,-8.3444

PRICE_WINDOW_180_ROW_137=20260529,34.65,35.2,34.65,35.05,127096,34.83,34.7363,34.685,34.4992,34.7104,1.3006,1.0086,1.5942,1.1303,0.9032,1.0523,-7.1523
