# PRICE_WINDOW_136

columns=date,open,high,low,close,volume,ma5,ma20,ma60,ma120,ema23,return_1d,return_5d,return_20d,volume_ratio,distance_to_ma20_pct,distance_to_high_60_pct

PRICE_WINDOW_180_ROW_001=20251103,21.8,22.6,21.8,22.0,44000,,,,,,,,,,,

PRICE_WINDOW_180_ROW_002=20251104,22.0,22.0,21.4,21.9,83000,,,,,,-0.4545,,,,,

PRICE_WINDOW_180_ROW_003=20251105,21.5,21.95,21.05,21.3,67000,,,,,,-2.7397,,,,,

PRICE_WINDOW_180_ROW_004=20251106,21.1,21.45,20.8,21.4,46000,,,,,,0.4695,,,,,

PRICE_WINDOW_180_ROW_005=20251107,21.3,21.65,21.05,21.65,80000,21.65,21.65,21.65,21.65,21.8696,1.1682,,,1.25,0.0,-4.2035

PRICE_WINDOW_180_ROW_006=20251110,21.15,21.6,21.15,21.2,36000,21.49,21.575,21.575,21.575,21.8138,-2.0785,-3.6364,,0.6067,-1.7381,-6.1947

PRICE_WINDOW_180_ROW_007=20251111,21.55,21.55,21.0,21.2,63000,21.35,21.5214,21.5214,21.5214,21.7626,0.0,-3.1963,,1.0525,-1.4935,-6.1947

PRICE_WINDOW_180_ROW_008=20251112,21.2,21.7,21.2,21.35,121000,21.36,21.5,21.5,21.5,21.7282,0.7075,0.2347,,1.7926,-0.6977,-5.531

PRICE_WINDOW_180_ROW_009=20251113,21.9,21.9,21.4,21.5,63000,21.38,21.5,21.5,21.5,21.7092,0.7026,0.4673,,0.9403,0.0,-4.8673

PRICE_WINDOW_180_ROW_010=20251114,21.1,21.75,21.1,21.45,60000,21.34,21.495,21.495,21.495,21.6876,-0.2326,-0.9238,,0.905,-0.2094,-5.0885

PRICE_WINDOW_180_ROW_011=20251117,21.3,21.7,21.3,21.4,37000,21.38,21.4864,21.4864,21.4864,21.6636,-0.2331,0.9434,,0.5814,-0.4019,-5.3097

PRICE_WINDOW_180_ROW_012=20251118,21.3,21.35,21.15,21.2,53000,21.38,21.4625,21.4625,21.4625,21.625,-0.9346,0.0,,0.8446,-1.2231,-6.1947

PRICE_WINDOW_180_ROW_013=20251119,21.2,21.2,21.0,21.0,77000,21.31,21.4269,21.4269,21.4269,21.5729,-0.9434,-1.6393,,1.206,-1.9925,-7.0796

PRICE_WINDOW_180_ROW_014=20251120,21.65,21.65,21.0,21.15,40000,21.24,21.4071,21.4071,21.4071,21.5377,0.7143,-1.6279,,0.6437,-1.2012,-6.4159

PRICE_WINDOW_180_ROW_015=20251121,21.0,21.2,20.6,21.1,156000,21.17,21.3867,21.3867,21.3867,21.5012,-0.2364,-1.6317,,2.2807,-1.3404,-6.6372

PRICE_WINDOW_180_ROW_016=20251124,21.0,21.15,20.4,20.4,49000,20.97,21.325,21.325,21.325,21.4094,-3.3175,-4.6729,,0.7293,-4.3376,-9.7345

PRICE_WINDOW_180_ROW_017=20251125,21.0,21.0,20.3,20.35,74000,20.8,21.2676,21.2676,21.2676,21.3212,-0.2451,-4.0094,,1.0949,-4.3148,-9.9558

PRICE_WINDOW_180_ROW_018=20251126,20.35,20.85,19.85,20.45,53000,20.69,21.2222,21.2222,21.2222,21.2486,0.4914,-2.619,,0.7937,-3.6387,-9.5133

PRICE_WINDOW_180_ROW_019=20251127,20.5,20.65,20.05,20.5,95000,20.56,21.1842,21.1842,21.1842,21.1862,0.2445,-3.0733,,1.3917,-3.2298,-9.292

PRICE_WINDOW_180_ROW_020=20251128,20.45,20.75,20.05,20.1,202000,20.36,21.13,21.13,21.13,21.0957,-1.9512,-4.7393,,2.6951,-4.8746,-11.0619

PRICE_WINDOW_180_ROW_021=20251201,20.0,20.5,20.0,20.45,81000,20.37,21.0525,21.0976,21.0976,21.0419,1.7413,0.2451,-7.0455,1.0547,-2.8619,-9.5133

PRICE_WINDOW_180_ROW_022=20251202,20.95,20.95,20.5,20.5,37000,20.4,20.9825,21.0705,21.0705,20.9967,0.2445,0.7371,-6.3927,0.4966,-2.2995,-9.292

PRICE_WINDOW_180_ROW_023=20251203,20.7,20.7,20.35,20.45,22000,20.4,20.94,21.0435,21.0435,20.9511,-0.2439,0.0,-3.9906,0.3045,-2.34,-9.5133

PRICE_WINDOW_180_ROW_024=20251204,20.25,20.6,20.05,20.6,95000,20.42,20.9,21.025,21.025,20.9219,0.7335,0.4878,-3.7383,1.2718,-1.4354,-8.8496

PRICE_WINDOW_180_ROW_025=20251205,20.6,20.75,20.25,20.65,35000,20.53,20.85,21.01,21.01,20.8992,0.2427,2.7363,-4.6189,0.4831,-0.9592,-8.6283

PRICE_WINDOW_180_ROW_026=20251208,20.5,20.7,20.5,20.65,64000,20.57,20.8225,20.9962,20.9962,20.8785,0.0,0.978,-2.5943,0.8666,-0.8284,-8.6283

PRICE_WINDOW_180_ROW_027=20251209,20.8,22.65,20.8,22.4,134000,20.95,20.8825,21.0481,21.0481,21.0053,8.4746,9.2683,5.6604,1.7313,7.2669,-1.1038

PRICE_WINDOW_180_ROW_028=20251210,22.0,23.3,21.95,23.3,192000,21.52,20.98,21.1286,21.1286,21.1965,4.0179,13.9364,9.1335,2.3718,11.0582,0.0

PRICE_WINDOW_180_ROW_029=20251211,23.0,23.8,22.7,23.4,194000,22.08,21.075,21.2069,21.2069,21.3801,0.4292,13.5922,8.8372,2.2171,11.032,-1.6807

PRICE_WINDOW_180_ROW_030=20251212,23.3,23.7,22.75,23.2,123000,22.59,21.1625,21.2733,21.2733,21.5318,-0.8547,12.3487,8.1585,1.3569,9.6279,-2.521

PRICE_WINDOW_180_ROW_031=20251215,22.95,23.15,22.9,23.15,59000,23.09,21.25,21.3339,21.3339,21.6666,-0.2155,12.1065,8.1776,0.6431,8.9412,-2.7311

PRICE_WINDOW_180_ROW_032=20251216,23.0,23.6,22.8,23.35,123000,23.28,21.3575,21.3969,21.3969,21.8069,0.8639,4.2411,10.1415,1.2913,9.3293,-1.8908

PRICE_WINDOW_180_ROW_033=20251217,23.1,23.45,22.9,23.25,51000,23.27,21.47,21.453,21.453,21.9272,-0.4283,-0.2146,10.7143,0.5428,8.2906,-2.3109

PRICE_WINDOW_180_ROW_034=20251218,23.25,23.25,22.75,23.0,118000,23.19,21.5625,21.4985,21.4985,22.0166,-1.0753,-1.7094,8.747,1.2059,6.6667,-3.3613

PRICE_WINDOW_180_ROW_035=20251219,23.05,23.4,22.65,23.0,59000,23.15,21.6575,21.5414,21.5414,22.0985,0.0,-0.8621,9.0047,0.6344,6.1988,-3.3613

PRICE_WINDOW_180_ROW_036=20251222,22.75,23.2,22.7,23.1,128000,23.14,21.7925,21.5847,21.5847,22.182,0.4348,-0.216,13.2353,1.3203,5.9998,-2.9412

PRICE_WINDOW_180_ROW_037=20251223,23.2,24.1,22.8,23.8,281000,23.23,21.965,21.6446,21.6446,22.3168,3.0303,1.9272,16.9533,2.6188,8.3542,-1.2448

PRICE_WINDOW_180_ROW_038=20251224,24.2,24.2,23.4,23.7,169000,23.32,22.1275,21.6987,21.6987,22.4321,-0.4202,1.9355,15.8924,1.4943,7.1065,-2.0661

PRICE_WINDOW_180_ROW_039=20251226,23.7,24.0,23.7,23.8,67000,23.48,22.2925,21.7526,21.7526,22.5461,0.4219,3.4783,16.0976,0.5998,6.7624,-1.6529

PRICE_WINDOW_180_ROW_040=20251229,23.8,23.8,22.75,23.25,97000,23.53,22.45,21.79,21.79,22.6047,-2.3109,1.087,15.6716,0.9112,3.5635,-3.9256

PRICE_WINDOW_180_ROW_041=20251230,23.5,23.9,22.95,23.1,36000,23.53,22.5825,21.822,21.822,22.646,-0.6452,0.0,12.9584,0.3455,2.2916,-4.5455

PRICE_WINDOW_180_ROW_042=20251231,22.9,23.0,22.65,22.9,71000,23.35,22.7025,21.8476,21.8476,22.6672,-0.8658,-3.7815,11.7073,0.6704,0.8699,-5.3719

PRICE_WINDOW_180_ROW_043=20260102,22.9,23.05,22.4,22.75,48000,23.16,22.8175,21.8686,21.8686,22.6741,-0.655,-4.0084,11.2469,0.4478,-0.2958,-5.9917

PRICE_WINDOW_180_ROW_044=20260105,22.4,22.7,22.0,22.1,67000,22.82,22.8925,21.8739,21.8739,22.6262,-2.8571,-7.1429,7.2816,0.6333,-3.4618,-8.6777

PRICE_WINDOW_180_ROW_045=20260106,22.1,22.5,22.0,22.3,61000,22.63,22.975,21.8833,21.8833,22.599,0.905,-4.086,7.9903,0.5696,-2.938,-7.8512

PRICE_WINDOW_180_ROW_046=20260107,21.95,22.35,21.95,22.2,47000,22.45,23.0525,21.8902,21.8902,22.5658,-0.4484,-3.8961,7.5061,0.4424,-3.6981,-8.2645

PRICE_WINDOW_180_ROW_047=20260108,22.2,22.85,21.1,21.1,66000,22.09,22.9875,21.8734,21.8734,22.4436,-4.955,-7.8603,-5.8036,0.6417,-8.211,-12.8099

PRICE_WINDOW_180_ROW_048=20260109,21.3,21.9,21.15,21.4,38000,21.82,22.8925,21.8635,21.8635,22.3567,1.4218,-5.9341,-8.1545,0.3994,-6.5196,-11.5702

PRICE_WINDOW_180_ROW_049=20260112,22.7,23.5,22.7,23.35,478000,22.07,22.89,21.8939,21.8939,22.4394,9.1121,5.6561,-0.2137,4.3713,2.0096,-3.5124

PRICE_WINDOW_180_ROW_050=20260113,21.8,22.95,21.7,22.1,254000,22.03,22.835,21.898,21.898,22.4112,-5.3533,-0.8969,-4.7414,2.1915,-3.2187,-8.6777

PRICE_WINDOW_180_ROW_051=20260114,22.4,22.85,22.0,22.6,133000,22.11,22.8075,21.9118,21.9118,22.4269,2.2624,1.8018,-2.3758,1.112,-0.9098,-6.6116

PRICE_WINDOW_180_ROW_052=20260115,22.3,22.55,22.05,22.35,34000,22.36,22.7575,21.9202,21.9202,22.4205,-1.1062,5.9242,-4.2827,0.2953,-1.7906,-7.6446

PRICE_WINDOW_180_ROW_053=20260116,23.0,23.0,22.35,22.5,59000,22.58,22.72,21.9311,21.9311,22.4271,0.6711,5.1402,-3.2258,0.5106,-0.9683,-7.0248

PRICE_WINDOW_180_ROW_054=20260119,22.45,22.45,21.7,21.8,195000,22.27,22.66,21.9287,21.9287,22.3749,-3.1111,-6.6381,-5.2174,1.6332,-3.7952,-9.9174

PRICE_WINDOW_180_ROW_055=20260120,21.8,22.25,21.5,21.75,81000,22.2,22.5975,21.9255,21.9255,22.3228,-0.2294,-1.5837,-5.4348,0.6722,-3.7504,-10.124

PRICE_WINDOW_180_ROW_056=20260121,21.45,21.55,21.05,21.05,94000,21.89,22.495,21.9098,21.9098,22.2167,-3.2184,-6.8584,-8.8745,0.7912,-6.4236,-13.0165

PRICE_WINDOW_180_ROW_057=20260122,21.1,21.55,20.7,20.7,94000,21.56,22.34,21.8886,21.8886,22.0903,-1.6627,-7.3826,-13.0252,0.8588,-7.3411,-14.4628

PRICE_WINDOW_180_ROW_058=20260123,21.0,21.65,20.8,21.2,202000,21.3,22.215,21.8767,21.8767,22.0161,2.4155,-5.7778,-10.5485,1.8182,-4.569,-12.3967

PRICE_WINDOW_180_ROW_059=20260126,21.2,21.65,20.8,21.0,58000,21.14,22.075,21.8619,21.8619,21.9315,-0.9434,-3.6697,-11.7647,0.5242,-4.8698,-13.2231

PRICE_WINDOW_180_ROW_060=20260127,20.85,20.85,20.5,20.55,119000,20.9,21.94,21.84,21.84,21.8163,-2.1429,-5.5172,-11.6129,1.0649,-6.3355,-15.0826

PRICE_WINDOW_180_ROW_061=20260128,20.6,21.1,20.5,20.6,138000,20.81,21.815,21.8167,21.8197,21.715,0.2433,-2.1378,-10.8225,1.181,-5.5696,-14.876

PRICE_WINDOW_180_ROW_062=20260129,20.5,20.85,20.1,20.15,68000,20.7,21.6775,21.7875,21.7927,21.5846,-2.1845,-2.657,-12.0087,0.5827,-7.0465,-16.7355

PRICE_WINDOW_180_ROW_063=20260130,19.85,20.1,19.5,19.65,165000,20.39,21.5225,21.76,21.7587,21.4233,-2.4814,-7.3113,-13.6264,1.3464,-8.7002,-18.8017

PRICE_WINDOW_180_ROW_064=20260202,19.65,19.75,19.1,19.25,68000,20.04,21.38,21.7242,21.7195,21.2422,-2.0356,-8.3333,-12.8959,0.5546,-9.9626,-20.4545

PRICE_WINDOW_180_ROW_065=20260203,19.25,19.85,19.0,19.1,81000,19.75,21.22,21.6817,21.6792,21.0637,-0.7792,-7.056,-14.3498,0.6553,-9.9906,-21.0744

PRICE_WINDOW_180_ROW_066=20260204,19.1,20.6,19.1,20.2,184000,19.67,21.12,21.665,21.6568,20.9917,5.7592,-1.9417,-9.009,1.4105,-4.3561,-16.5289

PRICE_WINDOW_180_ROW_067=20260205,20.2,20.65,19.5,20.05,109000,19.65,21.0675,21.6458,21.6328,20.9133,-0.7426,-0.4963,-4.9763,0.822,-4.8297,-17.1488

PRICE_WINDOW_180_ROW_068=20260206,20.0,20.0,19.1,19.4,93000,19.6,20.9675,21.6133,21.6,20.7872,-3.2419,-1.2723,-9.3458,0.6871,-7.4759,-19.8347

PRICE_WINDOW_180_ROW_069=20260209,19.65,19.65,19.0,19.05,111000,19.56,20.7525,21.5725,21.563,20.6424,-1.8041,-1.039,-18.4154,0.9487,-8.2038,-21.281

PRICE_WINDOW_180_ROW_070=20260210,19.45,19.5,18.8,19.2,138000,19.58,20.6075,21.535,21.5293,20.5222,0.7874,0.5236,-13.1222,1.241,-6.83,-20.6612

PRICE_WINDOW_180_ROW_071=20260211,18.75,19.45,18.5,19.45,237000,19.43,20.45,21.5025,21.5,20.4328,1.3021,-3.7129,-13.9381,2.0361,-4.89,-19.6281

PRICE_WINDOW_180_ROW_072=20260223,19.55,19.9,19.45,19.8,103000,19.38,20.3225,21.4792,21.4764,20.3801,1.7995,-1.2469,-11.4094,0.8594,-2.571,-18.1818

PRICE_WINDOW_180_ROW_073=20260224,19.8,20.5,19.6,19.9,131000,19.48,20.1925,21.4608,21.4548,20.3401,0.5051,2.5773,-11.5556,1.0612,-1.4486,-17.7686

PRICE_WINDOW_180_ROW_074=20260225,19.85,19.95,19.7,19.9,48000,19.65,20.0975,21.44,21.4338,20.3034,0.0,4.4619,-8.7156,0.4134,-0.9827,-17.7686

PRICE_WINDOW_180_ROW_075=20260226,20.0,20.0,19.2,19.3,97000,19.67,19.975,21.41,21.4053,20.2198,-3.0151,0.5208,-11.2644,0.8298,-3.3792,-20.2479

PRICE_WINDOW_180_ROW_076=20260302,19.3,19.75,19.3,19.7,40000,19.72,19.9075,21.3983,21.3829,20.1765,2.0725,1.2853,-6.4133,0.3503,-1.0423,-18.595

PRICE_WINDOW_180_ROW_077=20260303,19.5,19.5,18.85,18.95,140000,19.55,19.82,21.375,21.3513,20.0743,-3.8071,-4.2929,-8.4541,1.2017,-4.3895,-21.6942

PRICE_WINDOW_180_ROW_078=20260304,18.5,18.5,17.6,18.2,205000,19.21,19.67,21.3375,21.3109,19.9181,-3.9578,-8.5427,-14.1509,1.7574,-7.4733,-24.7934

PRICE_WINDOW_180_ROW_079=20260305,19.5,19.5,18.0,18.8,166000,18.99,19.56,21.3092,21.2791,19.8249,3.2967,-5.5276,-10.4762,1.3601,-3.8855,-22.314

PRICE_WINDOW_180_ROW_080=20260306,18.5,18.85,18.5,18.65,46000,18.86,19.465,21.285,21.2462,19.727,-0.7979,-3.3679,-9.2457,0.3885,-4.187,-22.9339

PRICE_WINDOW_180_ROW_081=20260309,18.25,18.25,17.3,17.65,180000,18.45,19.3175,21.2383,21.2019,19.5539,-5.3619,-10.4061,-14.3204,1.4938,-8.6321,-27.0661

PRICE_WINDOW_180_ROW_082=20260310,18.0,18.05,17.85,17.85,40000,18.23,19.2025,21.1942,21.161,19.4119,1.1331,-5.8047,-11.4144,0.3359,-7.0434,-26.2397

PRICE_WINDOW_180_ROW_083=20260311,18.1,18.1,17.6,17.6,187000,18.11,19.1,21.1467,21.1181,19.2609,-1.4006,-3.2967,-10.4326,1.5557,-7.8534,-27.2727

PRICE_WINDOW_180_ROW_084=20260312,18.0,18.0,17.7,17.7,40000,17.89,19.0225,21.0983,21.0774,19.1309,0.5682,-5.8511,-8.0519,0.3367,-6.9523,-26.8595

PRICE_WINDOW_180_ROW_085=20260313,17.7,17.75,17.2,17.75,69000,17.71,18.955,21.05,21.0382,19.0158,0.2825,-4.8257,-7.0681,0.5838,-6.3572,-26.6529

PRICE_WINDOW_180_ROW_086=20260316,18.15,18.45,18.0,18.1,79000,17.8,18.85,21.0075,21.0041,18.9395,1.9718,2.5496,-10.396,0.6994,-3.9788,-25.2066

PRICE_WINDOW_180_ROW_087=20260317,18.1,18.1,17.6,18.0,69000,17.83,18.7475,20.9342,20.9695,18.8612,-0.5525,0.8403,-10.2244,0.6219,-3.9872,-25.6198

PRICE_WINDOW_180_ROW_088=20260318,18.05,18.05,17.5,17.6,104000,17.83,18.6575,20.8392,20.9313,18.7561,-2.2222,0.0,-9.2784,0.9327,-5.668,-27.2727

PRICE_WINDOW_180_ROW_089=20260319,17.45,17.5,17.3,17.3,56000,17.75,18.57,20.7375,20.8904,18.6347,-1.7045,-2.2599,-9.1864,0.5149,-6.839,-28.5124

PRICE_WINDOW_180_ROW_090=20260320,17.25,17.25,16.3,17.0,79000,17.6,18.46,20.6342,20.8472,18.4985,-1.7341,-4.2254,-11.4583,0.7467,-7.909,-29.7521

PRICE_WINDOW_180_ROW_091=20260323,17.4,17.4,16.3,17.1,97000,17.4,18.3425,20.5333,20.806,18.382,0.5882,-5.5249,-12.0823,0.9818,-6.7739,-29.3388

PRICE_WINDOW_180_ROW_092=20260324,16.6,16.95,16.2,16.6,97000,17.12,18.1825,20.4208,20.7603,18.2335,-2.924,-7.7778,-16.1616,0.9848,-8.7034,-31.405

PRICE_WINDOW_180_ROW_093=20260325,16.9,18.25,16.9,18.25,572000,17.25,18.1,20.3375,20.7333,18.2349,9.9398,3.6932,-8.2915,4.7449,0.8287,-24.5868

PRICE_WINDOW_180_ROW_094=20260326,16.45,18.2,16.45,17.45,394000,17.28,17.9775,20.245,20.6984,18.1694,-4.3836,0.8671,-12.3116,2.8582,-2.9342,-27.8926

PRICE_WINDOW_180_ROW_095=20260327,17.45,17.45,16.8,16.95,62000,17.27,17.86,20.1442,20.6589,18.0678,-2.8653,-0.2941,-12.1762,0.4555,-5.0952,-29.9587

PRICE_WINDOW_180_ROW_096=20260330,16.5,17.0,16.5,17.0,77000,17.25,17.725,20.0425,20.6208,17.9788,0.295,-0.5848,-13.7056,0.5582,-4.0903,-29.7521

PRICE_WINDOW_180_ROW_097=20260331,16.6,16.6,15.3,15.35,295000,17.0,17.545,19.9017,20.5665,17.7598,-9.7059,-7.5301,-18.9974,2.0247,-12.5107,-36.5702

PRICE_WINDOW_180_ROW_098=20260401,15.35,15.8,14.8,15.2,183000,16.39,17.395,19.76,20.5117,17.5465,-0.9772,-16.7123,-16.4835,1.2656,-12.6186,-36.6667

PRICE_WINDOW_180_ROW_099=20260402,14.2,14.8,13.7,14.0,682000,15.7,17.155,19.5967,20.446,17.2509,-7.8947,-19.7708,-25.5319,4.0023,-18.3911,-41.4226

PRICE_WINDOW_180_ROW_100=20260407,14.0,14.25,13.6,14.2,308000,15.15,16.9325,19.4458,20.3835,16.9967,1.4286,-16.2242,-23.8606,1.6785,-16.1376,-40.5858

PRICE_WINDOW_180_ROW_101=20260408,14.15,14.15,13.55,14.0,156000,14.55,16.75,19.2942,20.3203,16.747,-1.4085,-17.6471,-20.6799,0.8557,-16.4179,-40.4255

PRICE_WINDOW_180_ROW_102=20260409,14.0,14.05,13.8,14.0,92000,14.28,16.5575,19.1458,20.2583,16.518,0.0,-8.7948,-21.5686,0.4976,-15.4462,-40.4255

PRICE_WINDOW_180_ROW_103=20260410,13.9,14.0,13.65,14.0,90000,14.04,16.3775,19.0,20.1976,16.3082,0.0,-7.8947,-20.4545,0.4999,-14.5169,-40.4255

PRICE_WINDOW_180_ROW_104=20260413,14.25,14.55,13.7,14.55,166000,14.15,16.22,18.8742,20.1433,16.1617,3.9286,3.9286,-17.7966,0.8908,-10.2959,-38.0851

PRICE_WINDOW_180_ROW_105=20260414,15.35,16.0,15.25,16.0,451000,14.51,16.1325,18.7692,20.1038,16.1482,9.9656,12.6761,-9.8592,2.1952,-0.8213,-31.9149

PRICE_WINDOW_180_ROW_106=20260415,16.95,17.5,16.45,17.0,506000,15.11,16.0775,18.6825,20.0745,16.2192,6.25,21.4286,-6.0773,2.231,5.7378,-27.6596

PRICE_WINDOW_180_ROW_107=20260416,16.75,16.9,16.1,16.55,185000,15.62,16.005,18.6067,20.0416,16.2468,-2.6471,18.2143,-8.0556,0.7954,3.4052,-29.5745

PRICE_WINDOW_180_ROW_108=20260417,16.0,16.4,15.9,16.4,209000,16.1,15.945,18.5233,20.0079,16.2595,-0.9063,17.1429,-6.8182,0.8787,2.8536,-30.2128

PRICE_WINDOW_180_ROW_109=20260420,16.4,16.4,15.4,15.95,142000,16.38,15.8775,18.4,19.9706,16.2337,-2.7439,9.622,-7.8035,0.5864,0.4566,-30.6522

PRICE_WINDOW_180_ROW_110=20260421,15.4,15.5,14.85,15.5,116000,16.28,15.8025,18.29,19.93,16.1726,-2.8213,-3.125,-8.8235,0.4754,-1.9143,-32.6087

PRICE_WINDOW_180_ROW_111=20260422,15.25,15.8,15.05,15.8,93000,16.04,15.7375,18.1767,19.8928,16.1415,1.9355,-7.0588,-7.6023,0.3815,0.3971,-31.3043

PRICE_WINDOW_180_ROW_112=20260423,16.1,16.1,15.1,15.8,56000,15.89,15.6975,18.0675,19.8562,16.1131,0.0,-4.5317,-4.8193,0.2316,0.653,-31.3043

PRICE_WINDOW_180_ROW_113=20260424,15.1,15.4,14.45,15.25,216000,15.66,15.5475,17.9467,19.8155,16.0412,-3.481,-7.0122,-16.4384,0.9645,-1.9135,-32.0713

PRICE_WINDOW_180_ROW_114=20260427,15.25,15.25,14.45,14.85,114000,15.44,15.4175,17.8308,19.7719,15.9419,-2.623,-6.8966,-14.8997,0.543,-3.6809,-33.2584

PRICE_WINDOW_180_ROW_115=20260428,14.5,14.7,14.5,14.7,36000,15.28,15.305,17.7133,19.7278,15.8384,-1.0101,-5.1613,-13.2743,0.1725,-3.953,-32.1016

PRICE_WINDOW_180_ROW_116=20260429,14.65,14.9,14.5,14.9,36000,15.1,15.2,17.6108,19.6862,15.7602,1.3605,-5.6962,-12.3529,0.1742,-1.9737,-31.1778

PRICE_WINDOW_180_ROW_117=20260430,14.6,14.85,14.5,14.85,51000,14.91,15.175,17.5133,19.6449,15.6844,-0.3356,-6.0127,-3.2573,0.2623,-2.1417,-31.4088

PRICE_WINDOW_180_ROW_118=20260504,14.8,14.9,14.5,14.9,68000,14.84,15.16,17.4083,19.6047,15.619,0.3367,-2.2951,-1.9737,0.3605,-1.715,-31.1778

PRICE_WINDOW_180_ROW_119=20260505,14.6,14.6,14.3,14.45,102000,14.76,15.1825,17.2992,19.5613,15.5216,-3.0201,-2.6936,3.2143,0.6389,-4.8246,-31.5166

PRICE_WINDOW_180_ROW_120=20260506,14.55,14.55,14.2,14.45,58000,14.71,15.195,17.1975,19.5188,15.4323,0.0,-1.7007,1.7606,0.3942,-4.9029,-31.5166

PRICE_WINDOW_180_ROW_121=20260507,14.5,14.55,13.9,14.1,187000,14.55,15.2,17.0892,19.4529,15.3213,-2.4221,-5.3691,0.7143,1.2576,-7.2368,-32.3741

PRICE_WINDOW_180_ROW_122=20260508,14.05,14.05,13.5,13.7,320000,14.32,15.185,16.9817,19.3846,15.1861,-2.8369,-7.7441,-2.1429,1.9988,-9.7794,-33.6562

PRICE_WINDOW_180_ROW_123=20260511,13.7,14.2,13.5,14.2,132000,14.18,15.195,16.8908,19.3254,15.104,3.6496,-4.698,1.4286,0.8138,-6.5482,-31.2349

PRICE_WINDOW_180_ROW_124=20260512,14.2,14.35,13.7,14.2,57000,14.13,15.1775,16.8067,19.2654,15.0286,0.0,-1.7301,-2.4055,0.3636,-6.4405,-31.2349

PRICE_WINDOW_180_ROW_125=20260513,14.15,14.15,13.4,13.85,154000,14.01,15.07,16.7192,19.2004,14.9304,-2.4648,-4.1522,-13.4375,1.0853,-8.0956,-32.9298

PRICE_WINDOW_180_ROW_126=20260514,13.9,14.15,13.55,13.8,85000,13.95,14.91,16.6125,19.1388,14.8362,-0.361,-2.1277,-18.8235,0.7034,-7.4447,-33.1719

PRICE_WINDOW_180_ROW_127=20260515,13.55,13.55,12.95,13.25,287000,13.86,14.745,16.4992,19.0725,14.704,-3.9855,-3.2847,-19.9396,2.2787,-10.139,-35.3659

PRICE_WINDOW_180_ROW_128=20260518,13.0,13.2,12.5,13.2,152000,13.66,14.585,16.3958,19.0046,14.5787,-0.3774,-7.0423,-19.5122,1.2348,-9.4961,-35.6098

PRICE_WINDOW_180_ROW_129=20260519,13.2,13.3,13.1,13.3,64000,13.48,14.4525,16.3,18.9362,14.4721,0.7576,-6.338,-16.6144,0.5369,-7.9744,-35.122

PRICE_WINDOW_180_ROW_130=20260520,13.35,13.35,12.75,13.0,44000,13.31,14.3275,16.1967,18.8658,14.3495,-2.2556,-6.1372,-16.129,0.3806,-9.2654,-36.5854

PRICE_WINDOW_180_ROW_131=20260521,13.0,13.1,12.75,13.0,104000,13.15,14.1875,16.0892,18.7958,14.237,0.0,-5.7971,-17.7215,0.8954,-8.37,-36.5854

PRICE_WINDOW_180_ROW_132=20260522,13.0,13.0,12.7,12.95,13,13.09,14.045,15.975,18.7271,14.1298,-0.3846,-2.2642,-18.038,0.0001,-7.7964,-36.8293

PRICE_WINDOW_180_ROW_133=20260523,13.0,13.0,12.7,12.95,13,13.04,13.93,15.8592,18.66,14.0314,0.0,-1.8939,-15.082,0.0001,-7.0352,-35.25

PRICE_WINDOW_180_ROW_134=20260524,13.0,13.0,12.7,12.95,13,12.97,13.835,15.7433,18.5917,13.9413,0.0,-2.6316,-12.7946,0.0001,-6.3968,-35.25

PRICE_WINDOW_180_ROW_135=20260525,12.95,13.0,12.75,12.95,13,12.96,13.7475,15.6375,18.5238,13.8587,0.0,-0.3846,-11.9048,0.0001,-5.8011,-34.4304

PRICE_WINDOW_180_ROW_136=20260526,12.95,13.0,12.75,12.95,13,12.95,13.65,15.525,18.4617,13.783,0.0,-0.3846,-13.0872,0.0001,-5.1282,-33.5897
