# PRICE_WINDOW_136

columns=date,open,high,low,close,volume,ma5,ema23,ma20,ma60,ma120,return_1d,return_5d,return_20d,volume_ratio,distance_to_ema23_pct,distance_to_ma20_pct,distance_to_high_60_pct

PRICE_WINDOW_180_ROW_001=20251103,15.2,15.2,14.85,14.85,280000,,,,,,,,,,,,

PRICE_WINDOW_180_ROW_002=20251104,14.8,14.9,14.7,14.7,217000,,,,,,-1.0101,,,,,,

PRICE_WINDOW_180_ROW_003=20251105,14.5,14.75,14.4,14.6,280000,,,,,,-0.6803,,,,,,

PRICE_WINDOW_180_ROW_004=20251106,14.7,15.05,14.7,14.95,220000,,,,,,2.3973,,,,,,

PRICE_WINDOW_180_ROW_005=20251107,14.95,15.0,14.7,14.75,141000,14.77,14.8222,14.77,14.77,14.77,-1.3378,,,0.6195,-0.4869,-0.1354,-2.9605

PRICE_WINDOW_180_ROW_006=20251110,14.9,14.9,14.4,14.6,372000,14.72,14.8037,14.7417,14.7417,14.7417,-1.0169,-1.6835,,1.4781,-1.3757,-0.961,-3.9474

PRICE_WINDOW_180_ROW_007=20251111,14.7,15.3,14.65,15.25,468000,14.83,14.8409,14.8143,14.8143,14.8143,4.4521,3.7415,,1.6562,2.7569,2.9412,-0.3268

PRICE_WINDOW_180_ROW_008=20251112,15.25,15.4,15.1,15.25,360000,14.96,14.8749,14.8688,14.8688,14.8688,0.0,4.4521,,1.2318,2.5214,2.5641,-0.974

PRICE_WINDOW_180_ROW_009=20251113,15.3,16.35,15.1,15.6,861000,15.09,14.9354,14.95,14.95,14.95,2.2951,4.3478,,2.4223,4.45,4.3478,-4.5872

PRICE_WINDOW_180_ROW_010=20251114,15.55,15.8,15.45,15.5,339000,15.24,14.9824,15.005,15.005,15.005,-0.641,5.0847,,0.9582,3.4546,3.2989,-5.1988

PRICE_WINDOW_180_ROW_011=20251117,15.75,15.8,15.35,15.4,332000,15.4,15.0172,15.0409,15.0409,15.0409,-0.6452,5.4795,,0.9437,2.5489,2.3874,-5.8104

PRICE_WINDOW_180_ROW_012=20251118,15.3,15.8,15.2,15.4,479000,15.43,15.0491,15.0708,15.0708,15.0708,0.0,0.9836,,1.3217,2.3316,2.1841,-5.8104

PRICE_WINDOW_180_ROW_013=20251119,15.45,15.7,15.1,15.4,322000,15.46,15.0784,15.0962,15.0962,15.0962,0.0,0.9836,,0.8962,2.1331,2.0127,-5.8104

PRICE_WINDOW_180_ROW_014=20251120,15.55,15.55,15.2,15.2,245000,15.38,15.0885,15.1036,15.1036,15.1036,-1.2987,-2.5641,,0.6977,0.739,0.6384,-7.0336

PRICE_WINDOW_180_ROW_015=20251121,15.15,15.2,14.7,15.05,478000,15.29,15.0853,15.1,15.1,15.1,-0.9868,-2.9032,,1.3293,-0.2339,-0.3311,-7.9511

PRICE_WINDOW_180_ROW_016=20251124,15.2,15.25,14.95,15.1,175000,15.23,15.0865,15.1,15.1,15.1,0.3322,-1.9481,,0.5028,0.0894,0.0,-7.6453

PRICE_WINDOW_180_ROW_017=20251125,15.2,15.3,15.1,15.1,186000,15.17,15.0876,15.1,15.1,15.1,0.0,-1.9481,,0.5494,0.0819,0.0,-7.6453

PRICE_WINDOW_180_ROW_018=20251126,15.1,15.95,15.1,15.95,616000,15.28,15.1595,15.1472,15.1472,15.1472,5.6291,3.5714,,1.7404,5.2145,5.2998,-2.4465

PRICE_WINDOW_180_ROW_019=20251127,16.1,16.2,15.55,15.6,380000,15.36,15.1962,15.1711,15.1711,15.1711,-2.1944,2.6316,,1.0695,2.6572,2.8274,-4.5872

PRICE_WINDOW_180_ROW_020=20251128,15.8,16.7,15.6,16.5,730000,15.65,15.3049,15.2375,15.2375,15.2375,5.7692,9.6346,,1.9516,7.8089,8.2855,-1.1976

PRICE_WINDOW_180_ROW_021=20251201,16.7,16.85,16.25,16.45,700000,15.92,15.4003,15.3175,15.2952,15.2952,-0.303,8.9404,10.7744,1.7719,6.8162,7.3935,-2.3739

PRICE_WINDOW_180_ROW_022=20251202,16.6,16.65,16.35,16.45,250000,16.19,15.4878,15.405,15.3477,15.3477,0.0,8.9404,11.9048,0.6302,6.2129,6.7835,-2.3739

PRICE_WINDOW_180_ROW_023=20251203,16.7,16.75,16.4,16.5,186000,16.3,15.5721,15.5,15.3978,15.3978,0.304,3.4483,13.0137,0.4745,5.9586,6.4516,-2.0772

PRICE_WINDOW_180_ROW_024=20251204,16.6,16.65,16.3,16.5,234000,16.48,15.6494,15.5775,15.4438,15.4438,0.0,5.7692,10.3679,0.5959,5.4351,5.922,-2.0772

PRICE_WINDOW_180_ROW_025=20251205,16.5,16.9,16.4,16.75,375000,16.53,15.7412,15.6775,15.496,15.496,1.5152,1.5152,13.5593,0.9273,6.409,6.841,-0.8876

PRICE_WINDOW_180_ROW_026=20251208,16.9,16.95,16.2,16.25,411000,16.49,15.7836,15.76,15.525,15.525,-2.9851,-1.2158,11.3014,1.0114,2.9552,3.1091,-4.1298

PRICE_WINDOW_180_ROW_027=20251209,16.25,16.35,16.1,16.3,224000,16.46,15.8266,15.8125,15.5537,15.5537,0.3077,-0.9119,6.8852,0.5683,2.9912,3.083,-3.8348

PRICE_WINDOW_180_ROW_028=20251210,16.3,16.3,16.05,16.1,144000,16.38,15.8494,15.855,15.5732,15.5732,-1.227,-2.4242,5.5738,0.3756,1.5813,1.5453,-5.0147

PRICE_WINDOW_180_ROW_029=20251211,16.15,16.65,16.05,16.45,237000,16.37,15.8994,15.8975,15.6034,15.6034,2.1739,-0.303,5.4487,0.673,3.4628,3.4754,-2.9499

PRICE_WINDOW_180_ROW_030=20251212,16.5,16.5,16.3,16.3,160000,16.28,15.9328,15.9375,15.6267,15.6267,-0.9119,-2.6866,5.1613,0.4662,2.3046,2.2745,-3.8348

PRICE_WINDOW_180_ROW_031=20251215,16.2,16.8,16.1,16.5,270000,16.33,15.9801,15.9925,15.6548,15.6548,1.227,1.5385,7.1429,0.7939,3.2536,3.1734,-2.6549

PRICE_WINDOW_180_ROW_032=20251216,16.65,16.65,16.2,16.5,177000,16.37,16.0234,16.0475,15.6812,15.6812,0.0,1.227,7.1429,0.5446,2.9744,2.8198,-2.6549

PRICE_WINDOW_180_ROW_033=20251217,16.6,17.2,16.45,16.75,488000,16.5,16.084,16.115,15.7136,15.7136,1.5152,4.0373,8.7662,1.4641,4.1411,3.9404,-2.6163

PRICE_WINDOW_180_ROW_034=20251218,16.8,16.95,16.5,16.75,435000,16.56,16.1395,16.1925,15.7441,15.7441,0.0,1.8237,10.1974,1.269,3.7829,3.443,-2.6163

PRICE_WINDOW_180_ROW_035=20251219,16.9,17.2,16.7,16.9,370000,16.68,16.2028,16.285,15.7771,15.7771,0.8955,3.681,12.2924,1.0966,4.3027,3.7765,-1.7442

PRICE_WINDOW_180_ROW_036=20251222,17.0,17.0,16.35,16.5,576000,16.68,16.2276,16.355,15.7972,15.7972,-2.3669,0.0,9.2715,1.6114,1.6786,0.8866,-4.0698

PRICE_WINDOW_180_ROW_037=20251223,16.55,16.6,16.4,16.55,168000,16.69,16.2545,16.4275,15.8176,15.8176,0.303,0.303,9.6026,0.4712,1.8182,0.7457,-3.7791

PRICE_WINDOW_180_ROW_038=20251224,16.7,16.75,16.45,16.45,175000,16.63,16.2708,16.4525,15.8342,15.8342,-0.6042,-1.791,3.1348,0.5232,1.1016,-0.0152,-4.3605

PRICE_WINDOW_180_ROW_039=20251226,16.6,17.15,16.55,16.95,503000,16.67,16.3274,16.52,15.8628,15.8628,3.0395,1.194,8.6538,1.4766,3.8135,2.6029,-1.4535

PRICE_WINDOW_180_ROW_040=20251229,17.05,17.1,16.8,16.8,302000,16.65,16.3668,16.535,15.8862,15.8862,-0.885,-0.5917,1.8182,0.946,2.6471,1.6027,-2.3256

PRICE_WINDOW_180_ROW_041=20251230,16.7,16.8,16.55,16.7,179000,16.69,16.3945,16.5475,15.9061,15.9061,-0.5952,1.2121,1.5198,0.6105,1.8633,0.9216,-2.907

PRICE_WINDOW_180_ROW_042=20251231,16.6,16.8,16.4,16.4,238000,16.66,16.395,16.545,15.9179,15.9179,-1.7964,-0.9063,-0.304,0.8134,0.0306,-0.8764,-4.6512

PRICE_WINDOW_180_ROW_043=20260102,16.8,16.95,16.45,16.45,383000,16.66,16.3996,16.5425,15.9302,15.9302,0.3049,0.0,-0.303,1.2663,0.3076,-0.5592,-4.3605

PRICE_WINDOW_180_ROW_044=20260105,16.7,16.7,15.6,15.65,587000,16.4,16.3371,16.5,15.9239,15.9239,-4.8632,-7.6696,-5.1515,1.8338,-4.2058,-5.1515,-9.0116

PRICE_WINDOW_180_ROW_045=20260106,15.75,15.85,15.45,15.55,416000,16.15,16.2715,16.44,15.9156,15.9156,-0.639,-7.4405,-7.1642,1.2913,-4.4342,-5.4136,-9.593

PRICE_WINDOW_180_ROW_046=20260107,15.7,16.5,15.6,16.05,568000,16.02,16.253,16.43,15.9185,15.9185,3.2154,-3.8922,-1.2308,1.7212,-1.2493,-2.3128,-6.686

PRICE_WINDOW_180_ROW_047=20260108,16.0,16.05,15.65,15.75,270000,15.89,16.2111,16.4025,15.9149,15.9149,-1.8692,-3.9634,-3.3742,0.8125,-2.8445,-3.9781,-8.4302

PRICE_WINDOW_180_ROW_048=20260109,15.7,15.85,15.5,15.65,167000,15.73,16.1644,16.38,15.9094,15.9094,-0.6349,-4.8632,-2.795,0.5008,-3.1821,-4.4567,-9.0116

PRICE_WINDOW_180_ROW_049=20260112,15.8,16.05,15.8,15.95,279000,15.79,16.1465,16.355,15.9102,15.9102,1.9169,1.9169,-3.0395,0.8315,-1.217,-2.4763,-7.2674

PRICE_WINDOW_180_ROW_050=20260113,16.1,16.1,15.75,15.75,262000,15.83,16.1135,16.3275,15.907,15.907,-1.2539,1.2862,-3.3742,0.7691,-2.2556,-3.537,-8.4302

PRICE_WINDOW_180_ROW_051=20260114,15.85,17.0,15.85,16.5,840000,15.92,16.1457,16.3275,15.9186,15.9186,4.7619,2.8037,0.0,2.2755,2.1946,1.0565,-4.0698

PRICE_WINDOW_180_ROW_052=20260115,16.5,16.65,16.25,16.65,295000,16.1,16.1877,16.335,15.9327,15.9327,0.9091,5.7143,0.9091,0.7866,2.8559,1.9284,-3.1977

PRICE_WINDOW_180_ROW_053=20260116,16.7,16.7,16.1,16.2,310000,16.21,16.1887,16.3075,15.9377,15.9377,-2.7027,3.5144,-3.2836,0.8466,0.0696,-0.6592,-5.814

PRICE_WINDOW_180_ROW_054=20260119,16.2,16.4,16.05,16.1,403000,16.24,16.1813,16.275,15.9407,15.9407,-0.6173,0.9404,-3.8806,1.1055,-0.5026,-1.0753,-6.3953

PRICE_WINDOW_180_ROW_055=20260120,16.3,16.3,16.0,16.0,241000,16.29,16.1662,16.23,15.9418,15.9418,-0.6211,1.5873,-5.3254,0.673,-1.0282,-1.4171,-6.9767

PRICE_WINDOW_180_ROW_056=20260121,15.95,15.95,15.65,15.85,370000,16.16,16.1399,16.1975,15.9402,15.9402,-0.9375,-3.9394,-3.9394,1.0638,-1.796,-2.1454,-7.8488

PRICE_WINDOW_180_ROW_057=20260122,16.0,16.0,15.5,15.6,525000,15.95,16.0949,16.15,15.9342,15.9342,-1.5773,-6.3063,-5.7402,1.4358,-3.0748,-3.4056,-9.3023

PRICE_WINDOW_180_ROW_058=20260123,15.7,15.85,15.5,15.7,309000,15.85,16.062,16.1125,15.9302,15.9302,0.641,-3.0864,-4.5593,0.8299,-2.2536,-2.5601,-8.7209

PRICE_WINDOW_180_ROW_059=20260126,15.75,16.1,15.7,15.9,323000,15.81,16.0485,16.06,15.9297,15.9297,1.2739,-1.2422,-6.1947,0.889,-0.9252,-0.9963,-7.5581

PRICE_WINDOW_180_ROW_060=20260127,16.1,16.1,15.55,15.55,307000,15.72,16.0069,15.9975,15.9233,15.9233,-2.2013,-2.8125,-7.4405,0.8443,-2.8546,-2.7973,-9.593

PRICE_WINDOW_180_ROW_061=20260128,15.55,15.65,15.45,15.6,297000,15.67,15.973,15.9425,15.9358,15.918,0.3215,-1.5773,-6.5868,0.8038,-2.3353,-2.1483,-9.3023

PRICE_WINDOW_180_ROW_062=20260129,15.6,15.65,15.05,15.05,443000,15.56,15.8961,15.875,15.9417,15.904,-3.5256,-3.5256,-8.2317,1.1666,-5.3227,-5.1969,-12.5

PRICE_WINDOW_180_ROW_063=20260130,15.05,15.45,15.05,15.2,598000,15.46,15.8381,15.8125,15.9517,15.8929,0.9967,-3.1847,-7.5988,1.5314,-4.0289,-3.8735,-11.6279

PRICE_WINDOW_180_ROW_064=20260202,15.15,15.2,14.8,14.8,440000,15.24,15.7516,15.77,15.9492,15.8758,-2.6316,-6.9182,-5.4313,1.1484,-6.0412,-6.1509,-13.9535

PRICE_WINDOW_180_ROW_065=20260203,15.0,15.45,15.0,15.3,433000,15.19,15.714,15.7575,15.9583,15.8669,3.3784,-1.6077,-1.6077,1.1276,-2.6343,-2.9034,-11.0465

PRICE_WINDOW_180_ROW_066=20260204,15.35,15.65,15.3,15.5,282000,15.17,15.6961,15.73,15.9733,15.8614,1.3072,-0.641,-3.4268,0.7628,-1.2495,-1.4622,-9.8837

PRICE_WINDOW_180_ROW_067=20260205,15.45,15.55,15.15,15.15,306000,15.19,15.6506,15.7,15.9717,15.8507,-2.2581,0.6645,-3.8095,0.8237,-3.1987,-3.5032,-11.9186

PRICE_WINDOW_180_ROW_068=20260206,15.15,15.15,14.7,14.95,417000,15.14,15.5922,15.665,15.9667,15.8375,-1.3201,-1.6447,-4.4728,1.0859,-4.1189,-4.5643,-13.0814

PRICE_WINDOW_180_ROW_069=20260209,15.45,15.8,15.15,15.15,578000,15.21,15.5554,15.625,15.9592,15.8275,1.3378,2.3649,-5.0157,1.4488,-2.606,-3.04,-11.9186

PRICE_WINDOW_180_ROW_070=20260210,15.25,15.35,15.1,15.1,129000,15.17,15.5174,15.5925,15.9525,15.8171,-0.33,-1.3072,-4.127,0.3288,-2.6901,-3.1586,-12.2093

PRICE_WINDOW_180_ROW_071=20260211,15.35,15.5,15.15,15.2,226000,15.11,15.491,15.5275,15.9492,15.8085,0.6623,-1.9355,-7.8788,0.625,-1.8784,-2.1092,-11.6279

PRICE_WINDOW_180_ROW_072=20260223,15.1,15.35,15.0,15.25,181000,15.13,15.4709,15.4575,15.9467,15.8007,0.3289,0.6601,-8.4084,0.5086,-1.4278,-1.3424,-11.3372

PRICE_WINDOW_180_ROW_073=20260224,15.25,15.35,14.95,15.0,371000,15.14,15.4317,15.3975,15.94,15.7897,-1.6393,0.3344,-7.4074,1.0336,-2.7972,-2.5816,-12.7907

PRICE_WINDOW_180_ROW_074=20260225,15.3,15.3,14.9,14.9,485000,15.09,15.3874,15.3375,15.935,15.7777,-0.6667,-1.6502,-7.4534,1.3359,-3.1672,-2.8525,-13.3721

PRICE_WINDOW_180_ROW_075=20260226,14.9,15.1,14.85,14.9,209000,15.05,15.3467,15.2825,15.9325,15.766,0.0,-1.3245,-6.875,0.5782,-2.911,-2.5029,-13.3721

PRICE_WINDOW_180_ROW_076=20260302,14.75,14.9,14.5,14.8,266000,14.97,15.3012,15.23,15.9275,15.7533,-0.6711,-2.6316,-6.6246,0.7467,-3.2754,-2.8234,-13.9535

PRICE_WINDOW_180_ROW_077=20260303,14.8,15.25,14.8,15.15,372000,14.95,15.2886,15.2075,15.9283,15.7455,2.3649,-0.6557,-2.8846,1.0671,-0.9064,-0.3781,-11.9186

PRICE_WINDOW_180_ROW_078=20260304,15.1,15.1,14.0,14.3,558000,14.81,15.2062,15.1375,15.9008,15.7269,-5.6106,-4.6667,-8.9172,1.5455,-5.9594,-5.5326,-16.8605

PRICE_WINDOW_180_ROW_079=20260305,14.6,14.9,14.55,14.55,329000,14.74,15.1515,15.07,15.8833,15.712,1.7483,-2.349,-8.4906,0.9105,-3.97,-3.4506,-15.407

PRICE_WINDOW_180_ROW_080=20260306,14.55,14.95,14.55,14.8,157000,14.72,15.1222,15.0325,15.855,15.7006,1.7182,-0.6711,-4.8232,0.4437,-2.1308,-1.5466,-13.9535

PRICE_WINDOW_180_ROW_081=20260309,14.55,14.55,14.0,14.05,553000,14.57,15.0329,14.955,15.815,15.6802,-5.0676,-5.0676,-9.9359,1.5083,-6.5381,-6.0515,-18.314

PRICE_WINDOW_180_ROW_082=20260310,14.35,14.6,14.3,14.5,272000,14.44,14.9885,14.9275,15.7825,15.6659,3.2028,-4.2904,-3.6545,0.7596,-3.2589,-2.8638,-15.6977

PRICE_WINDOW_180_ROW_083=20260311,14.4,14.8,14.4,14.6,366000,14.5,14.9561,14.8975,15.7508,15.653,0.6897,2.0979,-3.9474,1.0563,-2.3809,-1.997,-15.1163

PRICE_WINDOW_180_ROW_084=20260312,14.7,14.7,14.4,14.5,149000,14.49,14.9181,14.8825,15.7175,15.6393,-0.6849,-0.3436,-2.027,0.4489,-2.8025,-2.5701,-15.6977

PRICE_WINDOW_180_ROW_085=20260313,14.45,14.55,14.1,14.1,322000,14.35,14.8499,14.8225,15.6733,15.6212,-2.7586,-4.7297,-7.8431,0.9865,-5.0499,-4.8743,-18.0233

PRICE_WINDOW_180_ROW_086=20260316,14.1,14.4,14.1,14.15,440000,14.37,14.7916,14.755,15.6383,15.6041,0.3546,0.7117,-8.7097,1.3162,-4.3375,-4.1003,-17.7326

PRICE_WINDOW_180_ROW_087=20260317,14.35,15.5,14.3,14.8,867000,14.43,14.7923,14.7375,15.6133,15.5948,4.5936,2.069,-2.3102,2.3927,0.0522,0.4241,-13.9535

PRICE_WINDOW_180_ROW_088=20260318,14.85,15.15,14.55,14.55,365000,14.42,14.7721,14.7175,15.5875,15.583,-1.6892,-0.3425,-2.6756,1.0146,-1.5035,-1.1381,-15.407

PRICE_WINDOW_180_ROW_089=20260319,14.75,14.85,14.5,14.6,280000,14.44,14.7578,14.69,15.5567,15.5719,0.3436,0.6897,-3.6304,0.8119,-1.069,-0.6127,-15.1163

PRICE_WINDOW_180_ROW_090=20260320,14.75,14.75,14.35,14.35,192000,14.49,14.7238,14.6525,15.5242,15.5583,-1.7123,1.773,-4.9669,0.5517,-2.5386,-2.0645,-16.5698

PRICE_WINDOW_180_ROW_091=20260323,14.2,14.3,13.95,14.1,348000,14.48,14.6718,14.5975,15.4842,15.5423,-1.7422,-0.3534,-7.2368,0.9828,-3.8972,-3.4081,-18.0233

PRICE_WINDOW_180_ROW_092=20260324,14.45,14.45,14.0,14.45,283000,14.41,14.6533,14.5575,15.45,15.5304,2.4823,-2.3649,-5.2459,0.7879,-1.3875,-0.7385,-15.9884

PRICE_WINDOW_180_ROW_093=20260325,14.45,14.45,14.35,14.4,127000,14.38,14.6322,14.5275,15.4108,15.5183,-0.346,-1.0309,-4.0,0.366,-1.5869,-0.8776,-16.2791

PRICE_WINDOW_180_ROW_094=20260326,14.35,14.7,14.35,14.4,250000,14.34,14.6129,14.5025,15.3717,15.5064,0.0,-1.3699,-3.3557,0.7457,-1.4566,-0.7068,-16.2791

PRICE_WINDOW_180_ROW_095=20260327,14.35,14.4,14.15,14.25,126000,14.32,14.5826,14.47,15.3275,15.4932,-1.0417,-0.6969,-4.3624,0.3805,-2.2809,-1.5204,-16.9096

PRICE_WINDOW_180_ROW_096=20260330,14.15,14.4,13.85,14.1,383000,14.32,14.5424,14.435,15.2875,15.4786,-1.0526,0.0,-4.7297,1.1367,-3.0421,-2.3207,-17.7843

PRICE_WINDOW_180_ROW_097=20260331,14.1,14.25,13.8,13.8,369000,14.19,14.4805,14.3675,15.2417,15.4613,-2.1277,-4.4983,-8.9109,1.0956,-4.6996,-3.9499,-19.5335

PRICE_WINDOW_180_ROW_098=20260401,14.1,14.1,13.8,13.8,150000,14.07,14.4238,14.3425,15.1975,15.4444,0.0,-4.1667,-3.4965,0.4741,-4.3249,-3.7825,-19.5335

PRICE_WINDOW_180_ROW_099=20260402,13.85,13.95,13.7,13.85,226000,13.96,14.376,14.3075,15.1458,15.4283,0.3623,-3.8194,-4.811,0.7261,-3.6589,-3.1976,-19.0058

PRICE_WINDOW_180_ROW_100=20260407,13.85,14.2,13.8,14.05,232000,13.92,14.3488,14.27,15.1,15.4145,1.444,-1.4035,-5.0676,0.7365,-2.0826,-1.5417,-17.3529

PRICE_WINDOW_180_ROW_101=20260408,14.1,14.15,13.95,14.1,279000,13.92,14.3281,14.2725,15.0567,15.4015,0.3559,0.0,0.3559,0.926,-1.592,-1.2086,-17.0588

PRICE_WINDOW_180_ROW_102=20260409,14.05,14.85,13.95,14.3,440000,14.02,14.3258,14.2625,15.0217,15.3907,1.4184,3.6232,-1.3793,1.4207,-0.1798,0.2629,-15.8824

PRICE_WINDOW_180_ROW_103=20260410,14.4,14.5,14.25,14.35,241000,14.13,14.3278,14.25,14.9867,15.3806,0.3497,3.9855,-1.7123,0.7942,0.1551,0.7018,-15.5882

PRICE_WINDOW_180_ROW_104=20260413,14.95,15.75,14.85,15.75,1822000,14.51,14.4463,14.3125,14.9883,15.3841,9.7561,13.7184,8.6207,4.7068,9.0245,10.0437,-7.3529

PRICE_WINDOW_180_ROW_105=20260414,15.7,16.0,15.55,15.55,949000,14.81,14.5383,14.385,14.9883,15.3857,-1.2698,10.6762,10.2837,2.2679,6.9591,8.0987,-8.5294

PRICE_WINDOW_180_ROW_106=20260415,15.55,16.1,15.5,15.6,396000,15.11,14.6267,14.4575,14.9808,15.3877,0.3215,10.6383,10.2473,0.9514,6.6539,7.9025,-8.2353

PRICE_WINDOW_180_ROW_107=20260416,15.7,15.85,15.25,15.35,808000,15.32,14.687,14.485,14.9742,15.3874,-1.6026,7.3427,3.7162,1.955,4.5141,5.9717,-9.7059

PRICE_WINDOW_180_ROW_108=20260417,15.4,16.55,15.4,16.2,1389000,15.69,14.8131,14.5675,14.9833,15.3949,5.5375,12.892,11.3402,2.9903,9.3627,11.2065,-4.7059

PRICE_WINDOW_180_ROW_109=20260420,16.3,16.3,15.5,15.75,703000,15.69,14.8912,14.625,14.98,15.3982,-2.7778,0.0,7.8767,1.4475,5.7673,7.6923,-7.3529

PRICE_WINDOW_180_ROW_110=20260421,15.95,16.15,15.3,15.3,585000,15.64,14.9252,14.6725,14.9725,15.3973,-2.8571,-1.6077,6.6202,1.1577,2.5109,4.2767,-10.0

PRICE_WINDOW_180_ROW_111=20260422,15.7,16.15,15.6,15.65,635000,15.65,14.9856,14.75,14.9583,15.3995,2.2876,0.3205,10.9929,1.222,4.4333,6.1017,-6.2874

PRICE_WINDOW_180_ROW_112=20260423,15.85,16.1,14.95,15.3,845000,15.64,15.0118,14.7925,14.9358,15.3987,-2.2364,-0.3257,5.8824,1.5427,1.9196,3.4308,-8.3832

PRICE_WINDOW_180_ROW_113=20260424,15.6,16.6,15.4,15.4,1179000,15.48,15.0442,14.8425,14.9225,15.3987,0.6536,-4.9383,6.9444,1.9639,2.3651,3.7561,-7.2289

PRICE_WINDOW_180_ROW_114=20260427,15.6,15.6,14.85,14.9,416000,15.31,15.0322,14.8675,14.9025,15.3943,-3.2468,-5.3968,3.4722,0.6835,-0.8792,0.2186,-10.241

PRICE_WINDOW_180_ROW_115=20260428,15.0,15.4,14.85,15.3,494000,15.31,15.0545,14.92,14.8908,15.3935,2.6846,0.0,7.3684,0.7878,1.6308,2.5469,-7.8313

PRICE_WINDOW_180_ROW_116=20260429,15.3,15.35,14.95,14.95,510000,15.17,15.0458,14.9625,14.8758,15.3897,-2.2876,-4.4728,6.0284,0.8052,-0.6366,-0.0835,-9.9398

PRICE_WINDOW_180_ROW_117=20260430,15.0,15.15,14.8,14.85,289000,15.08,15.0295,15.015,14.8633,15.385,-0.6689,-2.9412,7.6087,0.4592,-1.1941,-1.0989,-10.5422

PRICE_WINDOW_180_ROW_118=20260504,14.9,14.9,14.75,14.75,296000,14.95,15.0062,15.0625,14.8475,15.3797,-0.6734,-4.2208,6.8841,0.4649,-1.7071,-2.0747,-11.1446

PRICE_WINDOW_180_ROW_119=20260505,14.9,15.05,14.75,14.75,187000,14.92,14.9848,15.1075,14.8283,15.3744,0.0,-1.0067,6.4982,0.2946,-1.5671,-2.3664,-11.1446

PRICE_WINDOW_180_ROW_120=20260506,14.8,14.9,14.4,14.45,419000,14.75,14.9403,15.1275,14.81,15.3667,-2.0339,-5.5556,2.847,0.6505,-3.2815,-4.4786,-12.9518

PRICE_WINDOW_180_ROW_121=20260507,15.1,15.85,15.1,15.35,2183000,14.83,14.9744,15.19,14.8058,15.3708,6.2284,2.6756,8.8652,2.9528,2.5082,1.0533,-7.5301

PRICE_WINDOW_180_ROW_122=20260508,15.0,15.2,14.7,15.0,911000,14.86,14.9765,15.225,14.805,15.3733,-2.2801,1.0101,4.8951,1.1942,0.1567,-1.4778,-9.6386

PRICE_WINDOW_180_ROW_123=20260511,15.05,15.2,14.85,15.05,343000,14.92,14.9827,15.26,14.8025,15.3771,0.3333,2.0339,4.878,0.4466,0.4495,-1.3761,-9.3373

PRICE_WINDOW_180_ROW_124=20260512,15.2,15.2,14.9,15.15,617000,15.0,14.9966,15.23,14.8083,15.3788,0.6645,2.7119,-3.8095,0.8718,1.0229,-0.5253,-8.7349

PRICE_WINDOW_180_ROW_125=20260513,15.15,15.5,15.15,15.4,536000,15.19,15.0302,15.2225,14.81,15.3842,1.6502,6.5744,-0.9646,0.7801,2.4602,1.166,-7.2289

PRICE_WINDOW_180_ROW_126=20260514,15.4,15.5,14.95,14.95,510000,15.11,15.0235,15.19,14.8008,15.3871,-2.9221,-2.6059,-4.1667,0.7362,-0.4895,-1.58,-9.9398

PRICE_WINDOW_180_ROW_127=20260515,15.0,15.4,15.0,15.15,445000,15.14,15.0341,15.18,14.8008,15.3862,1.3378,1.0,-1.3029,0.6597,0.7711,-0.1976,-8.7349

PRICE_WINDOW_180_ROW_128=20260518,15.05,15.15,14.75,14.95,393000,15.12,15.0271,15.1175,14.8008,15.3838,-1.3201,-0.6645,-7.716,0.629,-0.5129,-1.108,-9.9398

PRICE_WINDOW_180_ROW_129=20260519,14.85,14.95,14.3,14.45,494000,14.98,14.979,15.0525,14.7892,15.3742,-3.3445,-4.6205,-8.254,0.8041,-3.5315,-4.0027,-12.9518

PRICE_WINDOW_180_ROW_130=20260520,14.45,14.5,14.3,14.45,244000,14.79,14.9349,15.01,14.7783,15.3654,0.0,-6.1688,-5.5556,0.4085,-3.2467,-3.7308,-12.9518

PRICE_WINDOW_180_ROW_131=20260521,14.55,15.15,14.55,15.05,461000,14.81,14.9445,14.98,14.7758,15.3625,4.1522,0.6689,-3.8339,0.7832,0.706,0.4673,-9.3373

PRICE_WINDOW_180_ROW_132=20260522,14.95,15.15,14.8,14.9,15000,14.76,14.9408,14.96,14.77,15.3583,-0.9967,-1.6502,-2.6144,0.0274,-0.273,-0.4011,-10.241

PRICE_WINDOW_180_ROW_133=20260525,15.1,15.1,14.75,15.0,15000,14.77,14.9457,14.94,14.77,15.355,0.6711,0.3344,-2.5974,0.0307,0.3632,0.4016,-9.6386

PRICE_WINDOW_180_ROW_134=20260526,15.0,15.1,14.8,15.05,15000,14.89,14.9544,14.9475,14.7725,15.3538,0.3333,4.1522,1.0067,0.032,0.6392,0.6857,-9.3373

PRICE_WINDOW_180_ROW_135=20260527,15.05,15.1,14.55,14.65,15000,14.93,14.929,14.915,14.7683,15.3504,-2.6578,1.3841,-4.2484,0.0337,-1.8691,-1.7767,-11.747

PRICE_WINDOW_180_ROW_136=20260528,14.6,14.75,14.5,14.75,300006,14.87,14.9141,14.905,14.7675,15.3475,0.6826,-1.9934,-1.3378,0.6906,-1.1004,-1.0399,-11.1446
