# PRICE_WINDOW_133

columns=date,open,high,low,close,volume,ma5,ema23,ma20,ma60,ma120,return_1d,return_5d,return_20d,volume_ratio,distance_to_ema23_pct,distance_to_ma20_pct,distance_to_high_60_pct

PRICE_WINDOW_180_ROW_001=20251103,27.9,27.9,27.7,27.8,18000,,,,,,,,,,,,

PRICE_WINDOW_180_ROW_002=20251104,27.65,27.7,27.65,27.7,2000,,,,,,-0.3597,,,,,,

PRICE_WINDOW_180_ROW_003=20251105,27.55,27.6,27.5,27.6,25000,,,,,,-0.361,,,,,,

PRICE_WINDOW_180_ROW_004=20251107,27.55,27.8,27.55,27.6,23000,,,,,,0.0,,,,,,

PRICE_WINDOW_180_ROW_005=20251110,27.55,27.55,27.5,27.5,17000,27.64,27.7393,27.64,27.64,27.64,-0.3623,,,1.0,-0.8627,-0.5065,-1.4337

PRICE_WINDOW_180_ROW_006=20251111,27.55,27.55,27.55,27.55,9000,27.59,27.7235,27.625,27.625,27.625,0.1818,-0.8993,,0.5745,-0.6259,-0.2715,-1.2545

PRICE_WINDOW_180_ROW_007=20251112,27.5,27.7,27.5,27.7,195000,27.59,27.7216,27.6357,27.6357,27.6357,0.5445,0.0,,4.7232,-0.0778,0.2326,-0.7168

PRICE_WINDOW_180_ROW_008=20251113,27.8,28.1,27.6,27.65,36000,27.6,27.7156,27.6375,27.6375,27.6375,-0.1805,0.1812,,0.8862,-0.2367,0.0452,-1.6014

PRICE_WINDOW_180_ROW_009=20251114,27.65,27.65,27.3,27.55,17000,27.59,27.7018,27.6278,27.6278,27.6278,-0.3617,-0.1812,,0.4474,-0.548,-0.2815,-1.9573

PRICE_WINDOW_180_ROW_010=20251117,27.45,27.45,27.35,27.35,19000,27.56,27.6725,27.6,27.6,27.6,-0.726,-0.5455,,0.5263,-1.1654,-0.9058,-2.669

PRICE_WINDOW_180_ROW_011=20251118,27.3,27.3,26.9,27.0,79000,27.45,27.6164,27.5455,27.5455,27.5455,-1.2797,-1.9964,,1.975,-2.2322,-1.9802,-3.9146

PRICE_WINDOW_180_ROW_012=20251119,26.8,26.8,25.95,26.25,153000,27.16,27.5026,27.4375,27.4375,27.4375,-2.7778,-5.2347,,3.0961,-4.5544,-4.328,-6.5836

PRICE_WINDOW_180_ROW_013=20251120,26.45,26.45,26.3,26.3,18000,26.89,27.4024,27.35,27.35,27.35,0.1905,-4.8825,,0.383,-4.0229,-3.8391,-6.4057

PRICE_WINDOW_180_ROW_014=20251121,26.25,26.3,26.15,26.2,11000,26.62,27.3022,27.2679,27.2679,27.2679,-0.3802,-4.9002,,0.2476,-4.0369,-3.9162,-6.7616

PRICE_WINDOW_180_ROW_015=20251124,26.0,26.15,25.8,25.85,55000,26.32,27.1811,27.1733,27.1733,27.1733,-1.3359,-5.4845,,1.2186,-4.8973,-4.87,-8.0071

PRICE_WINDOW_180_ROW_016=20251125,26.0,26.05,25.7,26.05,66000,26.13,27.0869,27.1031,27.1031,27.1031,0.7737,-3.5185,,1.4213,-3.828,-3.8856,-7.2954

PRICE_WINDOW_180_ROW_017=20251126,26.05,26.05,25.9,25.9,22000,26.06,26.988,27.0324,27.0324,27.0324,-0.5758,-1.3333,,0.4889,-4.0313,-4.1889,-7.8292

PRICE_WINDOW_180_ROW_018=20251127,25.9,26.0,25.9,25.95,10000,25.99,26.9015,26.9722,26.9722,26.9722,0.1931,-1.3308,,0.2323,-3.5369,-3.7899,-7.6512

PRICE_WINDOW_180_ROW_019=20251128,25.95,26.0,25.75,25.8,40000,25.91,26.8097,26.9105,26.9105,26.9105,-0.578,-1.5267,,0.9325,-3.7661,-4.1267,-8.1851

PRICE_WINDOW_180_ROW_020=20251201,25.85,25.85,25.85,25.85,1000,25.91,26.7297,26.8575,26.8575,26.8575,0.1938,0.0,,0.0245,-3.2912,-3.7513,-8.0071

PRICE_WINDOW_180_ROW_021=20251202,25.85,25.95,25.85,25.9,9000,25.88,26.6606,26.7625,26.8119,26.8119,0.1934,-0.5758,-6.8345,0.223,-2.8528,-3.2228,-7.8292

PRICE_WINDOW_180_ROW_022=20251203,25.9,26.05,25.85,26.05,39000,25.91,26.6097,26.68,26.7773,26.7773,0.5792,0.5792,-5.9567,0.9242,-2.1033,-2.3613,-7.2954

PRICE_WINDOW_180_ROW_023=20251204,26.05,26.05,26.05,26.05,4000,25.93,26.5631,26.6025,26.7457,26.7457,0.0,0.3854,-5.6159,0.0972,-1.9314,-2.0769,-7.2954

PRICE_WINDOW_180_ROW_024=20251205,26.0,26.05,26.0,26.05,3000,25.98,26.5203,26.525,26.7167,26.7167,0.0,0.969,-5.6159,0.0747,-1.7733,-1.7908,-7.2954

PRICE_WINDOW_180_ROW_025=20251208,26.0,26.0,25.9,25.9,20000,25.99,26.4686,26.445,26.684,26.684,-0.5758,0.1934,-5.8182,0.4963,-2.1482,-2.0609,-7.8292

PRICE_WINDOW_180_ROW_026=20251209,25.9,26.0,25.8,25.9,16000,25.99,26.4212,26.3625,26.6538,26.6538,0.0,0.0,-5.9891,0.3936,-1.9727,-1.7544,-7.8292

PRICE_WINDOW_180_ROW_027=20251210,25.85,25.85,25.7,25.7,21000,25.92,26.3611,26.2625,26.6185,26.6185,-0.7722,-1.3436,-7.2202,0.6573,-2.5079,-2.1418,-8.5409

PRICE_WINDOW_180_ROW_028=20251211,25.6,25.7,25.5,25.55,78000,25.82,26.2935,26.1575,26.5804,26.5804,-0.5837,-1.9194,-7.5949,2.2907,-2.8278,-2.3225,-9.0747

PRICE_WINDOW_180_ROW_029=20251212,25.6,25.6,25.55,25.6,10000,25.73,26.2357,26.06,26.5466,26.5466,0.1957,-1.7274,-7.078,0.2967,-2.4232,-1.7652,-8.8968

PRICE_WINDOW_180_ROW_030=20251215,25.5,25.55,25.4,25.55,45000,25.66,26.1786,25.97,26.5133,26.5133,-0.1953,-1.3514,-6.5814,1.2857,-2.4012,-1.6173,-9.0747

PRICE_WINDOW_180_ROW_031=20251216,25.5,25.6,25.45,25.55,20000,25.59,26.1262,25.8975,26.4823,26.4823,0.0,-1.3514,-5.3704,0.624,-2.2055,-1.3418,-9.0747

PRICE_WINDOW_180_ROW_032=20251217,25.6,25.6,25.55,25.55,8000,25.56,26.0782,25.8625,26.4531,26.4531,0.0,-0.5837,-2.6667,0.3226,-2.0254,-1.2083,-9.0747

PRICE_WINDOW_180_ROW_033=20251218,25.6,25.65,25.6,25.65,5000,25.58,26.0425,25.83,26.4288,26.4288,0.3914,0.3914,-2.4715,0.207,-1.5072,-0.6969,-8.7189

PRICE_WINDOW_180_ROW_034=20251219,25.65,25.65,25.5,25.55,29000,25.57,26.0015,25.7975,26.4029,26.4029,-0.3899,-0.1953,-2.4809,1.1577,-1.7363,-0.9594,-9.0747

PRICE_WINDOW_180_ROW_035=20251222,25.55,25.55,25.5,25.55,22000,25.57,25.9638,25.7825,26.3786,26.3786,0.0,0.0,-1.1605,0.9402,-1.5939,-0.9018,-9.0747

PRICE_WINDOW_180_ROW_036=20251223,25.55,25.55,25.5,25.55,19000,25.57,25.9294,25.7575,26.3556,26.3556,0.0,0.0,-1.9194,0.9026,-1.463,-0.8056,-9.0747

PRICE_WINDOW_180_ROW_037=20251224,25.55,25.6,25.5,25.55,31000,25.57,25.8977,25.74,26.3338,26.3338,0.0,0.0,-1.3514,1.4419,-1.3428,-0.7382,-9.0747

PRICE_WINDOW_180_ROW_038=20251226,25.55,25.7,25.5,25.7,35000,25.58,25.8813,25.7275,26.3171,26.3171,0.5871,0.1949,-0.9634,1.5385,-0.7004,-0.1069,-8.5409

PRICE_WINDOW_180_ROW_039=20251229,25.7,25.7,25.55,25.55,14000,25.58,25.8537,25.715,26.2974,26.2974,-0.5837,0.0,-0.969,0.6527,-1.1745,-0.6416,-9.0747

PRICE_WINDOW_180_ROW_040=20251230,25.55,25.55,25.5,25.5,22000,25.57,25.8242,25.6975,26.2775,26.2775,-0.1957,-0.1957,-1.354,0.9778,-1.2554,-0.7686,-9.2527

PRICE_WINDOW_180_ROW_041=20251231,25.55,25.7,25.55,25.65,12000,25.59,25.8097,25.685,26.2622,26.2622,0.5882,0.3914,-0.9653,0.5298,-0.6186,-0.1363,-8.7189

PRICE_WINDOW_180_ROW_042=20260102,25.95,25.95,25.6,25.6,17000,25.6,25.7922,25.6625,26.2464,26.2464,-0.1949,0.1957,-1.7274,0.7889,-0.7452,-0.2435,-8.8968

PRICE_WINDOW_180_ROW_043=20260105,25.6,25.6,25.35,25.4,38000,25.54,25.7595,25.63,26.2267,26.2267,-0.7813,-1.1673,-2.4952,1.6344,-1.3957,-0.8974,-9.6085

PRICE_WINDOW_180_ROW_044=20260106,25.4,25.6,25.25,25.45,23000,25.52,25.7337,25.6,26.2091,26.2091,0.1969,-0.3914,-2.3033,0.9485,-1.1025,-0.5859,-9.4306

PRICE_WINDOW_180_ROW_045=20260107,25.4,25.45,25.4,25.45,21000,25.51,25.7101,25.5775,26.1922,26.1922,0.0,-0.1961,-1.7375,0.8642,-1.0116,-0.4985,-9.4306

PRICE_WINDOW_180_ROW_046=20260108,25.35,25.35,25.35,25.35,5000,25.45,25.6801,25.55,26.1739,26.1739,-0.3929,-1.1696,-2.1236,0.2105,-1.2853,-0.7828,-9.7865

PRICE_WINDOW_180_ROW_047=20260109,25.4,25.5,25.3,25.5,24000,25.43,25.6651,25.54,26.1596,26.1596,0.5917,-0.3906,-0.7782,1.0042,-0.6432,-0.1566,-9.2527

PRICE_WINDOW_180_ROW_048=20260112,25.45,25.45,25.25,25.35,45000,25.42,25.6388,25.53,26.1427,26.1427,-0.5882,-0.1969,-0.7828,2.0225,-1.1265,-0.7051,-9.7865

PRICE_WINDOW_180_ROW_049=20260113,25.35,25.35,25.3,25.3,15000,25.39,25.6106,25.515,26.1255,26.1255,-0.1972,-0.5894,-1.1719,0.6667,-1.2127,-0.8426,-9.9644

PRICE_WINDOW_180_ROW_050=20260114,25.3,25.4,25.25,25.35,45000,25.37,25.5889,25.505,26.11,26.11,0.1976,-0.3929,-0.7828,2.0,-0.9335,-0.6077,-9.7865

PRICE_WINDOW_180_ROW_051=20260115,25.45,25.5,25.4,25.5,18000,25.4,25.5815,25.5025,26.098,26.098,0.5917,0.5917,-0.1957,0.8036,-0.3184,-0.0098,-9.2527

PRICE_WINDOW_180_ROW_052=20260116,25.65,25.65,25.3,25.45,52000,25.39,25.5705,25.4975,26.0856,26.0856,-0.1961,-0.1961,-0.3914,2.1138,-0.4713,-0.1863,-9.4306

PRICE_WINDOW_180_ROW_053=20260119,25.45,25.7,25.45,25.5,42000,25.42,25.5646,25.49,26.0745,26.0745,0.1965,0.5917,-0.5848,1.5879,-0.2528,0.0392,-9.2527

PRICE_WINDOW_180_ROW_054=20260120,25.5,25.5,25.35,25.45,23000,25.45,25.5551,25.485,26.063,26.063,-0.1961,0.5929,-0.3914,0.8795,-0.4112,-0.1373,-9.4306

PRICE_WINDOW_180_ROW_055=20260121,25.45,25.8,25.4,25.5,26000,25.48,25.5505,25.4825,26.0527,26.0527,0.1965,0.5917,-0.1957,0.9867,-0.1976,0.0687,-9.2527

PRICE_WINDOW_180_ROW_056=20260122,25.5,25.5,25.4,25.5,44000,25.48,25.5463,25.48,26.0429,26.0429,0.0,0.0,-0.1957,1.5942,-0.1812,0.0785,-9.2527

PRICE_WINDOW_180_ROW_057=20260123,25.5,25.5,25.45,25.45,29000,25.48,25.5383,25.475,26.0325,26.0325,-0.1961,0.0,-0.3914,1.0545,-0.3456,-0.0981,-9.4306

PRICE_WINDOW_180_ROW_058=20260126,25.3,25.7,25.3,25.45,12000,25.47,25.5309,25.4625,26.0224,26.0224,0.0,-0.1961,-0.9728,0.4554,-0.3169,-0.0491,-9.4306

PRICE_WINDOW_180_ROW_059=20260127,25.45,25.5,25.4,25.4,14000,25.46,25.52,25.455,26.0119,26.0119,-0.1965,-0.1965,-0.5871,0.5313,-0.4702,-0.2161,-9.6085

PRICE_WINDOW_180_ROW_060=20260128,25.5,25.5,25.3,25.3,24000,25.42,25.5017,25.445,26.0,26.0,-0.3937,-0.7843,-0.7843,0.9074,-0.7908,-0.5699,-9.9644

PRICE_WINDOW_180_ROW_061=20260129,25.45,25.45,25.25,25.25,31000,25.37,25.4807,25.425,25.9575,25.9877,-0.1976,-0.9804,-1.5595,1.1314,-0.9053,-0.6883,-10.1423

PRICE_WINDOW_180_ROW_062=20260130,25.2,25.25,25.2,25.25,23000,25.33,25.4615,25.4075,25.9167,25.9758,0.0,-0.7859,-1.3672,0.8303,-0.8305,-0.6199,-10.1423

PRICE_WINDOW_180_ROW_063=20260202,25.2,25.2,25.1,25.2,15000,25.28,25.4397,25.3975,25.8767,25.9635,-0.198,-0.9823,-0.7874,0.565,-0.9421,-0.7776,-10.3203

PRICE_WINDOW_180_ROW_064=20260203,25.25,25.25,25.25,25.25,6000,25.25,25.4239,25.3875,25.8375,25.9523,0.1984,-0.5906,-0.7859,0.2335,-0.6839,-0.5416,-10.1423

PRICE_WINDOW_180_ROW_065=20260204,25.25,25.3,25.15,25.15,23000,25.22,25.401,25.3725,25.7983,25.94,-0.396,-0.5929,-1.1788,0.8915,-0.9883,-0.8769,-10.4982

PRICE_WINDOW_180_ROW_066=20260205,25.1,25.15,25.05,25.15,37000,25.2,25.3801,25.3625,25.7583,25.928,0.0,-0.396,-0.789,1.3504,-0.9067,-0.8379,-10.4982

PRICE_WINDOW_180_ROW_067=20260206,25.1,25.1,25.05,25.1,13000,25.17,25.3568,25.3425,25.715,25.9157,-0.1988,-0.5941,-1.5686,0.4842,-1.0127,-0.9569,-10.6762

PRICE_WINDOW_180_ROW_068=20260209,25.05,25.1,25.05,25.1,15000,25.15,25.3354,25.33,25.6725,25.9037,0.0,-0.3968,-0.9862,0.5917,-0.9291,-0.908,-9.2224

PRICE_WINDOW_180_ROW_069=20260210,25.6,25.6,25.2,25.45,13000,25.19,25.3449,25.3375,25.6375,25.8971,1.3944,0.7921,0.5929,0.5149,0.4145,0.444,-7.286

PRICE_WINDOW_180_ROW_070=20260211,25.45,25.45,25.2,25.35,27000,25.23,25.3454,25.3375,25.6042,25.8893,-0.3929,0.7952,0.0,1.1088,0.0183,0.0493,-7.1429

PRICE_WINDOW_180_ROW_071=20260223,25.4,25.4,25.3,25.3,10000,25.26,25.3416,25.3275,25.5758,25.881,-0.1972,0.5964,-0.7843,0.4175,-0.1641,-0.1086,-5.597

PRICE_WINDOW_180_ROW_072=20260224,25.3,25.3,25.1,25.15,22000,25.27,25.3256,25.3125,25.5575,25.8708,-0.5929,0.1992,-1.1788,0.98,-0.6934,-0.642,-4.9149

PRICE_WINDOW_180_ROW_073=20260225,25.15,25.2,25.1,25.1,31000,25.27,25.3068,25.2925,25.5375,25.8603,-0.1988,0.0,-1.5686,1.4155,-0.8172,-0.7611,-4.5627

PRICE_WINDOW_180_ROW_074=20260226,25.1,25.15,25.1,25.15,17000,25.21,25.2937,25.2775,25.52,25.8507,0.1992,-1.1788,-1.1788,0.787,-0.5683,-0.5044,-3.8241

PRICE_WINDOW_180_ROW_075=20260302,25.15,25.2,25.1,25.2,14000,25.18,25.2859,25.2625,25.5092,25.842,0.1988,-0.5917,-1.1765,0.6667,-0.3398,-0.2474,-3.263

PRICE_WINDOW_180_ROW_076=20260303,25.1,25.15,24.95,25.05,38000,25.13,25.2663,25.24,25.4925,25.8316,-0.5952,-0.9881,-1.7647,1.8357,-0.856,-0.7528,-3.8388

PRICE_WINDOW_180_ROW_077=20260304,24.95,24.95,24.9,24.95,25000,25.09,25.2399,25.215,25.4767,25.8201,-0.3992,-0.7952,-1.9646,1.2195,-1.1486,-1.051,-4.2226

PRICE_WINDOW_180_ROW_078=20260305,25.05,25.6,24.8,25.55,70000,25.18,25.2658,25.22,25.47,25.8167,2.4048,1.7928,0.3929,2.9915,1.125,1.3085,-1.9194

PRICE_WINDOW_180_ROW_079=20260306,25.55,25.55,25.45,25.45,14000,25.24,25.2811,25.2225,25.4642,25.812,-0.3914,1.1928,0.1969,0.5983,0.6681,0.902,-2.3033

PRICE_WINDOW_180_ROW_080=20260309,25.15,25.15,24.95,25.05,10000,25.21,25.2618,25.21,25.4508,25.8025,-1.5717,-0.5952,-0.9881,0.4405,-0.8386,-0.6347,-3.8388

PRICE_WINDOW_180_ROW_081=20260310,25.25,25.3,25.25,25.25,25000,25.25,25.2609,25.21,25.44,25.7957,0.7984,0.7984,0.0,1.1161,-0.043,0.1587,-3.071

PRICE_WINDOW_180_ROW_082=20260311,25.25,25.5,25.05,25.5,29000,25.36,25.2808,25.2225,25.4308,25.7921,0.9901,2.2044,0.9901,1.2775,0.8671,1.1002,-2.1113

PRICE_WINDOW_180_ROW_083=20260312,25.45,25.65,25.3,25.65,13000,25.38,25.3116,25.245,25.4242,25.7904,0.5882,0.3914,1.7857,0.5752,1.3371,1.6043,-1.5355

PRICE_WINDOW_180_ROW_084=20260313,25.0,25.25,25.0,25.05,26000,25.3,25.2898,25.235,25.4075,25.7815,-2.3392,-1.5717,-0.7921,1.1017,-0.9481,-0.7331,-3.6538

PRICE_WINDOW_180_ROW_085=20260316,24.9,24.9,24.8,24.85,38000,25.26,25.2531,25.22,25.39,25.7706,-0.7984,-0.7984,-1.1928,1.5606,-1.5963,-1.4671,-4.4231

PRICE_WINDOW_180_ROW_086=20260317,24.85,25.0,24.85,24.9,32000,25.19,25.2237,25.2075,25.3733,25.7605,0.2012,-1.3861,-0.994,1.3278,-1.2833,-1.2199,-4.0462

PRICE_WINDOW_180_ROW_087=20260318,24.9,24.9,24.85,24.9,23000,25.07,25.1967,25.1975,25.36,25.7506,0.0,-2.3529,-0.7968,0.935,-1.1776,-1.1807,-4.0462

PRICE_WINDOW_180_ROW_088=20260319,24.8,24.85,24.7,24.7,45000,24.88,25.1553,25.1775,25.3458,25.7386,-0.8032,-3.7037,-1.5936,1.7241,-1.81,-1.8965,-4.817

PRICE_WINDOW_180_ROW_089=20260320,24.7,24.85,24.65,24.8,28000,24.83,25.1257,25.145,25.3325,25.7281,0.4049,-0.998,-2.554,1.0428,-1.2963,-1.372,-4.4316

PRICE_WINDOW_180_ROW_090=20260323,24.8,24.8,24.5,24.8,72000,24.82,25.0986,25.1175,25.32,25.7178,0.0,-0.2012,-2.1696,2.4742,-1.1896,-1.2641,-4.4316

PRICE_WINDOW_180_ROW_091=20260324,24.75,24.8,24.75,24.8,5000,24.8,25.0737,25.0925,25.3075,25.7077,0.0,-0.4016,-1.9763,0.1733,-1.0915,-1.1657,-4.4316

PRICE_WINDOW_180_ROW_092=20260325,24.8,24.8,24.65,24.75,8000,24.77,25.0467,25.0725,25.2942,25.6973,-0.2016,-0.6024,-1.5905,0.2842,-1.1846,-1.2863,-4.6243

PRICE_WINDOW_180_ROW_093=20260326,24.75,24.8,24.75,24.8,9000,24.79,25.0262,25.0575,25.28,25.6876,0.202,0.4049,-1.1952,0.3327,-0.9037,-1.0276,-4.4316

PRICE_WINDOW_180_ROW_094=20260327,24.65,24.75,24.6,24.65,12000,24.76,24.9948,25.0325,25.265,25.6766,-0.6048,-0.6048,-1.9881,0.4478,-1.3795,-1.528,-5.0096

PRICE_WINDOW_180_ROW_095=20260330,24.6,24.8,24.6,24.75,10000,24.75,24.9744,25.01,25.2517,25.6668,0.4057,-0.2016,-1.7857,0.3759,-0.8986,-1.0396,-4.6243

PRICE_WINDOW_180_ROW_096=20260331,24.7,24.85,24.7,24.85,3000,24.76,24.964,25.0,25.24,25.6583,0.404,0.2016,-0.7984,0.1207,-0.4568,-0.6,-4.2389

PRICE_WINDOW_180_ROW_097=20260401,25.0,25.0,24.75,24.8,11000,24.77,24.9504,24.9925,25.2275,25.6495,-0.2012,0.202,-0.6012,0.4555,-0.6027,-0.7702,-4.4316

PRICE_WINDOW_180_ROW_098=20260402,24.8,24.8,24.5,24.55,27000,24.72,24.917,24.9425,25.2083,25.6383,-1.0081,-1.0081,-3.9139,1.2273,-1.4729,-1.5736,-5.395

PRICE_WINDOW_180_ROW_099=20260407,24.7,24.7,24.5,24.5,15000,24.69,24.8823,24.895,25.1908,25.6268,-0.2037,-0.6085,-3.7328,0.6803,-1.5363,-1.5867,-5.5877

PRICE_WINDOW_180_ROW_100=20260408,24.5,24.5,24.45,24.5,30000,24.64,24.8504,24.8675,25.1742,25.6155,0.0,-1.0101,-2.1956,1.3015,-1.41,-1.4778,-5.5877

PRICE_WINDOW_180_ROW_101=20260409,24.55,24.7,24.5,24.55,17000,24.58,24.8254,24.8325,25.1558,25.605,0.2041,-1.2072,-2.7723,0.7506,-1.1092,-1.1376,-5.395

PRICE_WINDOW_180_ROW_102=20260410,24.55,24.55,24.35,24.45,40000,24.51,24.7941,24.78,25.1367,25.5936,-0.4073,-1.4113,-4.1176,1.7241,-1.3878,-1.3317,-5.2326

PRICE_WINDOW_180_ROW_103=20260413,24.8,24.8,24.2,24.6,46000,24.52,24.7779,24.7275,25.1233,25.584,0.6135,0.2037,-4.0936,1.8511,-0.718,-0.5156,-4.6512

PRICE_WINDOW_180_ROW_104=20260414,24.6,24.75,24.4,24.4,14000,24.5,24.7464,24.695,25.1058,25.5726,-0.813,-0.4082,-2.5948,0.5773,-1.3999,-1.1946,-5.4264

PRICE_WINDOW_180_ROW_105=20260415,24.5,24.5,24.3,24.4,10000,24.48,24.7176,24.6725,25.0883,25.5614,0.0,-0.4082,-1.8109,0.4376,-1.2847,-1.1045,-5.4264

PRICE_WINDOW_180_ROW_106=20260416,24.6,24.6,24.3,24.5,21000,24.47,24.6994,24.6525,25.0742,25.5514,0.4098,-0.2037,-1.6064,0.9417,-0.8074,-0.6186,-5.0388

PRICE_WINDOW_180_ROW_107=20260417,24.45,24.5,24.3,24.5,25000,24.48,24.6828,24.6325,25.0575,25.5416,0.0,0.2045,-1.6064,1.1161,-0.7406,-0.5379,-5.0388

PRICE_WINDOW_180_ROW_108=20260420,24.25,24.45,24.2,24.2,46000,24.4,24.6426,24.6075,25.0383,25.5292,-1.2245,-1.626,-2.0243,2.049,-1.796,-1.656,-6.2016

PRICE_WINDOW_180_ROW_109=20260421,24.25,24.3,24.2,24.3,15000,24.38,24.614,24.5825,25.0217,25.5179,0.4132,-0.4098,-2.0161,0.6881,-1.2758,-1.1492,-5.814

PRICE_WINDOW_180_ROW_110=20260422,24.3,24.5,24.25,24.4,34000,24.38,24.5962,24.5625,25.0058,25.5077,0.4115,0.0,-1.6129,1.7085,-0.7976,-0.6616,-5.4264

PRICE_WINDOW_180_ROW_111=20260423,24.35,24.4,24.1,24.35,34000,24.35,24.5757,24.54,24.9867,25.4973,-0.2049,-0.6122,-1.8145,1.5925,-0.9183,-0.7742,-5.6202

PRICE_WINDOW_180_ROW_112=20260424,24.3,24.3,24.2,24.25,9000,24.3,24.5485,24.515,24.9667,25.4862,-0.4107,-1.0204,-2.0202,0.4206,-1.2161,-1.081,-6.0078

PRICE_WINDOW_180_ROW_113=20260427,24.15,24.15,24.0,24.1,40000,24.28,24.5112,24.48,24.9433,25.4739,-0.6186,-0.4132,-2.8226,1.7429,-1.6774,-1.5523,-6.5891

PRICE_WINDOW_180_ROW_114=20260428,24.0,24.1,24.0,24.1,16000,24.24,24.4769,24.4525,24.9208,25.4618,0.0,-0.823,-2.2312,0.6911,-1.5398,-1.4416,-6.5891

PRICE_WINDOW_180_ROW_115=20260429,24.0,24.0,23.5,23.65,96000,24.09,24.408,24.3975,24.89,25.4461,-1.8672,-3.0738,-4.4444,3.4973,-3.1055,-3.0638,-7.9767

PRICE_WINDOW_180_ROW_116=20260430,23.65,23.7,23.65,23.7,21000,23.96,24.349,24.34,24.86,25.431,0.2114,-2.6694,-4.6278,0.7407,-2.6653,-2.6294,-7.7821

PRICE_WINDOW_180_ROW_117=20260504,23.7,23.7,23.6,23.7,37000,23.85,24.2949,24.285,24.8308,25.4162,0.0,-2.268,-4.4355,1.2479,-2.4487,-2.4089,-7.7821

PRICE_WINDOW_180_ROW_118=20260505,23.5,23.6,23.45,23.5,58000,23.73,24.2287,24.2325,24.7983,25.4,-0.8439,-2.4896,-4.277,1.859,-3.0074,-3.0228,-8.3821

PRICE_WINDOW_180_ROW_119=20260506,23.55,23.9,23.45,23.5,20000,23.61,24.1679,24.1825,24.7667,25.384,0.0,-2.4896,-4.0816,0.6359,-2.7637,-2.8223,-8.3821

PRICE_WINDOW_180_ROW_120=20260507,23.5,23.75,23.35,23.7,46000,23.62,24.1289,24.1425,24.74,25.37,0.8511,0.2114,-3.2653,1.4264,-1.7777,-1.8329,-7.6023

PRICE_WINDOW_180_ROW_121=20260508,23.5,23.75,23.5,23.75,23000,23.63,24.0974,24.1025,24.715,25.3362,0.211,0.211,-3.2587,0.7066,-1.4415,-1.4625,-7.4074

PRICE_WINDOW_180_ROW_122=20260511,23.5,23.55,23.45,23.5,16000,23.59,24.0476,24.055,24.6858,25.3012,-1.0526,-0.8439,-3.8855,0.5104,-2.2771,-2.3072,-8.3821

PRICE_WINDOW_180_ROW_123=20260512,25.85,25.85,25.85,25.85,132000,24.06,24.1978,24.1175,24.6967,25.2867,10.0,10.0,5.0813,3.7027,6.828,7.1836,0.0

PRICE_WINDOW_180_ROW_124=20260513,27.45,28.4,26.5,28.4,473000,25.04,24.548,24.3175,24.7492,25.2933,9.8646,20.8511,16.3934,8.0717,15.6918,16.7883,0.0

PRICE_WINDOW_180_ROW_125=20260514,28.4,28.4,26.6,27.0,357000,25.7,24.7523,24.4475,24.78,25.2892,-4.9296,13.9241,10.6557,4.7005,9.0807,10.4407,-4.9296

PRICE_WINDOW_180_ROW_126=20260515,27.1,27.1,26.5,26.5,79000,26.25,24.8979,24.5475,24.8025,25.2804,-1.8519,11.5789,8.1633,1.0019,6.4345,7.954,-6.6901

PRICE_WINDOW_180_ROW_127=20260518,26.1,26.3,25.9,25.9,54000,26.73,24.9815,24.6175,24.8158,25.2654,-2.2642,10.2128,5.7143,0.6725,3.6769,5.2097,-8.8028

PRICE_WINDOW_180_ROW_128=20260519,26.0,26.0,24.8,25.6,63000,26.68,25.033,24.6875,24.8242,25.2483,-1.1583,-0.9671,5.7851,0.7763,2.265,3.6962,-9.8592

PRICE_WINDOW_180_ROW_129=20260520,25.9,26.15,25.6,26.15,25000,26.23,25.1261,24.78,24.8358,25.2367,2.1484,-7.9225,7.6132,0.3062,4.0751,5.5287,-7.9225

PRICE_WINDOW_180_ROW_130=20260521,26.5,26.65,26.1,26.4,15000,26.11,25.2322,24.88,24.8533,25.2287,0.956,-2.2222,8.1967,0.1859,4.628,6.1093,-7.0423

PRICE_WINDOW_180_ROW_131=20260522,26.9,26.9,26.15,26.6,27000,26.13,25.3462,24.9925,24.875,25.2254,0.7576,0.3774,9.2402,0.336,4.9466,6.4319,-6.338

PRICE_WINDOW_180_ROW_132=20260525,26.5,26.5,25.5,25.75,26000,26.1,25.3799,25.0675,24.885,25.2212,-3.1955,-0.5792,6.1856,0.3202,1.4584,2.7226,-9.331

PRICE_WINDOW_180_ROW_133=20260526,25.75,26.0,25.65,26.0,26000,26.18,25.4315,25.1625,24.9,25.2188,0.9709,1.5625,7.8838,0.323,2.2352,3.3284,-8.4507
