# PRICE_WINDOW_75

columns=date,open,high,low,close,volume,ma5,ma20,ma60,ma120,ema23,return_1d,return_5d,return_20d,volume_ratio,distance_to_ma20_pct,distance_to_high_60_pct

PRICE_WINDOW_180_ROW_001=20260129,49.05,53.0,46.8,49.0,5700000,,,,,,,,,,,

PRICE_WINDOW_180_ROW_002=20260130,47.0,47.0,41.0,42.5,2992000,,,,,,-13.2653,,,,,

PRICE_WINDOW_180_ROW_003=20260202,42.75,45.6,42.5,44.2,1356000,,,,,,4.0,,,,,

PRICE_WINDOW_180_ROW_004=20260203,45.0,45.8,43.5,45.75,1268000,,,,,,3.5068,,,,,

PRICE_WINDOW_180_ROW_005=20260204,45.9,48.9,45.75,47.35,1397000,45.76,45.76,45.76,45.76,47.8609,3.4973,,,0.5494,3.4747,-10.6604

PRICE_WINDOW_180_ROW_006=20260205,45.8,46.8,45.05,45.7,890000,45.1,45.75,45.75,45.75,47.6808,-3.4847,-6.7347,,0.3926,-0.1093,-13.7736

PRICE_WINDOW_180_ROW_007=20260206,45.05,45.9,43.5,44.2,646000,45.44,45.5286,45.5286,45.5286,47.3908,-3.2823,4.0,,0.3174,-2.9181,-16.6038

PRICE_WINDOW_180_ROW_008=20260209,48.6,48.6,48.6,48.6,450000,46.32,45.9125,45.9125,45.9125,47.4915,9.9548,9.9548,,0.2449,5.8535,-8.3019

PRICE_WINDOW_180_ROW_009=20260210,53.3,53.4,49.9,53.4,1558000,47.85,46.7444,46.7444,46.7444,47.9839,9.8765,16.7213,,0.8625,14.2382,0.0

PRICE_WINDOW_180_ROW_010=20260211,57.8,58.7,57.2,58.7,1444000,50.12,47.94,47.94,47.94,48.8769,9.9251,23.9704,,0.8158,22.4447,0.0

PRICE_WINDOW_180_ROW_011=20260223,64.5,64.5,64.5,64.5,542000,53.88,49.4455,49.4455,49.4455,50.1788,9.8807,41.1379,,0.3268,30.4468,0.0

PRICE_WINDOW_180_ROW_012=20260224,70.9,70.9,70.9,70.9,1330000,59.22,51.2333,51.2333,51.2333,51.9056,9.9225,60.4072,,0.8154,38.3865,0.0

PRICE_WINDOW_180_ROW_013=20260225,77.9,77.9,77.9,77.9,862000,65.08,53.2846,53.2846,53.2846,54.0718,9.8731,60.2881,,0.5484,46.196,0.0

PRICE_WINDOW_180_ROW_014=20260226,85.6,85.6,81.8,85.6,2851000,71.52,55.5929,55.5929,55.5929,56.6991,9.8845,60.2996,,1.7141,53.9766,0.0

PRICE_WINDOW_180_ROW_015=20260302,87.0,94.1,87.0,94.1,1302000,78.6,58.16,58.16,58.16,59.8159,9.9299,60.3066,,0.7943,61.795,0.0

PRICE_WINDOW_180_ROW_016=20260303,103.5,103.5,103.5,103.5,325000,86.4,60.9938,60.9938,60.9938,63.4562,9.9894,60.4651,,0.2087,69.6895,0.0

PRICE_WINDOW_180_ROW_017=20260304,98.0,98.0,93.2,93.2,669000,90.86,62.8882,62.8882,62.8882,65.9349,-9.9517,31.4528,,0.4446,48.1994,-9.9517

PRICE_WINDOW_180_ROW_018=20260305,100.0,102.5,83.9,94.0,1250000,94.08,64.6167,64.6167,64.6167,68.2736,0.8584,20.6675,,0.8386,45.4733,-9.1787

PRICE_WINDOW_180_ROW_019=20260306,91.0,95.0,88.0,95.0,503000,95.96,66.2158,66.2158,66.2158,70.5008,1.0638,10.9813,,0.3496,43.4703,-8.2126

PRICE_WINDOW_180_ROW_020=20260309,90.6,103.5,88.5,103.0,801000,97.74,68.055,68.055,68.055,73.2091,8.4211,9.458,,0.5694,51.3482,-0.4831

PRICE_WINDOW_180_ROW_021=20260310,110.0,110.0,97.3,101.5,493000,97.34,70.68,69.6476,69.6476,75.5667,-1.4563,-1.9324,107.1429,0.43,43.605,-7.7273

PRICE_WINDOW_180_ROW_022=20260311,101.5,107.0,101.5,104.0,529000,99.5,73.755,71.2091,71.2091,77.9361,2.4631,11.588,144.7059,0.517,41.0074,-5.4545

PRICE_WINDOW_180_ROW_023=20260312,100.5,111.0,100.5,111.0,477000,102.9,77.095,72.9391,72.9391,80.6914,6.7308,18.0851,151.1312,0.4871,43.9782,0.0

PRICE_WINDOW_180_ROW_024=20260313,100.5,111.0,100.5,110.0,508000,105.9,80.3075,74.4833,74.4833,83.1338,-0.9009,15.7895,140.4372,0.5397,36.9735,-0.9009

PRICE_WINDOW_180_ROW_025=20260316,115.0,121.0,113.0,121.0,768000,109.5,83.99,76.344,76.344,86.2893,10.0,17.4757,155.5438,0.844,44.0648,0.0

PRICE_WINDOW_180_ROW_026=20260317,117.5,132.0,117.5,132.0,672000,115.6,88.305,78.4846,78.4846,90.0986,9.0909,30.0493,188.8403,0.7475,49.4819,0.0

PRICE_WINDOW_180_ROW_027=20260318,141.0,145.0,140.5,145.0,628000,123.8,93.345,80.9481,80.9481,94.6737,9.8485,39.4231,228.0543,0.6993,55.3377,0.0

PRICE_WINDOW_180_ROW_028=20260319,159.0,159.5,155.0,159.5,1055000,133.5,98.89,83.7536,83.7536,100.0759,10.0,43.6937,228.1893,1.1364,61.2903,0.0

PRICE_WINDOW_180_ROW_029=20260320,175.0,175.0,154.0,164.5,3062000,144.4,104.445,86.5379,86.5379,105.4445,3.1348,49.5455,208.0524,3.0512,57.4992,-6.0

PRICE_WINDOW_180_ROW_030=20260323,148.5,148.5,148.5,148.5,510000,149.9,108.935,88.6033,88.6033,109.0325,-9.7264,22.7273,152.9813,0.533,36.3198,-15.1429

PRICE_WINDOW_180_ROW_031=20260324,134.0,134.0,134.0,134.0,512000,150.3,112.41,90.0677,90.0677,111.1131,-9.7643,1.5152,107.7519,0.5359,19.2065,-23.4286

PRICE_WINDOW_180_ROW_032=20260325,123.0,137.0,123.0,132.5,1255000,147.8,115.49,91.3938,91.3938,112.8954,-1.1194,-8.6207,86.8829,1.3188,14.7285,-24.2857

PRICE_WINDOW_180_ROW_033=20260326,133.0,135.5,124.0,124.0,490000,140.7,117.795,92.3818,92.3818,113.8208,-6.4151,-22.2571,59.1784,0.5252,5.2676,-29.1429

PRICE_WINDOW_180_ROW_034=20260327,121.0,122.0,112.0,116.0,744000,131.0,119.315,93.0765,93.0765,114.0024,-6.4516,-29.4833,35.514,0.8989,-2.7784,-33.7143

PRICE_WINDOW_180_ROW_035=20260330,114.0,120.0,108.0,118.0,547000,124.9,120.51,93.7886,93.7886,114.3355,1.7241,-20.5387,25.3985,0.6925,-2.0828,-32.5714

PRICE_WINDOW_180_ROW_036=20260331,114.5,118.0,106.5,106.5,406000,119.4,120.66,94.1417,94.1417,113.6825,-9.7458,-20.5224,2.8986,0.5114,-11.7355,-39.1429

PRICE_WINDOW_180_ROW_037=20260401,109.0,110.0,103.0,109.0,562000,114.7,121.45,94.5432,94.5432,113.2923,2.3474,-17.7358,16.9528,0.7127,-10.2511,-37.7143

PRICE_WINDOW_180_ROW_038=20260402,109.0,109.0,98.1,98.2,589000,109.54,121.66,94.6395,94.6395,112.0346,-9.9083,-20.8065,4.4681,0.7796,-19.2832,-43.8857

PRICE_WINDOW_180_ROW_039=20260407,100.5,108.0,100.5,108.0,442000,107.94,122.31,94.9821,94.9821,111.6984,9.9796,-6.8966,13.6842,0.5874,-11.6998,-38.2857

PRICE_WINDOW_180_ROW_040=20260408,113.0,118.5,113.0,118.5,324000,108.04,123.085,95.57,95.57,112.2652,9.7222,0.4237,15.0485,0.4447,-3.7251,-32.2857

PRICE_WINDOW_180_ROW_041=20260409,120.0,124.5,118.0,119.0,609000,110.54,123.96,96.1415,96.1415,112.8264,0.4219,11.7371,17.2414,0.8292,-4.0013,-32.0

PRICE_WINDOW_180_ROW_042=20260410,123.0,123.0,117.0,121.5,332000,113.04,124.835,96.7452,96.7452,113.5492,2.1008,11.4679,16.8269,0.4582,-2.6715,-30.5714

PRICE_WINDOW_180_ROW_043=20260413,120.0,124.0,119.0,123.0,257000,118.0,125.435,97.3558,97.3558,114.3368,1.2346,25.2546,10.8108,0.3601,-1.9412,-29.7143

PRICE_WINDOW_180_ROW_044=20260414,126.5,132.0,125.0,127.5,525000,121.9,126.31,98.0409,98.0409,115.4337,3.6585,18.0556,15.9091,0.7348,0.9421,-27.1429

PRICE_WINDOW_180_ROW_045=20260415,130.0,135.0,130.0,135.0,500000,125.2,127.01,98.8622,98.8622,117.0643,5.8824,13.9241,11.5702,0.7132,6.2908,-22.8571

PRICE_WINDOW_180_ROW_046=20260416,139.5,143.0,133.0,142.0,633000,129.8,127.51,99.8,99.8,119.1422,5.1852,19.3277,7.5758,0.9054,11.3638,-18.8571

PRICE_WINDOW_180_ROW_047=20260417,128.0,135.0,128.0,129.0,3958000,131.3,126.71,100.4213,100.4213,119.9637,-9.1549,6.1728,-11.0345,4.5726,1.8073,-26.2857

PRICE_WINDOW_180_ROW_048=20260420,129.0,129.5,116.5,116.5,2336000,130.0,124.56,100.7563,100.7563,119.6751,-9.6899,-5.2846,-26.9592,2.5128,-6.4708,-33.4286

PRICE_WINDOW_180_ROW_049=20260421,113.5,120.0,110.5,116.0,1841000,127.7,122.135,101.0673,101.0673,119.3688,-0.4292,-9.0196,-29.4833,2.1195,-5.0231,-33.7143

PRICE_WINDOW_180_ROW_050=20260422,116.0,127.5,116.0,127.5,1715000,126.2,121.085,101.596,101.596,120.0464,9.9138,-5.5556,-14.1414,1.8464,5.2979,-27.1429

PRICE_WINDOW_180_ROW_051=20260423,136.0,140.0,117.5,140.0,5127000,125.8,121.385,102.349,102.349,121.7092,9.8039,-1.4085,4.4776,4.4214,15.3355,-20.0

PRICE_WINDOW_180_ROW_052=20260424,144.5,153.5,130.5,131.5,8570000,126.3,121.335,102.9096,102.9096,122.5251,-6.0714,1.938,-0.7547,5.6184,8.3776,-24.8571

PRICE_WINDOW_180_ROW_053=20260427,127.0,131.5,118.5,120.0,2414000,127.0,121.135,103.2321,103.2321,122.3147,-8.7452,3.0043,-3.2258,1.4887,-0.937,-31.4286

PRICE_WINDOW_180_ROW_054=20260428,117.5,128.5,117.5,120.0,1408000,127.8,121.335,103.5426,103.5426,122.1218,0.0,3.4483,3.4483,0.8509,-1.1003,-31.4286

PRICE_WINDOW_180_ROW_055=20260429,120.0,124.0,117.0,121.0,953000,126.5,121.485,103.86,103.86,122.0283,0.8333,-5.098,2.5424,0.5689,-0.3992,-30.8571

PRICE_WINDOW_180_ROW_056=20260430,119.0,131.0,118.5,118.5,1270000,122.2,122.085,104.1214,104.1214,121.7343,-2.0661,-15.3571,11.2676,0.7391,-2.9365,-32.2857

PRICE_WINDOW_180_ROW_057=20260504,119.5,122.0,115.5,117.0,896000,119.3,122.485,104.3474,104.3474,121.3398,-1.2658,-11.0266,7.3394,0.5164,-4.4781,-33.1429

PRICE_WINDOW_180_ROW_058=20260505,119.5,128.5,118.0,128.5,1413000,121.0,124.0,104.7638,104.7638,121.9364,9.8291,7.0833,30.8554,0.7955,3.629,-26.5714

PRICE_WINDOW_180_ROW_059=20260506,132.0,141.0,126.5,129.0,3286000,122.8,125.05,105.1746,105.1746,122.5251,0.3891,7.5,19.4444,1.7129,3.1587,-26.2857

PRICE_WINDOW_180_ROW_060=20260507,133.0,139.0,129.5,132.5,1937000,125.1,125.75,105.63,105.63,123.3563,2.7132,9.5041,11.8143,0.969,5.3678,-24.2857

PRICE_WINDOW_180_ROW_061=20260508,143.0,145.5,129.5,129.5,6371000,127.3,126.275,106.9717,106.0213,123.8683,-2.2642,9.2827,8.8235,2.7856,2.5539,-26.0

PRICE_WINDOW_180_ROW_062=20260511,131.0,138.5,129.5,133.0,1781000,130.5,126.85,108.48,106.4565,124.6293,2.7027,13.6752,9.465,0.7548,4.8482,-24.0

PRICE_WINDOW_180_ROW_063=20260512,134.5,135.0,125.0,126.0,1475000,130.0,127.0,109.8433,106.7667,124.7435,-5.2632,-1.9455,2.439,0.6094,-0.7874,-28.0

PRICE_WINDOW_180_ROW_064=20260513,126.0,128.0,121.5,122.0,777000,128.6,126.725,111.1142,107.0047,124.5149,-3.1746,-5.4264,-4.3137,0.3194,-3.7285,-30.2857

PRICE_WINDOW_180_ROW_065=20260514,126.0,126.0,119.0,122.0,713000,126.5,126.075,112.3583,107.2354,124.3053,0.0,-7.9245,-9.6296,0.2918,-3.2322,-30.2857

PRICE_WINDOW_180_ROW_066=20260515,124.0,124.0,117.5,118.0,913000,124.2,124.875,113.5633,107.3985,123.7799,-3.2787,-8.8803,-16.9014,0.3715,-5.5055,-32.5714

PRICE_WINDOW_180_ROW_067=20260518,118.0,119.5,112.0,117.0,651000,121.0,124.275,114.7767,107.5418,123.2149,-0.8475,-12.0301,-9.3023,0.284,-5.854,-33.1429

PRICE_WINDOW_180_ROW_068=20260519,118.0,119.5,110.0,111.0,640000,118.0,124.0,115.8167,107.5926,122.197,-5.1282,-11.9048,-4.721,0.2899,-10.4839,-36.5714

PRICE_WINDOW_180_ROW_069=20260520,111.5,113.5,109.0,109.5,540000,115.5,123.675,116.7517,107.6203,121.1389,-1.3514,-10.2459,-5.6034,0.252,-11.4615,-37.4286

PRICE_WINDOW_180_ROW_070=20260521,113.0,119.5,112.5,114.0,605000,113.9,123.0,117.6733,107.7114,120.544,4.1096,-6.5574,-10.5882,0.2899,-7.3171,-34.8571

PRICE_WINDOW_180_ROW_071=20260522,116.0,125.0,114.0,121.5,120,114.6,122.075,118.6233,107.9056,120.6236,6.5789,2.9661,-13.2143,0.0001,-0.471,-30.5714

PRICE_WINDOW_180_ROW_072=20260523,116.0,125.0,114.0,121.5,120,115.5,121.575,119.4667,108.0944,120.6967,0.0,3.8462,-7.6046,0.0001,-0.0617,-30.5714

PRICE_WINDOW_180_ROW_073=20260524,116.0,125.0,114.0,121.5,120,117.6,121.65,120.1933,108.2781,120.7636,0.0,9.4595,1.25,0.0001,-0.1233,-30.5714

PRICE_WINDOW_180_ROW_074=20260525,123.5,126.5,119.0,123.0,123,120.3,121.8,120.8167,108.477,120.95,1.2346,12.3288,2.5,0.0001,0.9852,-29.7143

PRICE_WINDOW_180_ROW_075=20260526,123.5,126.5,119.0,123.0,123,122.1,121.9,121.2983,108.6707,121.1208,0.0,7.8947,1.6529,0.0001,0.9024,-29.7143
