date,ticker,name,market,open,high,low,close,volume,turnover
20260203,1101,台泥,listed,26.1,26.15,25.55,25.6,33361977.0,857757378.0
20260203,1102,亞泥,listed,34.8,34.85,34.4,34.4,6767183.0,233598219.0
20260203,1103,嘉泥,listed,14.0,14.05,13.9,13.9,298860.0,4171408.0
20260203,1104,環泥,listed,29.5,29.65,29.4,29.55,312237.0,9211695.0
20260203,1108,幸福,listed,15.05,15.05,14.95,15.05,111396.0,1671167.0
20260203,1109,信大,listed,15.35,15.45,15.35,15.35,90006.0,1382789.0
20260203,1110,東泥,listed,16.15,16.3,15.95,16.15,114060.0,1839814.0
20260203,1201,味全,listed,14.45,14.5,14.35,14.35,186347.0,2686987.0
20260203,1203,味王,listed,39.25,39.75,39.25,39.6,10547.0,416140.0
20260203,1210,大成,listed,50.9,51.1,50.6,50.7,1522494.0,77307529.0
20260203,1213,大飲,listed,9.84,9.84,9.84,9.84,21102.0,207642.0
20260203,1215,卜蜂,listed,149.5,151.0,148.0,148.5,506079.0,75471665.0
20260203,1216,統一,listed,72.1,72.8,72.0,72.5,6180146.0,447825330.0
20260203,1217,愛之味,listed,10.45,10.5,10.4,10.45,231950.0,2422703.0
20260203,1218,泰山,listed,18.15,18.2,18.0,18.15,651222.0,11775501.0
20260203,1219,福壽,listed,13.45,13.55,13.4,13.5,126810.0,1707521.0
20260203,1220,台榮,listed,12.9,12.9,12.75,12.85,64647.0,830394.0
20260203,1225,福懋油,listed,28.25,28.35,27.95,28.2,94684.0,2660015.0
20260203,1227,佳格,listed,28.85,28.85,28.55,28.7,684565.0,19622440.0
20260203,1229,聯華,listed,45.6,45.8,45.05,45.2,1479072.0,66969811.0
20260203,1231,聯華食,listed,93.5,94.1,92.4,93.5,298205.0,27803124.0
20260203,1232,大統益,listed,145.0,146.0,145.0,145.5,51741.0,7541446.0
20260203,1233,天仁,listed,32.2,32.2,32.05,32.05,26011.0,835653.0
20260203,1234,黑松,listed,36.85,37.1,36.85,36.95,34406.0,1271301.0
20260203,1235,興泰,listed,43.0,43.0,40.65,40.65,13558.0,570911.0
20260203,1236,宏亞,listed,26.35,26.4,26.0,26.35,197274.0,5161813.0
20260203,1256,鮮活果汁-KY,listed,159.5,160.5,158.0,158.0,31837.0,5062546.0
20260203,1301,台塑,listed,45.0,45.85,44.7,44.95,27804793.0,1257188459.0
20260203,1303,南亞,listed,72.9,75.4,72.7,73.0,62846722.0,4632516455.0
20260203,1304,台聚,listed,11.25,11.4,10.95,11.05,4774116.0,53185887.0
20260203,1305,華夏,listed,11.8,11.8,11.4,11.4,2346559.0,27103329.0
20260203,1307,三芳,listed,31.0,31.3,30.95,31.05,525892.0,16337005.0
20260203,1308,亞聚,listed,13.3,13.35,12.9,13.0,1266807.0,16585447.0
20260203,1309,台達化,listed,11.7,12.0,11.65,11.75,905681.0,10656852.0
20260203,1310,台苯,listed,8.89,8.98,8.71,8.83,1578171.0,13925908.0
20260203,1312,國喬,listed,13.0,13.1,12.55,12.65,5791510.0,73848214.0
20260203,1313,聯成,listed,10.4,10.5,10.05,10.2,3408051.0,34919916.0
20260203,1314,中石化,listed,7.9,7.96,7.77,7.84,13001021.0,101946391.0
20260203,1315,達新,listed,64.0,64.4,63.9,64.4,7867.0,503627.0
20260203,1316,上曜,listed,13.9,13.95,13.6,13.7,1690994.0,23204305.0
20260203,1319,東陽,listed,110.0,111.0,107.5,111.0,2336624.0,255895658.0
20260203,1321,大洋,listed,33.15,33.35,33.0,33.2,98000.0,3252250.0
20260203,1323,永裕,listed,18.75,18.8,18.55,18.65,64756.0,1206431.0
20260203,1324,地球,listed,10.75,10.75,10.5,10.6,43906.0,464649.0
20260203,1325,恆大,listed,30.85,30.85,29.9,30.15,1221464.0,36918005.0
20260203,1326,台化,listed,40.0,41.4,39.25,39.4,24363597.0,976647428.0
20260203,1337,再生-KY,listed,5.72,5.8,5.46,5.49,1116044.0,6204714.0
20260203,1338,廣華-KY,listed,20.0,20.0,19.6,19.7,106644.0,2103909.0
20260203,1339,昭輝,listed,42.15,42.85,42.15,42.8,46554.0,1968951.0
20260203,1340,勝悅-KY,listed,6.51,6.57,6.47,6.49,109028.0,708816.0
20260203,1341,富林-KY,listed,58.5,58.6,58.5,58.6,2020.0,118252.0
20260203,1342,八貫,listed,94.3,95.2,93.3,94.1,103204.0,9713005.0
20260203,1402,遠東新,listed,27.8,27.95,27.75,27.8,5266091.0,146670637.0
20260203,1409,新纖,listed,14.8,14.9,14.6,14.7,2368545.0,34837334.0
20260203,1410,南染,listed,33.4,33.8,33.1,33.3,38015.0,1267449.0
20260203,1413,宏洲,listed,9.89,9.91,9.8,9.8,9124.0,89949.0
20260203,1414,東和,listed,19.65,19.75,18.9,19.15,1083403.0,20601198.0
20260203,1416,廣豐,listed,11.7,11.75,11.65,11.75,45744.0,535429.0
20260203,1417,嘉裕,listed,8.66,8.71,8.5,8.55,181389.0,1552621.0
20260203,1418,東華,listed,19.8,19.9,19.8,19.85,19645.0,389441.0
20260203,1419,新紡,listed,68.6,70.7,67.7,70.4,427272.0,29488045.0
20260203,1423,利華,listed,37.8,38.0,37.8,38.0,9025.0,341845.0
20260203,1432,大魯閣,listed,18.4,18.55,18.35,18.5,141437.0,2615513.0
20260203,1434,福懋,listed,16.8,17.15,16.8,16.95,3260613.0,55253901.0
20260203,1435,中福,listed,21.3,21.65,21.3,21.5,14037.0,299527.0
20260203,1436,華友聯,listed,59.8,60.0,59.0,59.9,190814.0,11348213.0
20260203,1437,勤益控,listed,32.3,32.45,32.05,32.2,98577.0,3169560.0
20260203,1438,三地開發,listed,32.35,32.5,31.35,31.75,33187.0,1060962.0
20260203,1439,雋揚,listed,29.85,29.9,29.65,29.9,12005.0,356390.0
20260203,1440,南紡,listed,13.4,13.45,13.25,13.3,797441.0,10622867.0
20260203,1441,大東,listed,10.1,10.1,9.96,9.96,19353.0,193696.0
20260203,1442,名軒,listed,29.45,29.75,28.75,29.5,692067.0,20195477.0
20260203,1443,立益物流,listed,27.15,27.25,27.15,27.25,4213.0,114479.0
20260203,1444,力麗,listed,6.35,6.5,6.25,6.27,471932.0,2980106.0
20260203,1445,大宇,listed,14.6,15.95,14.45,15.55,617958.0,9489862.0
20260203,1446,宏和,listed,16.85,16.85,16.65,16.75,86554.0,1448683.0
20260203,1447,力鵬,listed,5.43,5.49,5.38,5.41,753462.0,4073619.0
20260203,1449,佳和,listed,11.4,11.45,11.0,11.15,492810.0,5510302.0
20260203,1451,年興,listed,17.6,17.75,17.55,17.55,59890.0,1055069.0
20260203,1452,宏益,listed,11.75,12.15,11.7,11.75,31374.0,373411.0
20260203,1453,大將,listed,13.45,13.8,13.05,13.05,156989.0,2097110.0
20260203,1454,台富,listed,17.0,17.4,15.6,16.6,3162803.0,53633409.0
20260203,1455,集盛,listed,8.65,8.67,8.35,8.47,1183106.0,10093271.0
20260203,1456,怡華,listed,13.1,13.1,12.95,13.1,4009.0,52367.0
20260203,1457,宜進,listed,15.2,15.2,15.0,15.05,67807.0,1021109.0
20260203,1459,聯發,listed,11.7,11.75,11.7,11.7,70094.0,821032.0
20260203,1460,宏遠,listed,6.56,6.56,6.47,6.55,374289.0,2438131.0
20260203,1463,強盛新,listed,17.75,17.85,17.7,17.8,43475.0,772355.0
20260203,1464,得力,listed,11.2,11.2,11.05,11.1,276541.0,3067018.0
20260203,1465,偉全,listed,12.4,12.4,12.3,12.35,24415.0,301381.0
20260203,1466,聚隆,listed,14.7,14.75,14.4,14.75,174705.0,2545455.0
20260203,1467,南緯,listed,7.41,7.52,7.39,7.44,139501.0,1038257.0
20260203,1468,昶和,listed,12.6,12.85,12.6,12.85,37000.0,471900.0
20260203,1470,大統新創,listed,22.8,22.8,22.8,22.8,1000.0,22800.0
20260203,1471,首利,listed,12.15,12.85,12.1,12.85,1167444.0,14494484.0
20260203,1472,三洋實業,listed,87.6,89.8,87.6,87.6,3003.0,265272.0
20260203,1473,台南,listed,25.25,25.7,24.85,25.1,148986.0,3748713.0
20260203,1474,弘裕,listed,10.45,10.45,10.3,10.3,138663.0,1429805.0
20260203,1475,業旺,listed,32.0,32.0,30.55,30.85,74843.0,2320029.0
20260203,1476,儒鴻,listed,398.0,410.0,398.0,406.5,602530.0,243827137.0
20260203,1477,聚陽,listed,311.0,318.0,309.5,315.0,749798.0,236490192.0
20260203,1503,士電,listed,223.5,225.5,213.0,216.5,4964467.0,1089404127.0
20260203,1504,東元,listed,81.5,83.0,80.2,81.7,12942951.0,1056381267.0
20260203,1506,正道,listed,12.05,12.1,11.65,11.8,220352.0,2598334.0
20260203,1512,瑞利,listed,8.0,8.06,7.95,8.0,93543.0,748352.0
20260203,1513,中興電,listed,167.5,170.5,164.5,169.0,7702888.0,1290826447.0
20260203,1514,亞力,listed,125.0,127.0,121.5,126.0,9074804.0,1134319663.0
20260203,1515,力山,listed,26.4,26.4,25.8,26.1,305119.0,7969457.0
20260203,1516,川飛,listed,21.4,21.65,21.15,21.65,28088.0,601401.0
20260203,1517,利奇,listed,11.7,12.2,11.7,12.0,494763.0,5939998.0
20260203,1519,華城,listed,961.0,978.0,926.0,947.0,5962722.0,5650105963.0
20260203,1521,大億,listed,26.8,26.8,26.05,26.45,8627.0,226237.0
20260203,1522,堤維西,listed,48.65,49.4,48.1,49.0,623191.0,30408752.0
20260203,1524,耿鼎,listed,33.9,33.9,32.9,33.1,1500955.0,49944849.0
20260203,1525,江申,listed,62.6,62.6,62.1,62.5,19000.0,1185200.0
20260203,1526,日馳,listed,20.0,21.6,20.0,21.35,727959.0,15452309.0
20260203,1527,鑽全,listed,34.15,34.4,33.6,34.15,187277.0,6364250.0
20260203,1528,恩德,listed,26.6,27.3,25.7,27.1,2582457.0,68726211.0
20260203,1529,樂事綠能,listed,23.75,24.2,23.2,23.4,1035491.0,24492876.0
20260203,1530,亞崴,listed,29.1,29.1,28.6,28.95,37339.0,1075256.0
20260203,1531,高林股,listed,12.1,12.3,12.05,12.05,78057.0,945525.0
20260203,1532,勤美,listed,24.05,24.25,23.8,24.1,753946.0,18093968.0
20260203,1533,車王電,listed,30.65,31.75,30.5,30.6,82352.0,2530887.0
20260203,1535,中宇,listed,50.4,50.5,49.4,49.65,203132.0,10102459.0
20260203,1536,和大,listed,60.3,60.3,59.1,59.8,1481183.0,88473888.0
20260203,1537,廣隆,listed,122.5,123.0,122.5,122.5,49289.0,6040239.0
20260203,1538,正峰,listed,25.85,25.85,25.85,25.85,2736.0,70942.0
20260203,1539,巨庭,listed,18.45,18.45,17.8,18.0,129965.0,2342148.0
20260203,1540,喬福,listed,24.25,24.9,24.25,24.45,351405.0,8593850.0
20260203,1541,錩泰,listed,24.8,25.55,24.7,24.7,45265.0,1130677.0
20260203,1558,伸興,listed,95.2,95.4,95.0,95.0,36151.0,3440663.0
20260203,1560,中砂,listed,421.5,427.5,409.0,414.0,2032054.0,845527018.0
20260203,1563,巧新,listed,46.2,46.2,45.45,45.75,375163.0,17151279.0
20260203,1568,倉佑,listed,23.6,23.8,23.3,23.45,131385.0,3084937.0
20260203,1582,信錦,listed,66.7,67.3,66.1,66.1,643304.0,42847562.0
20260203,1583,程泰,listed,48.65,48.75,48.0,48.1,19403.0,937833.0
20260203,1587,吉茂,listed,45.0,45.4,44.2,44.2,465639.0,20825183.0
20260203,1589,永冠-KY,listed,17.0,17.15,16.3,16.35,1483499.0,24459851.0
20260203,1590,亞德客-KY,listed,1160.0,1185.0,1140.0,1175.0,2720797.0,3169398955.0
20260203,1597,直得,listed,77.6,77.9,76.8,77.1,161190.0,12466214.0
20260203,1598,岱宇,listed,20.15,20.2,19.95,20.15,144784.0,2904888.0
20260203,1603,華電,listed,41.55,41.55,39.5,39.8,838603.0,33730868.0
20260203,1604,聲寶,listed,23.85,24.0,23.8,23.85,235349.0,5618153.0
20260203,1605,華新,listed,39.4,40.05,36.25,36.6,209507257.0,7924311492.0
20260203,1608,華榮,listed,35.2,35.45,33.8,34.0,7874256.0,270937265.0
20260203,1609,大亞,listed,40.2,40.2,38.65,38.95,6666363.0,261241603.0
20260203,1611,中電,listed,12.85,13.05,12.8,12.85,337827.0,4351200.0
20260203,1612,宏泰,listed,36.0,36.05,35.25,35.5,737814.0,26231945.0
20260203,1614,三洋電,listed,33.35,33.7,33.3,33.35,106311.0,3558035.0
20260203,1615,大山,listed,48.0,48.2,47.35,48.0,198118.0,9449280.0
20260203,1616,億泰,listed,28.35,28.35,27.2,27.5,1088203.0,30029665.0
20260203,1617,榮星,listed,16.2,16.35,16.0,16.15,147521.0,2381638.0
20260203,1618,合機,listed,45.25,45.4,44.6,44.8,1008698.0,45317744.0
20260203,1623,大東電,listed,238.0,243.0,230.0,233.0,373211.0,87366632.0
20260203,1626,艾美特-KY,listed,11.0,11.0,10.85,10.85,116271.0,1270436.0
20260203,1702,南僑,listed,37.25,37.45,37.1,37.45,161624.0,6024667.0
20260203,1707,葡萄王,listed,120.5,122.0,120.5,122.0,79874.0,9703060.0
20260203,1708,東鹼,listed,33.5,33.95,33.4,33.55,795653.0,26813226.0
20260203,1709,和益,listed,16.85,16.95,16.7,16.75,353326.0,5943060.0
20260203,1710,東聯,listed,12.9,12.9,12.55,12.7,2124298.0,26913019.0
20260203,1711,永光,listed,20.9,21.95,20.8,21.75,10797920.0,232918588.0
20260203,1712,興農,listed,45.3,46.25,45.3,45.8,389559.0,17845725.0
20260203,1713,國化,listed,48.05,48.5,47.65,48.15,257487.0,12364755.0
20260203,1714,和桐,listed,9.21,9.26,9.01,9.09,3122948.0,28426535.0
20260203,1717,長興,listed,59.5,59.8,56.3,56.6,27453636.0,1579375895.0
20260203,1718,中纖,listed,6.93,6.98,6.84,6.88,3224470.0,22220352.0
20260203,1720,生達,listed,60.8,60.8,59.9,60.2,137130.0,8250127.0
20260203,1721,三晃,listed,17.25,18.1,16.7,16.7,1245508.0,21797532.0
20260203,1722,台肥,listed,46.0,46.05,45.7,45.7,1478765.0,67749241.0
20260203,1723,中碳,listed,72.8,73.0,72.2,72.4,217991.0,15813536.0
20260203,1725,元禎,listed,27.65,27.65,26.7,27.1,53342.0,1442283.0
20260203,1726,永記,listed,75.7,76.1,75.7,76.1,6110.0,463548.0
20260203,1727,中華化,listed,42.2,43.4,41.55,42.55,1950898.0,82873661.0
20260203,1730,花仙子,listed,53.1,53.2,53.0,53.1,27943.0,1482026.0
20260203,1731,美吾華,listed,21.85,21.9,21.85,21.85,71729.0,1567879.0
20260203,1732,毛寶,listed,28.1,28.2,27.75,28.2,533478.0,14921539.0
20260203,1733,五鼎,listed,29.25,29.4,28.8,28.85,173460.0,5020152.0
20260203,1734,杏輝,listed,30.9,31.05,30.7,30.7,131389.0,4047378.0
20260203,1735,日勝化,listed,17.9,18.5,17.5,18.5,1090268.0,19960896.0
20260203,1736,喬山,listed,147.0,148.5,144.5,146.0,278782.0,40736723.0
20260203,1737,臺鹽,listed,31.5,31.6,31.5,31.5,52658.0,1660091.0
20260203,1752,南光,listed,36.5,36.65,36.25,36.4,40125.0,1464972.0
20260203,1760,寶齡富錦,listed,64.1,64.4,62.8,63.1,196330.0,12405920.0
20260203,1762,中化生,listed,26.25,26.35,26.1,26.1,41547.0,1089904.0
20260203,1773,勝一,listed,141.5,142.5,140.0,140.5,419319.0,59132091.0
20260203,1776,展宇,listed,15.6,15.6,15.0,15.05,25867.0,391095.0
20260203,1783,和康生,listed,46.3,46.9,45.55,46.05,59212.0,2733001.0
20260203,1786,科妍,listed,77.6,77.6,75.6,76.1,173712.0,13271510.0
20260203,1789,神隆,listed,24.1,24.3,23.3,24.2,1713197.0,40725324.0
20260203,1795,美時,listed,357.5,367.5,347.5,362.0,6928115.0,2474208118.0
20260203,1802,台玻,listed,46.7,49.4,46.7,49.4,32387719.0,1582852747.0
20260203,1805,寶徠,listed,11.9,11.95,11.8,11.8,41757.0,496245.0
20260203,1806,冠軍,listed,8.93,8.93,8.82,8.84,314651.0,2788535.0
20260203,1808,潤隆,listed,32.3,32.3,31.8,31.9,1163705.0,37221408.0
20260203,1809,中釉,listed,24.55,26.4,24.55,26.4,10481060.0,271112873.0
20260203,1810,和成,listed,18.4,18.6,18.35,18.5,808772.0,14939198.0
20260203,1817,凱撒衛,listed,38.5,38.55,38.3,38.45,59180.0,2274180.0
20260203,1903,士紙,listed,54.8,55.7,54.1,54.6,229020.0,12534775.0
20260203,1904,正隆,listed,17.5,17.6,17.4,17.55,366481.0,6420450.0
20260203,1905,華紙,listed,12.2,12.35,11.95,12.1,1596987.0,19309579.0
20260203,1906,寶隆,listed,11.7,11.85,11.55,11.6,88517.0,1032446.0
20260203,1907,永豐餘,listed,24.95,24.95,24.5,24.8,1051250.0,25886604.0
20260203,1909,榮成,listed,9.74,9.82,9.55,9.6,2789589.0,26859713.0
20260203,2002,中鋼,listed,21.4,21.4,20.6,20.65,101402876.0,2123888902.0
20260203,2006,東和鋼鐵,listed,69.5,70.1,69.4,70.0,925472.0,64648778.0
20260203,2007,燁興,listed,8.72,8.86,8.35,8.39,791635.0,6766629.0
20260203,2008,高興昌,listed,29.3,29.3,29.15,29.3,12221.0,357644.0
20260203,2009,第一銅,listed,45.1,46.4,44.8,45.15,9507033.0,432367458.0
20260203,2010,春源,listed,22.0,22.3,21.95,22.15,2604132.0,57486660.0
20260203,2012,春雨,listed,17.25,17.25,17.05,17.05,58749.0,1008193.0
20260203,2013,中鋼構,listed,43.2,43.2,41.8,41.8,184103.0,7758250.0
20260203,2014,中鴻,listed,20.0,20.25,19.05,19.45,35357485.0,689161279.0
20260203,2015,豐興,listed,64.4,65.2,64.3,65.1,166045.0,10741943.0
20260203,2017,官田鋼,listed,8.92,9.0,8.78,8.78,790034.0,6990920.0
20260203,2020,美亞,listed,24.1,24.15,23.7,23.8,339698.0,8134144.0
20260203,2022,聚亨,listed,8.9,8.96,8.65,8.77,718544.0,6290145.0
20260203,2023,燁輝,listed,15.15,15.2,14.8,14.8,2066961.0,30885010.0
20260203,2024,志聯,listed,15.95,16.4,15.95,15.95,16363.0,261689.0
20260203,2025,千興,listed,12.6,12.85,12.2,12.5,309395.0,3885308.0
20260203,2027,大成鋼,listed,38.5,38.8,37.8,38.15,30450531.0,1163948869.0
20260203,2028,威致,listed,20.0,20.0,19.1,19.25,289538.0,5601393.0
20260203,2029,盛餘,listed,21.6,21.6,20.8,21.2,287921.0,6102217.0
20260203,2030,彰源,listed,17.5,17.5,16.7,16.7,3351412.0,57241586.0
20260203,2031,新光鋼,listed,39.4,39.5,38.25,38.85,1088321.0,42105609.0
20260203,2032,新鋼,listed,17.5,17.55,16.6,16.8,1297913.0,21990168.0
20260203,2033,佳大,listed,16.75,16.8,16.05,16.1,188149.0,3056826.0
20260203,2034,允強,listed,22.0,22.3,21.5,21.9,2716101.0,59348241.0
20260203,2038,海光,listed,16.65,16.9,15.95,16.0,3032061.0,49230034.0
20260203,2049,上銀,listed,237.0,237.0,228.5,234.0,4913156.0,1142147640.0
20260203,2059,川湖,listed,3160.0,3170.0,3045.0,3105.0,1158091.0,3565756215.0
20260203,2062,橋椿,listed,21.8,22.1,21.4,21.7,362262.0,7842242.0
20260203,2069,運錩,listed,20.5,20.7,19.3,19.4,1556448.0,30657739.0
20260203,2101,南港,listed,35.4,35.5,34.65,35.0,1147556.0,40036553.0
20260203,2102,泰豐,listed,20.15,20.15,19.85,19.95,344187.0,6861775.0
20260203,2103,台橡,listed,14.75,14.95,14.25,14.45,3861895.0,55877759.0
20260203,2104,國際中橡,listed,11.2,11.2,10.7,10.95,4319869.0,47150910.0
20260203,2105,正新,listed,29.95,30.15,29.75,29.9,11650700.0,348399487.0
20260203,2106,建大,listed,19.35,19.45,18.9,19.25,1360453.0,26032541.0
20260203,2107,厚生,listed,24.8,24.9,24.75,24.8,122677.0,3043748.0
20260203,2108,南帝,listed,23.85,23.85,23.25,23.45,770576.0,18047590.0
20260203,2109,華豐,listed,14.85,14.85,14.75,14.8,175136.0,2589794.0
20260203,2114,鑫永銓,listed,89.3,89.4,89.0,89.2,25835.0,2305329.0
20260203,2115,六暉-KY,listed,24.6,24.65,24.35,24.45,79610.0,1942296.0
20260203,2201,裕隆,listed,30.95,31.1,30.25,30.3,4024785.0,122581023.0
20260203,2204,中華,listed,55.2,55.8,54.8,55.0,679235.0,37444236.0
20260203,2206,三陽工業,listed,59.3,59.9,58.9,59.7,893748.0,53041804.0
20260203,2207,和泰車,listed,531.0,533.0,526.0,526.0,155692.0,82205572.0
20260203,2208,台船,listed,22.35,22.45,21.35,21.35,7127121.0,155013732.0
20260203,2211,長榮鋼,listed,101.0,102.0,100.5,102.0,694350.0,70391864.0
20260203,2227,裕日車,listed,53.2,53.6,52.8,53.0,31539.0,1671823.0
20260203,2228,劍麟,listed,95.0,95.9,94.5,95.3,219683.0,20891865.0
20260203,2231,為升,listed,90.8,91.2,88.0,88.4,1159700.0,103694911.0
20260203,2233,宇隆,listed,292.0,303.0,262.0,262.0,10589379.0,2999680520.0
20260203,2236,百達-KY,listed,112.5,113.0,111.0,112.0,194562.0,21813436.0
20260203,2239,英利-KY,listed,28.35,28.85,27.0,27.85,133888.0,3727805.0
20260203,2241,艾姆勒,listed,31.0,31.3,30.65,30.8,205674.0,6365915.0
20260203,2243,宏旭-KY,listed,10.6,11.5,10.6,11.3,153652.0,1723011.0
20260203,2247,汎德永業,listed,270.0,271.0,267.5,267.5,88784.0,23875252.0
20260203,2248,華勝-KY,listed,47.55,48.0,47.4,47.6,12000.0,571550.0
20260203,2250,IKKA-KY,listed,71.7,72.0,70.8,71.3,53000.0,3784928.0
20260203,2254,巨鎧精密-創,listed,59.5,59.5,59.1,59.3,113265.0,6726335.0
20260203,2258,鴻華先進-創,listed,37.6,38.0,37.6,37.8,483748.0,18273286.0
20260203,2301,光寶科,listed,163.5,171.5,162.0,170.5,22807522.0,3801499931.0
20260203,2302,麗正,listed,19.2,19.4,18.85,19.05,423925.0,8084351.0
20260203,2303,聯電,listed,62.5,62.6,58.8,60.8,184349949.0,11176622450.0
20260203,2305,全友,listed,13.3,13.6,13.05,13.45,855578.0,11398670.0
20260203,2308,台達電,listed,1205.0,1220.0,1175.0,1215.0,11407245.0,13696742375.0
20260203,2312,金寶,listed,25.7,27.3,25.65,25.8,57438935.0,1515302269.0
20260203,2313,華通,listed,179.0,185.5,172.0,181.5,130756104.0,23554384907.0
20260203,2314,台揚,listed,20.65,20.7,20.6,20.7,127209.0,2626394.0
20260203,2316,楠梓電,listed,95.2,99.3,95.2,96.9,3050099.0,296591676.0
20260203,2317,鴻海,listed,218.5,220.0,214.5,216.5,42920416.0,9305896810.0
20260203,2321,東訊,listed,16.0,16.05,16.0,16.05,7400.0,118650.0
20260203,2323,中環,listed,10.6,10.7,10.25,10.3,6765112.0,70555408.0
20260203,2324,仁寶,listed,32.9,33.5,31.85,32.0,36826450.0,1196967315.0
20260203,2327,國巨*,listed,270.0,270.0,259.5,266.5,22094489.0,5847071537.0
20260203,2328,廣宇,listed,50.7,51.5,50.0,50.9,4308422.0,218723362.0
20260203,2329,華泰,listed,56.5,56.5,52.3,53.4,14545481.0,784371489.0
20260203,2330,台積電,listed,1810.0,1810.0,1785.0,1800.0,30386718.0,54587495232.0
20260203,2331,精英,listed,27.0,27.55,26.4,26.45,5103093.0,137283979.0
20260203,2332,友訊,listed,15.8,16.3,15.65,15.7,2521578.0,40233294.0
20260203,2337,旺宏,listed,92.0,93.2,82.1,84.5,402210727.0,35162970507.0
20260203,2338,光罩,listed,38.0,38.6,37.1,38.45,1160663.0,44189230.0
20260203,2340,台亞,listed,25.1,25.55,24.8,25.35,1847171.0,46570196.0
20260203,2342,茂矽,listed,32.55,33.45,31.6,32.05,2077972.0,67357288.0
20260203,2344,華邦電,listed,123.5,123.5,104.5,105.5,450168931.0,50112102829.0
20260203,2345,智邦,listed,1190.0,1205.0,1160.0,1185.0,5512844.0,6538168795.0
20260203,2347,聯強,listed,65.9,66.5,65.3,66.0,3785361.0,249965182.0
20260203,2348,海悅,listed,75.9,76.8,75.0,76.3,409330.0,30858469.0
20260203,2349,錸德,listed,13.9,13.9,13.1,13.2,5206521.0,69497214.0
20260203,2351,順德,listed,88.7,90.5,87.7,88.0,1489429.0,132408726.0
20260203,2352,佳世達,listed,25.15,25.4,24.95,25.2,2972264.0,74792721.0
20260203,2353,宏��,listed,26.7,27.55,26.1,26.2,104077137.0,2771443090.0
20260203,2354,鴻準,listed,57.5,57.7,56.2,56.7,3431256.0,194870902.0
20260203,2355,敬鵬,listed,37.65,40.6,37.65,39.8,27615220.0,1097940247.0
20260203,2356,英業達,listed,44.65,45.75,43.9,44.05,23497270.0,1049100857.0
20260203,2357,華碩,listed,505.0,511.0,498.5,501.0,3178104.0,1600000186.0
20260203,2359,所羅門,listed,128.5,129.5,124.0,125.5,1506592.0,190382980.0
20260203,2360,致茂,listed,998.0,1050.0,990.0,1040.0,3193778.0,3272260593.0
20260203,2362,藍天,listed,37.5,37.65,36.75,37.1,526308.0,19527712.0
20260203,2363,矽統,listed,51.4,51.9,50.2,50.5,5388382.0,274431927.0
20260203,2364,倫飛,listed,61.7,62.6,61.1,61.6,102714.0,6352532.0
20260203,2365,昆盈,listed,36.9,37.6,36.3,37.0,2843748.0,105095707.0
20260203,2367,燿華,listed,51.3,54.1,51.2,54.1,148900814.0,7967403168.0
20260203,2368,金像電,listed,728.0,765.0,715.0,755.0,11296125.0,8323925750.0
20260203,2369,菱生,listed,26.5,26.75,25.15,25.2,8602147.0,220926432.0
20260203,2371,大同,listed,38.7,39.05,38.05,38.35,16051989.0,616810770.0
20260203,2373,震旦行,listed,55.1,55.2,54.1,54.2,21920.0,1192958.0
20260203,2374,佳能,listed,82.9,83.8,78.3,79.6,11494682.0,923867224.0
20260203,2375,凱美,listed,87.0,87.4,83.1,85.3,2061663.0,176015027.0
20260203,2376,技嘉,listed,234.0,234.0,225.5,228.0,3252353.0,743936020.0
20260203,2377,微星,listed,91.3,92.5,89.4,90.0,7829348.0,708379732.0
20260203,2379,瑞昱,listed,482.0,492.5,479.5,487.0,3426020.0,1667595417.0
20260203,2380,虹光,listed,4.94,5.0,4.9,4.92,137746.0,680398.0
20260203,2382,廣達,listed,278.5,281.0,272.0,276.5,14546068.0,4010779222.0
20260203,2383,台光電,listed,1810.0,1875.0,1775.0,1855.0,4101444.0,7499412920.0
20260203,2385,群光,listed,117.0,118.0,116.0,117.0,2334585.0,272357446.0
20260203,2387,精元,listed,38.1,38.4,37.55,37.9,382052.0,14510965.0
20260203,2388,威盛,listed,51.5,52.2,51.1,52.0,1882208.0,97415476.0
20260203,2390,云辰,listed,10.25,10.45,10.2,10.35,336916.0,3479152.0
20260203,2392,正崴,listed,39.3,39.65,38.6,39.2,692209.0,27098663.0
20260203,2393,億光,listed,56.5,57.8,55.6,57.2,3894290.0,220621319.0
20260203,2395,研華,listed,296.0,296.0,288.0,290.0,2470931.0,718317647.0
20260203,2397,友通,listed,59.1,59.7,58.7,58.7,120951.0,7144725.0
20260203,2399,映泰,listed,23.15,24.5,22.85,23.15,4719210.0,110997035.0
20260203,2401,凌陽,listed,21.5,21.85,21.1,21.55,1951138.0,41920042.0
20260203,2402,毅嘉,listed,53.8,56.3,53.2,55.5,9147727.0,502320410.0
20260203,2404,漢唐,listed,930.0,944.0,922.0,936.0,1768204.0,1649477998.0
20260203,2405,輔信,listed,16.3,16.4,16.0,16.2,1267586.0,20489643.0
20260203,2406,國碩,listed,27.3,28.8,27.0,27.85,15224958.0,424133446.0
20260203,2408,南亞科,listed,312.0,314.5,265.0,277.5,177860167.0,51267904086.0
20260203,2409,友達,listed,13.6,13.9,13.3,13.8,92724780.0,1263176037.0
20260203,2412,中華電,listed,133.5,134.0,133.0,133.5,8630642.0,1152542134.0
20260203,2413,環科,listed,41.4,44.55,41.4,44.55,7762227.0,340792572.0
20260203,2414,精技,listed,40.5,40.75,40.5,40.6,94626.0,3840240.0
20260203,2415,錩新,listed,26.05,26.25,25.9,26.25,51299.0,1340376.0
20260203,2417,圓剛,listed,38.7,38.95,37.9,38.95,474260.0,18206004.0
20260203,2419,仲琦,listed,30.9,33.0,30.85,32.05,9162094.0,294320450.0
20260203,2420,新巨,listed,50.4,50.8,49.85,50.1,163562.0,8209195.0
20260203,2421,建準,listed,145.5,149.5,143.5,149.0,2287228.0,336590242.0
20260203,2423,固緯,listed,49.65,49.65,48.7,48.7,83516.0,4095509.0
20260203,2424,隴華,listed,37.85,38.5,37.8,37.8,28393.0,1075439.0
20260203,2425,承啟,listed,28.4,28.9,28.4,28.7,127563.0,3658700.0
20260203,2426,鼎元,listed,19.45,19.75,18.95,19.05,1368855.0,26384470.0
20260203,2427,三商電,listed,25.55,25.55,25.15,25.4,363219.0,9198449.0
20260203,2428,興勤,listed,167.0,170.5,164.5,169.5,404351.0,67779548.0
20260203,2429,銘旺科,listed,61.0,61.0,57.2,57.8,557545.0,32681614.0
20260203,2430,燦坤,listed,22.6,22.7,22.5,22.6,425107.0,9607939.0
20260203,2431,聯昌,listed,15.45,15.9,15.3,15.3,2607874.0,40568590.0
20260203,2432,倚天酷��-創,listed,24.85,24.85,24.6,24.85,23001.0,570874.0
20260203,2433,互盛電,listed,46.6,46.65,46.5,46.65,19395.0,903364.0
20260203,2434,統懋,listed,29.45,29.95,29.45,29.9,16000.0,475850.0
20260203,2436,偉詮電,listed,50.5,52.2,49.5,50.6,2231967.0,113363834.0
20260203,2438,翔耀,listed,22.0,22.0,21.45,21.5,46816.0,1009290.0
20260203,2439,美律,listed,99.6,100.5,99.0,99.7,872155.0,86944553.0
20260203,2440,太空梭,listed,14.55,14.6,14.35,14.5,208500.0,3018028.0
20260203,2441,超豐,listed,87.4,89.0,84.1,86.4,7870392.0,679736500.0
20260203,2442,新美齊,listed,21.15,21.15,20.7,21.0,2096434.0,43733668.0
20260203,2444,兆勁,listed,12.8,12.95,12.45,12.7,530039.0,6695928.0
20260203,2449,京元電子,listed,295.0,301.0,288.5,293.5,12950856.0,3801776670.0
20260203,2450,神腦,listed,28.8,28.9,28.65,28.65,112222.0,3227589.0
20260203,2451,創見,listed,250.0,256.0,230.0,231.0,14667884.0,3539770049.0
20260203,2453,凌群,listed,55.3,55.7,54.2,54.5,471153.0,25805276.0
20260203,2454,聯發科,listed,1740.0,1805.0,1720.0,1795.0,11841933.0,20963541730.0
20260203,2455,全新,listed,162.0,172.0,160.0,172.0,15844334.0,2682670675.0
20260203,2457,飛宏,listed,29.55,30.4,28.75,28.9,8163147.0,239560037.0
20260203,2458,義隆,listed,117.0,119.5,116.0,119.5,1507763.0,178227754.0
20260203,2459,敦吉,listed,65.9,66.2,65.7,65.7,79432.0,5229814.0
20260203,2460,建通,listed,21.7,21.95,20.9,21.2,322158.0,6872147.0
20260203,2461,光群雷,listed,16.0,16.3,15.9,16.05,203749.0,3258481.0
20260203,2462,良得電,listed,24.75,25.55,24.7,25.4,609574.0,15314588.0
20260203,2464,盟立,listed,65.3,70.0,65.3,69.4,6641547.0,451420486.0
20260203,2465,麗臺,listed,53.0,53.0,51.6,52.3,178555.0,9319950.0
20260203,2466,冠西電,listed,60.0,61.8,59.9,60.8,799413.0,48605919.0
20260203,2467,志聖,listed,248.5,266.5,248.0,266.5,7413328.0,1947068397.0
20260203,2468,華經,listed,37.8,37.8,37.2,37.3,155069.0,5806277.0
20260203,2471,資通,listed,50.3,51.0,50.2,50.9,76312.0,3870033.0
20260203,2472,立隆電,listed,106.0,109.0,104.0,108.5,3524082.0,375657298.0
20260203,2474,可成,listed,201.0,203.0,200.5,202.0,1129619.0,228046533.0
20260203,2476,鉅祥,listed,82.9,83.4,81.4,82.7,768089.0,63351879.0
20260203,2477,美隆電,listed,24.6,24.6,23.8,24.05,390941.0,9386837.0
20260203,2478,大毅,listed,63.5,63.5,60.5,61.3,941752.0,58156704.0
20260203,2480,敦陽科,listed,140.0,141.0,139.0,139.5,243712.0,34115986.0
20260203,2481,強茂,listed,89.2,89.6,85.5,88.7,27015483.0,2369261281.0
20260203,2482,連宇,listed,17.7,17.8,17.6,17.65,63055.0,1114031.0
20260203,2483,百容,listed,18.9,19.25,18.9,19.1,147521.0,2805864.0
20260203,2484,希華,listed,27.4,28.05,27.15,27.5,1512153.0,41689128.0
20260203,2485,兆赫,listed,40.25,42.4,38.3,41.15,81346377.0,3315094782.0
20260203,2486,一詮,listed,130.0,130.0,125.5,129.0,3982814.0,511914883.0
20260203,2488,漢平,listed,45.65,45.8,45.35,45.5,87543.0,3980263.0
20260203,2489,瑞軒,listed,21.2,21.45,21.05,21.35,4125617.0,87877674.0
20260203,2491,吉祥全,listed,17.5,17.65,16.9,16.95,339152.0,5836144.0
20260203,2492,華新科,listed,132.0,132.5,125.0,129.0,6219531.0,799938624.0
20260203,2493,揚博,listed,113.0,114.5,109.0,109.5,778329.0,86358114.0
20260203,2495,普安,listed,33.65,34.2,32.4,32.55,5246747.0,173994280.0
20260203,2496,卓越,listed,70.8,70.8,69.6,70.2,15255.0,1067535.0
20260203,2497,怡利電,listed,49.15,50.2,47.9,48.3,350841.0,17110883.0
20260203,2498,宏達電,listed,44.1,44.7,43.45,44.45,5219036.0,230871578.0
20260203,2501,國建,listed,22.15,22.2,21.95,22.0,1064078.0,23476901.0
20260203,2504,國產,listed,35.1,35.3,35.0,35.15,1017264.0,35787833.0
20260203,2505,國揚,listed,18.6,18.8,18.5,18.7,207803.0,3873253.0
20260203,2506,太設,listed,9.02,9.03,8.87,9.03,236763.0,2125753.0
20260203,2509,全坤建,listed,14.7,14.75,14.6,14.7,66988.0,984700.0
20260203,2511,太子,listed,8.41,8.45,8.33,8.37,737961.0,6178246.0
20260203,2514,龍邦,listed,14.8,14.95,14.7,14.75,79297.0,1176023.0
20260203,2515,中工,listed,13.7,13.85,13.45,13.55,4544808.0,61977497.0
20260203,2516,新建,listed,14.5,14.7,14.5,14.5,171308.0,2504704.0
20260203,2520,冠德,listed,31.9,32.3,31.4,31.8,1648213.0,52383438.0
20260203,2524,京城,listed,40.6,41.0,40.55,40.7,102596.0,4185799.0
20260203,2527,宏璟,listed,28.2,28.75,28.05,28.55,267549.0,7596172.0
20260203,2528,皇普,listed,27.35,27.45,26.85,27.25,430410.0,11656087.0
20260203,2530,華建,listed,26.0,26.1,25.35,25.45,962302.0,24594766.0
20260203,2534,宏盛,listed,19.9,19.95,19.6,19.85,991041.0,19566746.0
20260203,2535,達欣工,listed,68.6,68.7,67.9,68.6,222053.0,15130214.0
20260203,2536,宏普,listed,22.45,23.15,22.45,22.6,237015.0,5396091.0
20260203,2537,聯上發,listed,10.55,10.6,10.45,10.45,605486.0,6359103.0
20260203,2538,基泰,listed,10.65,10.75,10.6,10.65,168347.0,1793840.0
20260203,2539,櫻花建,listed,46.75,47.0,45.35,46.6,980473.0,45023081.0
20260203,2540,愛山林,listed,46.15,46.5,45.95,46.4,461092.0,21326632.0
20260203,2542,興富發,listed,37.35,37.6,37.35,37.45,1706953.0,63945705.0
20260203,2543,皇昌,listed,65.0,65.2,62.6,62.6,2105580.0,133559261.0
20260203,2545,皇翔,listed,36.8,36.95,36.4,36.65,371011.0,13562528.0
20260203,2546,根基,listed,85.8,86.5,85.7,85.9,45935.0,3947606.0
20260203,2547,日勝生,listed,10.8,10.8,10.6,10.7,961059.0,10259196.0
20260203,2548,華固,listed,106.0,108.0,106.0,106.0,428100.0,45701976.0
20260203,2597,潤弘,listed,167.0,169.0,167.0,168.0,153473.0,25739712.0
20260203,2601,益航,listed,5.49,5.49,5.34,5.37,1312348.0,7064965.0
20260203,2603,長榮,listed,186.0,187.5,185.0,185.0,7820548.0,1454693855.0
20260203,2605,新興,listed,28.1,28.9,27.95,28.65,14385647.0,409683624.0
20260203,2606,裕民,listed,61.2,62.3,61.0,61.6,3460314.0,213682118.0
20260203,2607,榮運,listed,56.4,56.9,56.1,56.2,506118.0,28552004.0
20260203,2608,嘉里大榮,listed,32.4,32.55,32.35,32.5,97129.0,3150421.0
20260203,2609,陽明,listed,52.7,53.0,52.3,52.4,7029767.0,369155770.0
20260203,2610,華航,listed,22.15,22.7,22.1,22.3,34343886.0,768616715.0
20260203,2611,志信,listed,14.9,14.9,14.5,14.5,445619.0,6510629.0
20260203,2612,中航,listed,62.0,62.7,61.4,62.1,1373331.0,85409655.0
20260203,2613,中櫃,listed,24.35,24.5,24.05,24.1,318532.0,7702742.0
20260203,2614,東森,listed,20.4,20.65,20.2,20.3,592028.0,12033397.0
20260203,2615,萬海,listed,74.6,74.6,73.5,73.6,3604811.0,265991369.0
20260203,2616,山隆,listed,13.5,13.65,13.5,13.5,53235.0,723300.0
20260203,2617,台航,listed,30.75,30.8,30.4,30.6,394493.0,12081188.0
20260203,2618,長榮航,listed,37.85,38.55,37.8,38.05,32602033.0,1246984310.0
20260203,2630,亞航,listed,49.65,49.65,48.6,49.1,964799.0,47326691.0
20260203,2633,台灣高鐵,listed,27.1,27.25,27.1,27.1,4503832.0,122121560.0
20260203,2634,漢翔,listed,53.0,53.9,52.8,53.3,4734300.0,252556652.0
20260203,2636,台驊控股,listed,65.0,65.4,64.8,65.0,258646.0,16841967.0
20260203,2637,慧洋-KY,listed,69.4,70.9,69.4,69.7,2048298.0,143696228.0
20260203,2642,宅配通,listed,25.5,25.6,25.2,25.25,81853.0,2071314.0
20260203,2645,長榮航太,listed,158.0,160.5,157.0,159.5,1658275.0,263557500.0
20260203,2646,星宇航空,listed,22.75,22.9,22.7,22.8,3702693.0,84267687.0
20260203,2701,萬企,listed,11.0,11.0,10.9,10.9,36843.0,403011.0
20260203,2702,華園,listed,11.9,12.05,11.7,11.7,20701.0,243415.0
20260203,2704,國賓,listed,43.45,43.45,42.65,42.9,88917.0,3807698.0
20260203,2705,六福,listed,16.15,16.25,16.1,16.2,104929.0,1696631.0
20260203,2706,第一店,listed,12.75,12.85,12.7,12.8,55548.0,709069.0
20260203,2707,晶華,listed,187.0,188.0,187.0,187.5,66638.0,12491051.0
20260203,2712,遠雄來,listed,17.4,17.4,17.1,17.15,8000.0,137500.0
20260203,2722,夏都,listed,24.85,25.0,24.75,24.8,26127.0,648850.0
20260203,2723,美食-KY,listed,76.5,78.2,75.5,76.1,505048.0,38697516.0
20260203,2727,王品,listed,212.0,214.5,212.0,213.5,200754.0,42872623.0
20260203,2731,雄獅,listed,167.0,169.5,167.0,168.0,364852.0,61387781.0
20260203,2739,寒舍,listed,34.0,34.0,33.7,34.0,73554.0,2492086.0
20260203,2748,雲品,listed,40.25,40.25,39.85,39.95,95047.0,3801104.0
20260203,2753,八方雲集,listed,176.5,178.5,176.5,178.5,152021.0,27020374.0
20260203,2762,世界健身-KY,listed,73.3,73.3,72.2,72.2,92155.0,6703998.0
20260203,2801,彰銀,listed,20.2,20.5,20.2,20.45,13685640.0,279429112.0
20260203,2812,台中銀,listed,20.0,20.15,20.0,20.0,7345601.0,147414713.0
20260203,2816,旺旺保,listed,28.25,28.5,28.2,28.35,135297.0,3823492.0
20260203,2820,華票,listed,16.15,16.35,16.15,16.3,1458876.0,23768457.0
20260203,2832,台產,listed,49.15,49.15,48.25,48.45,129478.0,6278973.0
20260203,2834,臺企銀,listed,15.3,15.45,15.3,15.35,8559948.0,131510615.0
20260203,2836,高雄銀,listed,11.95,12.05,11.95,12.05,803873.0,9653632.0
20260203,2838,聯邦銀,listed,18.4,18.7,18.4,18.55,824890.0,15298173.0
20260203,2845,遠東銀,listed,12.35,12.45,12.3,12.3,6038759.0,74597970.0
20260203,2849,安泰銀,listed,13.3,13.3,13.15,13.15,40186.0,531405.0
20260203,2850,新產,listed,112.5,113.5,112.5,113.0,150846.0,17066862.0
20260203,2851,中再保,listed,26.5,26.85,26.5,26.65,780932.0,20844341.0
20260203,2852,第一保,listed,27.0,27.05,26.95,27.05,240746.0,6498632.0
20260203,2855,統一證,listed,29.05,29.25,28.6,28.6,3525959.0,101718269.0
20260203,2867,三商壽,listed,7.8,7.9,7.8,7.87,10642120.0,83824133.0
20260203,2880,華南金,listed,32.65,33.45,32.65,33.1,8177454.0,271208712.0
20260203,2881,富邦金,listed,91.6,92.6,91.3,91.8,13798868.0,1269093689.0
20260203,2882,國泰金,listed,74.9,75.5,74.7,74.7,14083421.0,1055211894.0
20260203,2883,凱基金,listed,18.1,18.35,18.1,18.25,57105543.0,1043271468.0
20260203,2884,玉山金,listed,33.35,33.6,33.3,33.4,27942584.0,935223804.0
20260203,2885,元大金,listed,42.55,43.1,41.9,42.0,19144869.0,809979406.0
20260203,2886,兆豐金,listed,38.8,39.15,38.8,38.9,11350986.0,442268275.0
20260203,2887,台新新光金,listed,22.65,23.1,22.65,22.75,46682509.0,1065436624.0
20260203,2889,國票金,listed,16.4,16.5,16.3,16.35,4455570.0,73077707.0
20260203,2890,永豐金,listed,28.8,29.2,28.8,28.8,22830571.0,661463023.0
20260203,2891,中信金,listed,50.9,51.8,50.8,51.1,19104558.0,981038937.0
20260203,2892,第一金,listed,28.7,29.1,28.7,28.95,11001746.0,318125439.0
20260203,2897,王道銀行,listed,9.12,9.16,9.12,9.15,2273606.0,20795325.0
20260203,2901,欣欣,listed,24.5,24.85,24.5,24.75,40348.0,996084.0
20260203,2903,遠百,listed,21.95,22.35,21.95,22.25,2103906.0,46753357.0
20260203,2904,匯僑,listed,17.05,17.1,17.0,17.05,34575.0,588673.0
20260203,2905,三商,listed,15.1,15.3,15.05,15.2,497439.0,7536575.0
20260203,2906,高林,listed,12.45,12.45,12.3,12.35,81921.0,1014460.0
20260203,2908,特力,listed,20.1,20.25,20.1,20.25,66932.0,1351260.0
20260203,2910,統領,listed,21.15,21.15,21.1,21.1,4000.0,84500.0
20260203,2911,麗嬰房,listed,5.1,5.2,5.05,5.2,42322.0,215677.0
20260203,2912,統一超,listed,212.0,215.0,212.0,214.5,1751865.0,374536707.0
20260203,2913,農林,listed,12.9,12.9,12.65,12.75,1607300.0,20431572.0
20260203,2915,潤泰全,listed,50.6,50.7,50.1,50.2,1448334.0,72839142.0
20260203,2923,鼎固-KY,listed,20.0,20.0,19.5,19.95,21993.0,434734.0
20260203,2929,淘帝-KY,listed,7.7,7.73,7.62,7.68,176958.0,1357727.0
20260203,2939,永邑-KY,listed,20.35,20.35,19.9,20.15,28102.0,563682.0
20260203,2945,三商家購,listed,42.8,42.8,41.15,41.6,19664.0,822577.0
20260203,3002,歐格,listed,20.95,21.6,20.95,21.55,577986.0,12364550.0
20260203,3003,健和興,listed,47.05,47.25,46.3,47.0,171082.0,8012315.0
20260203,3004,豐達科,listed,111.0,113.0,110.0,113.0,423622.0,47387771.0
20260203,3005,神基,listed,112.0,113.0,111.0,112.0,3170651.0,354732312.0
20260203,3006,晶豪科,listed,195.5,196.5,165.0,168.5,76414170.0,13577761769.0
20260203,3008,大立光,listed,2355.0,2375.0,2320.0,2350.0,606210.0,1422391000.0
20260203,3010,華立,listed,124.0,126.5,120.0,121.5,1678314.0,205880558.0
20260203,3011,今皓,listed,13.1,13.25,12.95,13.15,457473.0,5993920.0
20260203,3013,晟銘電,listed,110.0,111.5,108.5,111.5,1668137.0,183709349.0
20260203,3014,聯陽,listed,118.0,118.5,116.5,118.0,578575.0,68055812.0
20260203,3015,全漢,listed,51.0,51.8,50.9,51.6,290663.0,14898803.0
20260203,3016,嘉晶,listed,60.1,63.0,58.4,58.6,7241146.0,435948535.0
20260203,3017,奇鋐,listed,1550.0,1635.0,1545.0,1635.0,14952322.0,23901100955.0
20260203,3019,亞光,listed,152.0,161.5,147.5,158.5,16560577.0,2553482783.0
20260203,3021,鴻名,listed,17.4,17.55,17.0,17.3,175613.0,3032720.0
20260203,3022,威強電,listed,64.2,64.6,63.3,64.0,307043.0,19623916.0
20260203,3023,信邦,listed,232.0,234.0,224.0,230.0,2368446.0,542762119.0
20260203,3024,憶聲,listed,10.35,10.4,10.0,10.2,641300.0,6528575.0
20260203,3025,星通,listed,67.2,68.2,66.5,68.0,949364.0,64100589.0
20260203,3026,禾伸堂,listed,103.0,104.0,102.0,103.5,854251.0,88243212.0
20260203,3027,盛達,listed,24.5,24.75,24.05,24.3,295326.0,7214521.0
20260203,3028,增你強,listed,55.6,55.6,55.6,55.6,6032838.0,335425681.0
20260203,3029,零壹,listed,112.0,112.0,110.5,111.0,665406.0,74003229.0
20260203,3030,德律,listed,189.5,194.0,180.0,181.5,7797209.0,1448536944.0
20260203,3031,佰鴻,listed,19.95,20.05,19.65,19.8,234810.0,4660495.0
20260203,3032,偉訓,listed,73.0,74.4,71.5,73.7,730608.0,53555539.0
20260203,3033,威健,listed,30.55,31.95,30.5,30.95,11840708.0,370368813.0
20260203,3034,聯詠,listed,373.0,374.5,368.0,373.5,2065797.0,768885017.0
20260203,3035,智原,listed,163.0,164.0,159.5,161.5,1477137.0,238373796.0
20260203,3036,文曄,listed,154.0,159.5,153.0,156.5,8204316.0,1290769084.0
20260203,3037,欣興,listed,384.5,397.5,375.0,385.0,68774219.0,26583878608.0
20260203,3038,全台,listed,23.45,23.75,23.2,23.4,234522.0,5469814.0
20260203,3040,遠見,listed,55.0,57.4,54.0,54.0,1230770.0,68239072.0
20260203,3041,揚智,listed,25.5,25.6,24.8,25.35,526552.0,13290873.0
20260203,3042,晶技,listed,86.3,86.8,85.0,85.4,730605.0,62574995.0
20260203,3043,科風,listed,22.05,22.75,21.45,21.6,84620.0,1832632.0
20260203,3044,健鼎,listed,402.0,423.0,401.5,407.0,8715971.0,3567594680.0
20260203,3045,台灣大,listed,105.0,105.5,105.0,105.0,3823709.0,401893932.0
20260203,3046,建��,listed,52.8,53.9,52.3,52.5,271204.0,14397645.0
20260203,3047,訊舟,listed,18.05,18.35,17.8,17.95,1203885.0,21686571.0
20260203,3048,益登,listed,38.5,38.75,37.25,37.35,1962164.0,74033509.0
20260203,3049,精金,listed,10.95,11.15,9.49,9.53,25094751.0,255166036.0
20260203,3050,鈺德,listed,13.4,13.55,13.2,13.3,658000.0,8763279.0
20260203,3051,力特,listed,24.75,26.05,24.75,24.95,2098363.0,53444145.0
20260203,3052,夆典,listed,11.45,11.45,11.3,11.35,243049.0,2758811.0
20260203,3054,立萬利,listed,30.05,32.0,30.05,31.25,102999.0,3219100.0
20260203,3055,蔚華科,listed,66.9,67.5,64.8,65.6,331191.0,21823718.0
20260203,3056,富華新,listed,16.65,16.8,16.4,16.55,1273329.0,21040851.0
20260203,3057,喬鼎,listed,17.1,17.35,16.15,16.35,356369.0,5911802.0
20260203,3058,立德,listed,9.96,10.15,9.8,9.84,790115.0,7841903.0
20260203,3059,華晶科,listed,38.3,38.6,37.75,38.25,2258265.0,86223224.0
20260203,3060,銘異,listed,32.5,32.9,30.35,30.7,9562032.0,302565361.0
20260203,3062,建漢,listed,25.9,26.55,25.25,25.4,3390985.0,87427752.0
20260203,3090,日電貿,listed,91.2,91.3,88.6,90.4,1870753.0,169010025.0
20260203,3092,鴻碩,listed,24.5,25.2,23.3,23.9,512756.0,12182990.0
20260203,3094,聯傑,listed,24.8,25.0,24.55,24.95,193673.0,4796607.0
20260203,3130,一零四,listed,222.0,223.0,221.5,221.5,15366.0,3408762.0
20260203,3135,凌航,listed,117.5,121.5,106.0,108.0,3928622.0,443082133.0
20260203,3138,耀登,listed,171.0,180.0,170.5,180.0,4507521.0,799271891.0
20260203,3149,正達,listed,52.6,54.0,51.0,51.4,7746620.0,405319501.0
20260203,3150,鈺寶-創,listed,17.8,18.4,17.65,17.65,95100.0,1701925.0
20260203,3164,景岳,listed,18.15,18.15,17.95,17.95,42424.0,763518.0
20260203,3167,大量,listed,211.0,213.5,201.0,205.5,2696764.0,555829394.0
20260203,3168,眾福科,listed,39.4,39.95,39.0,39.0,23500.0,920999.0
20260203,3189,景碩,listed,253.5,259.0,236.0,246.0,68948124.0,17128581753.0
20260203,3209,全科,listed,33.0,33.6,33.0,33.2,389402.0,12984861.0
20260203,3229,晟鈦,listed,23.15,23.6,22.25,22.3,153511.0,3461210.0
20260203,3231,緯創,listed,130.5,131.5,128.0,128.5,26353068.0,3406574182.0
20260203,3257,虹冠電,listed,66.0,66.5,63.6,65.1,414101.0,26939509.0
20260203,3266,昇陽,listed,13.8,13.8,13.6,13.75,40045.0,548121.0
20260203,3296,勝德,listed,24.15,24.7,24.05,24.15,57865.0,1399356.0
20260203,3305,昇貿,listed,108.5,110.0,106.0,107.0,4450728.0,479684960.0
20260203,3308,聯德,listed,20.55,22.35,20.55,22.35,170427.0,3768929.0
20260203,3311,閎暉,listed,32.55,32.85,31.35,32.2,278904.0,8951728.0
20260203,3312,弘憶股,listed,38.6,39.45,38.1,38.7,590086.0,22890050.0
20260203,3321,同泰,listed,17.7,17.7,16.8,17.15,516192.0,8888917.0
20260203,3338,泰碩,listed,51.6,52.1,50.9,51.2,246928.0,12705927.0
20260203,3346,麗清,listed,21.45,21.5,20.95,21.4,303442.0,6438846.0
20260203,3356,奇偶,listed,48.4,48.8,48.05,48.3,197074.0,9535778.0
20260203,3376,新日興,listed,211.0,218.0,203.0,203.0,6468945.0,1350822211.0
20260203,3380,明泰,listed,34.25,35.95,34.2,34.7,6481680.0,227338305.0
20260203,3406,玉晶光,listed,449.0,458.0,449.0,458.0,718593.0,326428220.0
20260203,3413,京鼎,listed,284.0,285.5,282.0,283.5,829550.0,235090943.0
20260203,3416,融程電,listed,145.0,146.0,143.5,145.0,152005.0,21947095.0
20260203,3419,譁裕,listed,14.75,15.3,14.6,15.0,794099.0,11895980.0
20260203,3432,台端,listed,17.6,18.0,16.35,17.8,73708.0,1263915.0
20260203,3437,榮創,listed,15.9,16.2,15.5,15.75,1356055.0,21544790.0
20260203,3443,創意,listed,2780.0,2830.0,2650.0,2705.0,4526322.0,12324472805.0
20260203,3447,展達,listed,43.65,44.1,42.0,43.0,230163.0,9877310.0
20260203,3450,聯鈞,listed,252.0,255.0,245.0,250.0,4777555.0,1191968843.0
20260203,3454,晶睿,listed,99.0,99.2,99.0,99.0,68954.0,6830774.0
20260203,3481,群創,listed,21.8,22.0,20.75,20.95,310032753.0,6583646821.0
20260203,3494,誠研,listed,9.08,9.33,9.0,9.01,143075.0,1295354.0
20260203,3501,維熹,listed,50.7,51.6,50.5,50.6,199508.0,10142724.0
20260203,3504,揚明光,listed,53.6,54.2,52.8,54.0,281622.0,15126894.0
20260203,3515,華擎,listed,222.0,222.5,217.0,222.0,330724.0,72709535.0
20260203,3518,柏騰,listed,21.0,21.15,20.6,20.9,115237.0,2397844.0
20260203,3528,安馳,listed,67.7,68.1,67.4,68.1,93617.0,6344772.0
20260203,3530,晶相光,listed,65.0,65.1,62.4,62.6,303702.0,19206901.0
20260203,3532,台勝科,listed,140.5,146.0,137.5,139.0,5078755.0,723548502.0
20260203,3533,嘉澤,listed,1605.0,1605.0,1580.0,1605.0,4001851.0,6419801560.0
20260203,3535,晶彩科,listed,96.0,98.8,93.5,95.4,4925405.0,473050967.0
20260203,3543,州巧,listed,43.8,44.4,42.7,42.7,1510949.0,65552214.0
20260203,3545,敦泰,listed,54.0,54.3,52.5,53.4,947298.0,50558190.0
20260203,3550,聯穎,listed,16.3,17.25,16.3,16.5,2450804.0,41002487.0
20260203,3557,嘉威,listed,34.3,34.5,33.85,33.85,63635.0,2168375.0
20260203,3563,牧德,listed,483.0,490.5,475.0,481.5,742547.0,358587482.0
20260203,3576,聯合再生,listed,11.8,12.3,11.6,12.3,45057645.0,550469291.0
20260203,3583,辛耘,listed,326.0,326.5,316.0,320.5,365456.0,117073525.0
20260203,3588,通嘉,listed,52.8,55.1,51.9,52.2,878723.0,46700811.0
20260203,3591,艾笛森,listed,19.2,19.2,18.8,18.9,220348.0,4173442.0
20260203,3592,瑞鼎,listed,228.0,231.5,223.5,230.0,431573.0,98308156.0
20260203,3593,力銘,listed,12.7,12.7,12.7,12.7,22985.0,290814.0
20260203,3596,智易,listed,180.0,185.0,179.0,180.5,1058692.0,192309352.0
20260203,3605,宏致,listed,65.0,65.4,62.7,64.9,2339520.0,149979280.0
20260203,3607,谷崧,listed,14.2,14.35,14.1,14.25,164247.0,2331477.0
20260203,3617,碩天,listed,192.5,196.5,190.5,195.0,369968.0,71732763.0
20260203,3622,洋華,listed,63.7,64.4,63.2,64.4,446773.0,28544323.0
20260203,3645,達邁,listed,61.5,62.5,58.6,59.5,4923514.0,296166629.0
20260203,3652,精聯,listed,28.15,28.55,28.1,28.3,39170.0,1104598.0
20260203,3653,健策,listed,3030.0,3140.0,2985.0,3140.0,3030885.0,9303457100.0
20260203,3661,世芯-KY,listed,3200.0,3330.0,3160.0,3320.0,2364849.0,7691461545.0
20260203,3665,貿聯-KY,listed,1365.0,1425.0,1345.0,1410.0,3698095.0,5132904615.0
20260203,3669,圓展,listed,37.0,37.0,35.0,35.15,50870.0,1803167.0
20260203,3673,TPK-KY,listed,38.75,39.25,38.2,38.2,1190039.0,45944556.0
20260203,3679,新至陞,listed,114.0,114.5,113.0,113.5,50287.0,5700566.0
20260203,3686,達能,listed,20.0,21.55,19.95,21.55,5361026.0,114753331.0
20260203,3694,海華,listed,58.3,58.7,57.2,58.1,814843.0,47222516.0
20260203,3701,大眾控,listed,55.0,58.4,54.8,57.2,13983765.0,795690316.0
20260203,3702,大聯大,listed,64.7,64.9,63.5,64.0,4725360.0,303237847.0
20260203,3703,欣陸,listed,22.35,22.6,22.2,22.4,725398.0,16194760.0
20260203,3704,合勤控,listed,37.05,37.4,35.7,36.55,3457865.0,125950813.0
20260203,3705,永信,listed,56.0,56.0,55.0,55.3,396453.0,21907649.0
20260203,3706,神達,listed,79.4,79.9,77.3,78.4,9532191.0,748846070.0
20260203,3708,上緯投控,listed,113.5,115.0,111.0,112.5,829401.0,93801111.0
20260203,3711,日月光投控,listed,303.5,306.5,296.5,302.0,20529840.0,6192231437.0
20260203,3712,永崴投控,listed,26.2,26.2,25.15,25.4,295175.0,7533086.0
20260203,3714,富采,listed,35.6,36.2,34.8,36.1,3252528.0,115706051.0
20260203,3715,定穎投控,listed,142.0,146.0,140.0,143.5,18326808.0,2621383121.0
20260203,3716,中化控股,listed,33.9,33.95,33.65,33.7,59439.0,2005370.0
20260203,3717,聯嘉投控,listed,17.2,17.6,17.0,17.0,571456.0,9825138.0
20260203,4104,佳醫,listed,76.7,77.0,75.2,76.4,1269049.0,96853686.0
20260203,4106,雃博,listed,23.0,23.05,22.8,23.05,45492.0,1044045.0
20260203,4108,懷特,listed,14.15,14.15,13.8,13.85,131908.0,1832974.0
20260203,4119,旭富,listed,52.0,52.1,50.8,51.1,107601.0,5512443.0
20260203,4133,亞諾法,listed,26.75,26.75,25.3,25.5,553083.0,14177409.0
20260203,4137,麗豐-KY,listed,103.5,104.0,102.0,103.0,81028.0,8321358.0
20260203,4142,國光生,listed,19.25,19.25,18.55,18.6,2917875.0,54531844.0
20260203,4148,全宇生技-KY,listed,38.3,38.3,38.3,38.3,1119.0,42852.0
20260203,4155,訊映,listed,14.45,14.5,14.35,14.4,86137.0,1244990.0
20260203,4164,承業醫,listed,33.55,33.85,33.05,33.45,692029.0,23035990.0
20260203,4190,佐登-KY,listed,29.35,29.45,29.2,29.3,22775.0,668472.0
20260203,4306,炎洲,listed,13.4,13.5,13.25,13.35,580648.0,7744263.0
20260203,4414,如興,listed,10.25,10.35,10.1,10.1,266463.0,2716102.0
20260203,4426,利勤,listed,9.58,9.58,9.39,9.4,64919.0,612684.0
20260203,4438,廣越,listed,67.6,67.9,67.0,67.2,48102.0,3241934.0
20260203,4439,冠星-KY,listed,104.0,104.5,102.0,102.5,36108.0,3743365.0
20260203,4440,宜新實業,listed,17.2,17.25,17.1,17.1,54185.0,930375.0
20260203,4441,振大環球,listed,252.0,253.5,246.5,253.0,55883.0,13933394.0
20260203,4526,東台,listed,33.05,33.2,31.2,31.8,3513679.0,112554625.0
20260203,4532,瑞智,listed,25.6,25.75,25.2,25.6,672072.0,17124219.0
20260203,4536,拓凱,listed,157.0,158.0,156.5,158.0,124246.0,19561675.0
20260203,4540,全球傳動,listed,46.1,47.05,45.6,46.75,1639285.0,75937981.0
20260203,4545,銘鈺,listed,34.55,35.35,34.05,34.15,201694.0,6969410.0
20260203,4551,智伸科,listed,120.5,122.5,118.0,122.5,385133.0,46456692.0
20260203,4552,力達-KY,listed,23.5,23.5,23.2,23.3,122722.0,2864709.0
20260203,4555,氣立,listed,38.5,39.0,38.35,38.35,118819.0,4587548.0
20260203,4557,永新-KY,listed,68.8,68.8,67.7,68.0,119904.0,8161058.0
20260203,4560,強信-KY,listed,32.0,32.2,31.65,32.05,402000.0,12815000.0
20260203,4562,穎漢,listed,38.0,38.4,37.25,37.75,235084.0,8868093.0
20260203,4564,元翎,listed,17.1,17.7,17.0,17.45,1502046.0,26132734.0
20260203,4566,時碩工業,listed,56.8,57.9,56.3,56.9,256435.0,14594951.0
20260203,4569,六方科-KY,listed,143.5,143.5,139.0,141.5,16457.0,2310670.0
20260203,4571,鈞興-KY,listed,184.5,185.5,176.5,182.5,637333.0,114831130.0
20260203,4572,駐龍,listed,144.0,146.5,143.0,146.5,35184.0,5081873.0
20260203,4576,大銀微系統,listed,113.0,113.5,109.5,112.0,584657.0,64997273.0
20260203,4581,光隆精密-KY,listed,50.8,50.8,50.6,50.7,10000.0,506900.0
20260203,4583,台灣精銳,listed,760.0,760.0,715.0,731.0,430689.0,316013905.0
20260203,4585,達明,listed,365.0,366.0,352.0,362.0,555839.0,199337484.0
20260203,4588,玖鼎電力,listed,66.9,69.8,66.9,67.5,182372.0,12491424.0
20260203,4590,富田-創,listed,82.2,82.9,80.2,81.4,234991.0,19144123.0
20260203,4720,德淵,listed,16.2,16.6,16.1,16.15,754775.0,12309802.0
20260203,4722,國精化,listed,155.0,159.5,150.5,156.5,1021222.0,157796882.0
20260203,4736,泰博,listed,133.5,133.5,129.5,131.5,196774.0,25780686.0
20260203,4737,華廣,listed,53.3,53.3,51.9,52.4,125529.0,6591472.0
20260203,4739,康普,listed,67.0,68.7,65.0,66.9,1088982.0,72649067.0
20260203,4746,台耀,listed,57.6,57.9,56.0,56.2,1131811.0,64002885.0
20260203,4755,三福化,listed,122.5,127.0,122.5,125.5,202072.0,25196348.0
20260203,4763,材料*-KY,listed,50.4,50.4,49.2,50.1,6646324.0,330138881.0
20260203,4764,雙鍵,listed,113.0,114.5,108.5,111.5,975605.0,108743380.0
20260203,4766,南寶,listed,305.5,308.0,301.0,304.0,242879.0,73864539.0
20260203,4770,上品,listed,247.0,251.5,236.5,238.0,798096.0,193170839.0
20260203,4771,望隼,listed,177.0,177.0,174.0,175.5,44548.0,7818418.0
20260203,4807,日成-KY,listed,17.8,18.45,17.8,17.85,5884.0,105719.0
20260203,4904,遠傳,listed,90.1,91.4,89.8,90.7,7678917.0,698278548.0
20260203,4906,正文,listed,28.45,29.45,28.2,28.7,6905256.0,198636075.0
20260203,4912,聯德控股-KY,listed,90.0,90.0,87.5,88.5,451310.0,40171718.0
20260203,4915,致伸,listed,77.2,78.4,76.6,78.4,2000864.0,155479554.0
20260203,4916,事欣科,listed,63.4,66.5,63.0,64.5,9667901.0,625410772.0
20260203,4919,新唐,listed,60.0,60.9,58.1,59.7,2894425.0,171968786.0
20260203,4927,泰鼎-KY,listed,31.8,32.65,31.1,31.95,4497209.0,143412607.0
20260203,4930,燦星網,listed,21.8,21.8,21.4,21.7,89726.0,1943638.0
20260203,4934,太極,listed,15.1,16.1,15.1,16.1,3246576.0,51880233.0
20260203,4935,茂林-KY,listed,39.2,39.55,38.8,39.0,163155.0,6365915.0
20260203,4938,和碩,listed,70.6,70.9,69.0,69.3,7416009.0,517201691.0
20260203,4942,嘉彰,listed,37.1,37.4,36.9,37.1,85429.0,3168583.0
20260203,4943,康控-KY,listed,11.95,11.95,11.0,11.55,16992.0,194427.0
20260203,4949,有成精密,listed,47.1,49.5,46.4,46.4,1857416.0,88875254.0
20260203,4952,凌通,listed,39.65,39.7,38.6,38.9,144056.0,5603925.0
20260203,4956,光鋐,listed,22.65,24.5,22.5,24.15,7553811.0,179829763.0
20260203,4958,臻鼎-KY,listed,191.5,195.0,173.0,181.0,58070225.0,10630694587.0
20260203,4960,誠美材,listed,13.5,13.5,13.2,13.25,725534.0,9657645.0
20260203,4961,天鈺,listed,144.5,146.5,143.0,145.5,414976.0,60120125.0
20260203,4967,十銓,listed,245.0,251.0,217.5,221.5,17983848.0,4156687784.0
20260203,4968,立積,listed,117.0,118.5,114.5,118.5,901022.0,105113428.0
20260203,4976,佳凌,listed,30.2,30.25,29.4,29.95,729868.0,21765902.0
20260203,4977,眾達-KY,listed,135.0,137.0,128.0,133.0,6726333.0,891679830.0
20260203,4989,榮科,listed,52.0,53.5,50.0,50.8,11755097.0,605992183.0
20260203,4994,傳奇,listed,102.5,104.5,102.5,103.0,16414.0,1695761.0
20260203,4999,鑫禾,listed,23.25,23.75,23.2,23.6,31432.0,734456.0
20260203,5007,三星,listed,58.4,59.5,56.1,59.4,800500.0,47478420.0
20260203,5203,訊連,listed,84.0,88.0,83.5,85.4,255238.0,21769939.0
20260203,5215,科嘉-KY,listed,38.05,38.05,37.0,37.5,39790.0,1483321.0
20260203,5222,全訊,listed,138.0,140.5,135.5,137.5,1216570.0,168332204.0
20260203,5225,東科-KY,listed,96.5,97.5,96.0,96.2,511541.0,49334648.0
20260203,5234,達興材料,listed,334.0,344.0,328.0,342.0,941959.0,317902358.0
20260203,5243,乙盛-KY,listed,83.0,86.0,81.6,85.6,2742781.0,230972808.0
20260203,5244,弘凱,listed,37.9,38.5,37.45,37.65,145852.0,5517567.0
20260203,5258,虹堡,listed,56.5,56.8,55.6,55.8,315528.0,17705615.0
20260203,5269,祥碩,listed,1280.0,1325.0,1260.0,1315.0,945038.0,1224798420.0
20260203,5283,禾聯碩,listed,59.9,59.9,59.2,59.5,53534.0,3184510.0
20260203,5284,jpp-KY,listed,270.0,281.5,270.0,273.5,1152213.0,318026840.0
20260203,5285,界霖,listed,54.2,55.2,53.0,53.8,270611.0,14556320.0
20260203,5288,豐祥-KY,listed,142.0,142.0,138.0,140.0,91455.0,12728771.0
20260203,5292,華懋,listed,190.0,192.5,189.0,191.0,91721.0,17519004.0
20260203,5306,桂盟,listed,89.5,93.9,89.5,92.2,119458.0,10991879.0
20260203,5388,中磊,listed,84.1,85.9,83.4,84.0,5801533.0,490038596.0
20260203,5434,崇越,listed,323.5,329.0,320.5,329.0,542987.0,176660420.0
20260203,5469,瀚宇博,listed,96.3,99.9,94.7,98.7,5950909.0,580280301.0
20260203,5471,松翰,listed,35.85,36.5,35.45,35.8,390871.0,14037218.0
20260203,5484,慧友,listed,40.75,40.75,38.95,39.0,284579.0,11155920.0
20260203,5515,建國,listed,32.4,32.45,31.85,31.95,252763.0,8113650.0
20260203,5519,隆大,listed,30.55,30.65,30.15,30.25,371666.0,11281536.0
20260203,5521,工信,listed,21.4,21.9,21.3,21.9,3935949.0,85043018.0
20260203,5522,遠雄,listed,67.1,67.8,66.3,67.0,349791.0,23425280.0
20260203,5525,順天,listed,25.3,25.35,25.15,25.3,69215.0,1747527.0
20260203,5531,鄉林,listed,8.99,9.0,8.87,9.0,424403.0,3791019.0
20260203,5533,皇鼎,listed,14.3,14.35,14.2,14.2,65534.0,936360.0
20260203,5534,長虹,listed,77.3,78.1,77.1,77.7,372738.0,28911580.0
20260203,5538,東明-KY,listed,31.0,31.65,31.0,31.0,18085.0,562528.0
20260203,5546,永固-KY,listed,22.5,22.5,22.45,22.45,14000.0,314500.0
20260203,5607,遠雄港,listed,46.25,46.85,46.0,46.65,220332.0,10215546.0
20260203,5608,四維航,listed,17.65,18.0,17.5,17.9,1678064.0,29807159.0
20260203,5706,鳳凰,listed,51.3,51.3,50.6,50.7,190549.0,9700950.0
20260203,5871,中租-KY,listed,103.0,105.0,103.0,104.5,4714389.0,491057408.0
20260203,5876,上海商銀,listed,39.15,39.7,39.15,39.5,3657826.0,144514857.0
20260203,5880,合庫金,listed,23.4,23.65,23.4,23.5,12539447.0,295389737.0
20260203,5906,台南-KY,listed,51.5,51.5,51.5,51.5,2000.0,103000.0
20260203,5907,大洋-KY,listed,5.87,5.95,5.77,5.79,427250.0,2503806.0
20260203,6005,群益證,listed,29.4,29.6,28.5,28.7,7625322.0,220741105.0
20260203,6024,群益期,listed,50.8,51.2,50.8,51.0,252177.0,12838647.0
20260203,6108,競國,listed,14.6,14.85,14.4,14.45,129175.0,1879231.0
20260203,6112,邁達特,listed,44.0,44.3,43.25,43.55,335020.0,14614077.0
20260203,6115,鎰勝,listed,46.4,46.55,46.05,46.15,181368.0,8391489.0
20260203,6116,彩晶,listed,8.27,8.5,8.13,8.27,19628957.0,162639564.0
20260203,6117,迎廣,listed,75.2,76.6,74.4,76.6,510155.0,38580937.0
20260203,6120,達運,listed,12.85,13.15,12.6,12.85,2653713.0,34020449.0
20260203,6128,上福,listed,24.0,24.2,23.8,23.8,43517.0,1039235.0
20260203,6133,金橋,listed,24.25,25.0,23.6,23.7,4551632.0,110305391.0
20260203,6136,富爾特,listed,23.85,23.95,23.8,23.8,70051.0,1669470.0
20260203,6139,亞翔,listed,575.0,579.0,548.0,560.0,3228376.0,1810264800.0
20260203,6141,柏承,listed,10.95,11.05,10.8,10.95,175993.0,1922271.0
20260203,6142,友勁,listed,9.7,9.94,9.61,9.65,436448.0,4231792.0
20260203,6152,百一,listed,12.7,13.5,12.7,13.2,2012479.0,26499726.0
20260203,6153,嘉聯益,listed,16.2,16.6,16.15,16.15,3107975.0,50690393.0
20260203,6155,鈞寶,listed,52.2,52.9,49.3,49.5,2400769.0,121920054.0
20260203,6164,華興,listed,12.25,12.35,11.95,12.1,415018.0,5003697.0
20260203,6165,浪凡,listed,42.15,42.95,41.75,42.1,206435.0,8697682.0
20260203,6166,凌華,listed,62.0,62.5,61.0,62.1,330616.0,20412478.0
20260203,6168,宏齊,listed,20.55,20.8,20.15,20.4,847660.0,17323116.0
20260203,6176,瑞儀,listed,120.0,122.5,119.5,121.5,1177218.0,142461494.0
20260203,6177,達麗,listed,47.7,48.3,47.15,47.25,821343.0,39050885.0
20260203,6183,關貿,listed,95.0,95.1,95.0,95.0,35406.0,3363342.0
20260203,6184,大豐電,listed,47.8,47.9,47.65,47.75,53367.0,2548465.0
20260203,6189,豐藝,listed,49.0,52.9,46.65,51.7,10174496.0,515404835.0
20260203,6191,精成科,listed,107.0,109.0,104.0,108.5,5146499.0,547909168.0
20260203,6192,巨路,listed,120.0,122.5,120.0,121.0,184910.0,22400085.0
20260203,6196,帆宣,listed,281.0,287.0,278.5,281.0,997732.0,280881968.0
20260203,6197,佳必琪,listed,146.5,150.0,146.5,148.5,1641603.0,243757125.0
20260203,6201,亞弘電,listed,53.6,53.9,53.6,53.8,18143.0,975822.0
20260203,6202,盛群,listed,44.75,47.2,44.75,46.8,3411355.0,158401108.0
20260203,6205,詮欣,listed,51.5,51.9,50.0,51.5,285191.0,14552718.0
20260203,6206,飛捷,listed,90.7,91.1,89.8,90.1,291148.0,26300379.0
20260203,6209,今國光,listed,61.7,62.4,59.6,60.3,5331524.0,324194260.0
20260203,6213,聯茂,listed,106.5,107.5,104.5,107.5,3818501.0,405392630.0
20260203,6214,精誠,listed,115.0,115.5,113.5,114.5,744378.0,84927712.0
20260203,6215,和椿,listed,110.5,116.0,110.0,111.0,1786112.0,200854389.0
20260203,6216,居易,listed,27.5,27.65,27.25,27.45,79179.0,2171856.0
20260203,6224,聚鼎,listed,40.3,40.7,39.65,40.45,124121.0,4989186.0
20260203,6225,天瀚,listed,18.95,19.0,17.55,17.55,8944.0,166997.0
20260203,6226,光鼎,listed,8.7,8.89,8.62,8.63,246405.0,2145736.0
20260203,6230,尼得科超眾,listed,117.0,118.5,115.5,115.5,58051.0,6792288.0
20260203,6235,華孚,listed,58.9,60.2,57.9,59.1,1125005.0,66446867.0
20260203,6239,力成,listed,254.5,262.0,252.5,257.0,15716294.0,4039490025.0
20260203,6243,迅杰,listed,34.1,34.3,33.5,33.8,135131.0,4582855.0
20260203,6257,矽格,listed,129.0,129.5,125.5,126.5,4051794.0,515472952.0
20260203,6269,台郡,listed,58.5,59.9,58.0,59.2,1252646.0,74008064.0
20260203,6271,同欣電,listed,140.0,147.5,139.5,143.0,5611592.0,805277934.0
20260203,6272,驊陞,listed,41.2,41.95,40.4,41.25,436557.0,18000009.0
20260203,6277,宏正,listed,59.9,59.9,58.9,58.9,233044.0,13769378.0
20260203,6278,台表科,listed,92.0,93.7,92.0,93.6,1213750.0,112878378.0
20260203,6281,全國電,listed,61.7,61.7,60.4,60.5,62869.0,3812417.0
20260203,6282,康舒,listed,49.75,49.75,47.6,48.0,24761447.0,1204250863.0
20260203,6283,淳安,listed,22.5,22.6,22.25,22.45,173594.0,3900195.0
20260203,6285,啟��,listed,190.5,201.0,190.5,196.0,50911673.0,10027963522.0
20260203,6405,悅城,listed,29.7,30.55,28.9,29.45,449537.0,13321783.0
20260203,6409,旭隼,listed,877.0,919.0,873.0,919.0,922463.0,828359350.0
20260203,6412,群電,listed,81.2,84.5,80.4,84.1,1182630.0,97743716.0
20260203,6414,樺漢,listed,285.0,287.0,283.0,285.0,347187.0,98952118.0
20260203,6415,矽力*-KY,listed,296.0,303.0,284.0,296.0,16232677.0,4797403693.0
20260203,6416,瑞祺電通,listed,85.5,87.3,85.1,86.5,179586.0,15460925.0
20260203,6426,統新,listed,121.0,133.0,116.5,131.0,12606432.0,1562146969.0
20260203,6431,光麗-KY,listed,28.45,28.85,27.9,28.1,375011.0,10625126.0
20260203,6438,迅得,listed,150.0,150.5,143.5,144.5,1652427.0,241721215.0
20260203,6442,光聖,listed,1770.0,1860.0,1710.0,1830.0,5927853.0,10546753505.0
20260203,6443,元晶,listed,41.1,43.95,40.35,42.2,212177329.0,8989914675.0
20260203,6446,藥華藥,listed,780.0,780.0,751.0,779.0,2314530.0,1779602728.0
20260203,6449,鈺邦,listed,161.0,163.0,158.0,161.5,361633.0,58074114.0
20260203,6451,訊芯-KY,listed,183.5,189.5,179.5,189.5,4253303.0,797384799.0
20260203,6456,GIS-KY,listed,39.45,40.45,39.15,40.15,1277712.0,50854285.0
20260203,6464,台數科,listed,74.0,74.0,73.0,73.7,40251.0,2955721.0
20260203,6472,保瑞,listed,580.0,593.0,569.0,586.0,1356993.0,788925404.0
20260203,6477,安集,listed,34.2,36.3,34.2,35.15,1800305.0,63662896.0
20260203,6491,晶碩,listed,290.0,294.0,286.0,289.5,411659.0,119284789.0
20260203,6504,南六,listed,42.7,43.5,41.05,42.3,267325.0,11235489.0
20260203,6505,台塑化,listed,49.35,51.3,48.75,48.75,9081362.0,452175324.0
20260203,6515,穎崴,listed,4100.0,4465.0,4075.0,4465.0,1330530.0,5763929125.0
20260203,6525,捷敏-KY,listed,78.8,79.8,78.4,79.8,133048.0,10500861.0
20260203,6526,達發,listed,426.5,451.5,426.5,451.5,544616.0,240273996.0
20260203,6531,愛普*,listed,429.5,436.5,417.5,430.0,3785439.0,1618860593.0
20260203,6533,晶心科,listed,238.5,240.0,231.0,234.5,363774.0,85167149.0
20260203,6534,正瀚-創,listed,85.2,85.7,84.7,84.7,43102.0,3661948.0
20260203,6541,泰福-KY,listed,51.4,51.5,50.2,50.4,616321.0,31218558.0
20260203,6550,北極星藥業-KY,listed,30.85,31.25,30.0,30.4,1308092.0,39849956.0
20260203,6552,易華電,listed,35.0,36.2,33.05,33.85,2671280.0,93095102.0
20260203,6558,興能高,listed,36.4,36.6,35.25,35.5,1136397.0,40609083.0
20260203,6573,虹揚-KY,listed,15.45,15.7,15.15,15.4,229425.0,3535542.0
20260203,6579,研揚,listed,124.5,124.5,118.5,119.0,446551.0,54085396.0
20260203,6581,鋼聯,listed,107.0,107.5,107.0,107.5,4104.0,440138.0
20260203,6582,申豐,listed,33.0,33.05,32.0,32.2,86681.0,2803911.0
20260203,6585,鼎基,listed,87.9,88.4,87.9,88.4,24605.0,2169766.0
20260203,6589,台康生技,listed,61.0,61.2,60.0,60.3,632508.0,38234519.0
20260203,6591,動力-KY,listed,66.6,66.9,65.5,66.3,210073.0,13905077.0
20260203,6592,和潤企業,listed,60.6,62.0,60.6,61.1,1358894.0,83072171.0
20260203,6598,ABC-KY,listed,24.0,24.4,23.6,24.1,181925.0,4373347.0
20260203,6605,帝寶,listed,149.0,151.0,148.5,151.0,342590.0,51418312.0
20260203,6606,建德工業,listed,25.65,25.95,25.65,25.65,59420.0,1528335.0
20260203,6614,資拓宏宇,listed,46.05,46.1,45.3,45.35,98584.0,4508811.0
20260203,6625,必應,listed,86.0,86.0,83.5,83.5,332960.0,28043093.0
20260203,6641,基士德-KY,listed,22.1,22.1,21.6,21.6,48131.0,1049101.0
20260203,6645,金萬林-創,listed,17.8,17.8,17.35,17.35,22436.0,394584.0
20260203,6655,科定,listed,120.5,121.5,120.0,121.5,12179.0,1471962.0
20260203,6657,華安,listed,49.95,50.3,47.6,47.65,770012.0,37051579.0
20260203,6658,聯策,listed,52.1,53.1,51.3,51.7,138454.0,7182717.0
20260203,6666,羅麗芬-KY,listed,44.15,44.7,44.15,44.2,11202.0,495936.0
20260203,6668,中揚光,listed,37.3,37.4,36.2,37.35,251367.0,9243009.0
20260203,6669,緯穎,listed,3720.0,3760.0,3630.0,3725.0,1261329.0,4670399395.0
20260203,6670,復盛應用,listed,268.0,273.5,267.0,270.5,264318.0,71370824.0
20260203,6671,三能-KY,listed,37.4,37.4,36.95,37.1,10000.0,371900.0
20260203,6672,騰輝電子-KY,listed,87.9,89.9,86.8,87.5,747260.0,65919468.0
20260203,6674,鋐寶科技,listed,20.4,20.4,19.95,20.05,26224.0,525818.0
20260203,6689,伊雲谷,listed,60.8,61.0,59.5,59.5,278315.0,16688562.0
20260203,6691,洋基工程,listed,596.0,605.0,586.0,604.0,473226.0,282009929.0
20260203,6695,芯鼎,listed,42.15,42.6,41.4,41.75,191949.0,8070588.0
20260203,6698,旭暉應材,listed,34.3,34.3,33.45,33.95,137998.0,4661115.0
20260203,6706,惠特,listed,114.0,118.5,107.5,109.0,5044472.0,565961647.0
20260203,6715,嘉基,listed,139.5,140.5,139.0,140.5,426442.0,59847091.0
20260203,6719,力智,listed,204.0,206.5,200.5,205.0,453824.0,92514482.0
20260203,6722,輝創,listed,43.5,43.5,42.4,43.35,227132.0,9761630.0
20260203,6742,澤米,listed,43.5,43.85,42.75,43.0,154728.0,6682592.0
20260203,6743,安普新,listed,27.25,27.25,26.65,26.85,111838.0,3003629.0
20260203,6753,龍德造船,listed,142.5,147.0,140.5,140.5,1958967.0,281145098.0
20260203,6754,匯僑設計,listed,44.5,44.5,43.5,43.9,13234.0,583057.0
20260203,6756,威鋒電子,listed,77.2,77.9,75.4,77.9,106316.0,8169907.0
20260203,6757,台灣虎航,listed,65.4,65.9,64.0,64.2,2213833.0,142727732.0
20260203,6768,志強-KY,listed,102.5,102.5,100.5,101.5,232013.0,23516036.0
20260203,6770,力積電,listed,66.0,67.4,57.9,59.7,308535252.0,19473377777.0
20260203,6771,平和環保-創,listed,44.0,44.5,44.0,44.1,6160.0,272915.0
20260203,6776,展�眥篕�,listed,60.8,62.4,59.5,59.6,2386671.0,144395298.0
20260203,6781,AES-KY,listed,1135.0,1165.0,1105.0,1160.0,1526819.0,1738994435.0
20260203,6782,視陽,listed,170.5,174.5,170.0,173.0,217394.0,37383433.0
20260203,6789,采鈺,listed,289.5,292.5,278.0,284.0,1576265.0,448326774.0
20260203,6790,永豐實,listed,38.0,38.1,37.85,37.95,148940.0,5652630.0
20260203,6792,詠業,listed,55.9,55.9,54.1,55.5,34026.0,1867518.0
20260203,6794,向榮生技,listed,88.1,89.9,88.1,89.0,83727.0,7462800.0
20260203,6796,晉弘,listed,88.6,88.9,88.0,88.1,58381.0,5156699.0
20260203,6799,來頡,listed,84.8,85.3,82.6,83.3,130619.0,10942370.0
20260203,6805,富世達,listed,1450.0,1540.0,1450.0,1535.0,3774211.0,5703056390.0
20260203,6806,森崴能源,listed,47.95,48.65,46.5,47.05,1138941.0,53963700.0
20260203,6807,峰源-KY,listed,45.6,45.85,45.45,45.45,16316.0,743861.0
20260203,6830,汎銓,listed,189.0,195.0,185.5,188.5,3621088.0,687290750.0
20260203,6831,邁科,listed,232.0,237.5,229.5,236.0,398520.0,92856910.0
20260203,6834,天二科技,listed,30.3,30.65,29.5,30.05,361660.0,10820965.0
20260203,6835,圓裕,listed,39.85,39.85,39.15,39.3,121001.0,4773940.0
20260203,6838,台新藥,listed,28.55,28.55,27.25,27.4,310944.0,8558761.0
20260203,6854,錼創科技-KY創,listed,119.0,123.0,119.0,120.0,336079.0,40655627.0
20260203,6861,睿生光電,listed,62.7,63.8,62.0,62.5,101367.0,6366387.0
20260203,6862,三集瑞-KY,listed,194.0,198.0,189.0,189.5,529232.0,102451394.0
20260203,6863,永道-KY,listed,108.5,110.0,105.0,105.5,142266.0,15137095.0
20260203,6869,雲豹能源,listed,109.0,109.0,105.0,107.0,727664.0,77871330.0
20260203,6873,泓德能源,listed,119.5,121.0,117.0,118.5,985544.0,117126992.0
20260203,6885,全福生技,listed,26.65,27.0,26.1,27.0,241303.0,6383839.0
20260203,6887,寶綠特-KY,listed,59.2,59.5,58.0,59.2,22088.0,1300385.0
20260203,6890,來億-KY,listed,227.5,229.5,214.5,215.0,1375980.0,300625415.0
20260203,6901,鑽石投資,listed,16.75,16.75,16.25,16.4,347173.0,5688083.0
20260203,6902,GOGOLOOK,listed,78.4,79.8,78.2,79.1,38300.0,3031230.0
20260203,6906,現觀科,listed,78.0,78.0,76.5,77.9,40725.0,3138860.0
20260203,6909,創控,listed,41.9,42.5,41.0,41.35,275000.0,11424517.0
20260203,6914,阜爾運通,listed,140.0,140.0,139.0,139.0,26998.0,3761574.0
20260203,6916,華凌,listed,18.45,18.45,17.7,18.0,35173.0,634064.0
20260203,6918,愛派司,listed,87.0,87.7,83.9,85.9,88476.0,7601356.0
20260203,6919,康霈*,listed,167.0,169.0,163.0,167.5,5038877.0,839140418.0
20260203,6921,嘉雨思-創,listed,71.1,77.2,70.3,77.2,141628.0,10703517.0
20260203,6923,中台,listed,95.8,96.6,93.8,94.4,397287.0,37674991.0
20260203,6924,榮惠-KY創,listed,62.0,62.0,58.5,59.6,35250.0,2100513.0
20260203,6928,攸泰科技,listed,51.4,51.9,50.0,50.5,186809.0,9481778.0
20260203,6931,青松健康,listed,56.0,56.0,54.6,55.6,81872.0,4518012.0
20260203,6933,AMAX-KY,listed,133.0,137.5,133.0,134.5,102052.0,13730378.0
20260203,6934,心誠鎂,listed,172.5,175.0,154.0,160.5,1068305.0,176709495.0
20260203,6936,永鴻生技,listed,36.0,36.0,35.6,35.6,35740.0,1278085.0
20260203,6937,天虹,listed,209.0,210.5,206.5,209.5,144032.0,30064506.0
20260203,6944,兆聯實業,listed,706.0,709.0,692.0,704.0,384171.0,269234224.0
20260203,6949,沛爾生醫-創,listed,615.0,615.0,587.0,589.0,83247.0,49224711.0
20260203,6951,青新-創,listed,77.2,77.6,76.9,77.5,82511.0,6372601.0
20260203,6952,大武山,listed,43.1,43.95,43.0,43.3,32941.0,1424613.0
20260203,6955,邦睿生技-創,listed,168.0,168.0,168.0,168.0,2067.0,347240.0
20260203,6957,裕慶-KY,listed,185.0,188.0,183.0,186.5,85872.0,15999266.0
20260203,6958,日盛台駿,listed,15.05,15.1,15.0,15.0,19776.0,297935.0
20260203,6962,奕力-KY,listed,39.65,39.85,38.2,38.7,1899166.0,73711081.0
20260203,6965,中傑-KY,listed,83.1,83.1,81.0,81.2,91606.0,7447910.0
20260203,6969,成信實業*-創,listed,30.75,31.15,30.7,31.15,7050.0,218723.0
20260203,6988,威力暘-創,listed,19.5,19.8,19.3,19.75,64750.0,1270337.0
20260203,6994,富威電力,listed,88.9,90.2,86.1,86.5,240261.0,20949459.0
20260203,7610,聯友金屬-創,listed,192.0,198.0,191.0,195.5,732142.0,142290774.0
20260203,7631,聚賢研發-創,listed,121.5,121.5,120.5,120.5,6000.0,726000.0
20260203,7705,三商餐飲,listed,39.75,39.75,39.2,39.4,113655.0,4487479.0
20260203,7711,永擎,listed,223.0,225.5,216.5,217.5,138214.0,30246730.0
20260203,7721,微程式,listed,47.4,48.4,47.2,47.7,54682.0,2594910.0
20260203,7722,LINEPAY,listed,460.5,468.0,459.0,459.0,203764.0,94382542.0
20260203,7730,暉盛-創,listed,97.5,100.5,96.1,100.5,54729.0,5375900.0
20260203,7732,金興精密,listed,36.1,36.95,36.1,36.95,15279.0,559864.0
20260203,7736,虎山,listed,87.8,87.8,86.1,86.3,29502.0,2560339.0
20260203,7740,熙特爾-創,listed,149.0,151.5,145.0,145.5,98581.0,14495959.0
20260203,7749,意騰-KY,listed,410.5,437.0,410.5,421.0,235988.0,100077510.0
20260203,7750,新代,listed,1000.0,1000.0,973.0,996.0,348259.0,343806283.0
20260203,7765,中華資安,listed,251.5,261.0,251.5,261.0,52129.0,13413090.0
20260203,7769,鴻勁,listed,3810.0,3880.0,3735.0,3855.0,833998.0,3199495140.0
20260203,7780,大研生醫*,listed,25.9,26.75,25.9,26.05,3287520.0,86094123.0
20260203,7786,東方風能,listed,152.0,155.0,151.0,152.0,84854.0,12939702.0
20260203,7788,松川精密,listed,180.0,189.5,179.0,182.0,653080.0,120311844.0
20260203,7791,皇家可口,listed,71.1,71.1,70.1,70.3,44180.0,3109783.0
20260203,7795,長廣,listed,429.0,438.0,411.0,413.5,1268160.0,536023348.0
20260203,7799,禾榮科,listed,483.5,494.0,451.5,473.5,1953041.0,928590466.0
20260203,8011,台通,listed,20.9,21.2,20.55,20.65,906966.0,18933054.0
20260203,8016,矽創,listed,190.5,194.0,188.5,193.0,463199.0,88717054.0
20260203,8021,尖點,listed,198.5,203.5,188.0,203.0,3939071.0,778131121.0
20260203,8028,昇陽半導體,listed,169.0,170.0,165.0,170.0,2873875.0,482094044.0
20260203,8033,雷虎,listed,139.0,142.5,138.0,138.5,3985054.0,556455528.0
20260203,8039,台虹,listed,86.6,88.0,83.8,85.8,6429517.0,553055555.0
20260203,8045,達運光電,listed,80.5,81.5,76.0,77.1,313373.0,24547666.0
20260203,8046,南電,listed,378.0,397.0,372.5,394.5,2966236.0,1142175909.0
20260203,8070,長華*,listed,46.9,48.0,46.2,46.3,2591930.0,121799409.0
20260203,8072,陞泰,listed,30.45,30.45,29.65,29.8,120142.0,3592140.0
20260203,8081,致新,listed,238.0,243.5,235.5,240.5,583739.0,139769906.0
20260203,8101,華冠,listed,15.05,15.05,15.05,15.05,1510.0,22510.0
20260203,8103,瀚荃,listed,87.0,92.1,86.9,90.7,2246279.0,201504329.0
20260203,8104,錸寶,listed,37.5,38.25,36.5,36.95,2571718.0,95837500.0
20260203,8105,凌巨,listed,11.9,12.1,11.8,11.95,1759483.0,20979884.0
20260203,8110,華東,listed,73.8,75.5,65.1,66.9,69445868.0,4843378034.0
20260203,8112,至上,listed,78.2,78.5,69.4,70.7,57682884.0,4219280681.0
20260203,8114,振樺電,listed,181.0,185.5,180.5,183.5,743970.0,135862853.0
20260203,8131,福懋科,listed,73.5,74.3,66.2,66.8,17702915.0,1225804122.0
20260203,8150,南茂,listed,60.7,60.8,55.0,56.3,30706096.0,1763202005.0
20260203,8162,微矽電子-創,listed,36.6,37.25,36.2,36.6,61757.0,2253552.0
20260203,8163,達方,listed,30.75,31.15,30.55,30.85,467558.0,14406862.0
20260203,8201,無敵,listed,14.2,14.45,13.55,14.1,320840.0,4470469.0
20260203,8210,勤誠,listed,913.0,957.0,912.0,955.0,2170143.0,2038986381.0
20260203,8213,志超,listed,34.9,35.7,34.55,35.45,476476.0,16742030.0
20260203,8215,明基材,listed,19.25,19.45,19.0,19.05,573095.0,10986748.0
20260203,8222,寶一,listed,40.4,40.75,40.0,40.2,326423.0,13145987.0
20260203,8249,菱光,listed,57.4,58.1,56.8,57.5,1611997.0,92691744.0
20260203,8261,富鼎,listed,91.0,91.0,87.3,88.4,906726.0,80368188.0
20260203,8271,宇瞻,listed,116.0,116.5,104.5,106.0,8478077.0,927807471.0
20260203,8341,日友,listed,76.1,76.3,74.8,75.8,311477.0,23519711.0
20260203,8367,建新國際,listed,42.95,43.25,42.9,43.0,40457.0,1739928.0
20260203,8374,羅昇,listed,85.5,85.7,82.8,83.7,502161.0,42193265.0
20260203,8404,百和興業-KY,listed,23.3,23.35,22.8,22.8,300013.0,6884586.0
20260203,8411,福貞-KY,listed,12.15,12.15,11.95,12.0,63203.0,758402.0
20260203,8422,可寧衛*,listed,36.95,37.0,35.1,35.4,51500819.0,1844054116.0
20260203,8429,金麗-KY,listed,7.5,7.51,7.42,7.45,219986.0,1638419.0
20260203,8438,昶昕,listed,57.6,58.3,53.6,57.2,1353318.0,75453027.0
20260203,8442,威宏-KY,listed,69.1,69.1,68.4,68.5,68371.0,4700672.0
20260203,8443,阿瘦,listed,11.3,11.3,11.3,11.3,3519.0,39618.0
20260203,8454,富邦媒,listed,188.5,190.5,186.5,188.0,246337.0,46262719.0
20260203,8462,柏文,listed,138.5,139.5,137.5,138.5,163407.0,22659152.0
20260203,8463,潤泰材,listed,26.6,26.85,26.5,26.5,57404.0,1526133.0
20260203,8464,億豐,listed,420.5,427.0,411.5,413.5,865236.0,359461288.0
20260203,8466,美吉吉-KY,listed,22.05,22.4,22.0,22.0,33446.0,738292.0
20260203,8467,波力-KY,listed,186.0,189.5,184.0,189.5,28080.0,5287298.0
20260203,8473,山林水,listed,36.6,37.05,36.1,36.35,355335.0,12929217.0
20260203,8476,台境*,listed,18.5,18.6,17.85,17.9,1022900.0,18487773.0
20260203,8478,東哥遊艇,listed,183.5,184.5,179.5,181.5,133772.0,24226316.0
20260203,8481,政伸,listed,42.45,42.45,41.9,41.95,40015.0,1682486.0
20260203,8482,商億-KY,listed,49.0,49.0,48.35,48.6,3000.0,145950.0
20260203,8487,愛爾達-創,listed,80.4,80.8,80.0,80.0,21827.0,1751175.0
20260203,8488,吉源-KY,listed,9.82,9.95,9.75,9.95,19000.0,186060.0
20260203,8499,鼎炫-KY,listed,295.0,301.5,292.5,292.5,46262.0,13665193.0
20260203,8926,台汽電,listed,42.85,43.4,42.85,43.0,523982.0,22527441.0
20260203,8940,新天地,listed,20.25,20.25,20.05,20.1,33137.0,667007.0
20260203,8996,高力,listed,799.0,825.0,783.0,817.0,5192663.0,4213101986.0
20260203,9103,美德醫療-DR,listed,6.21,6.21,5.75,5.8,2637713.0,15623939.0
20260203,9105,泰金寶-DR,listed,6.06,6.14,6.0,6.05,14635877.0,88835562.0
20260203,9110,越南控-DR,listed,3.01,3.15,3.01,3.15,16080.0,48685.0
20260203,9136,巨騰-DR,listed,7.77,7.77,7.52,7.52,277000.0,2099820.0
20260203,9802,鈺齊-KY,listed,94.5,95.2,92.9,93.2,1435003.0,133985208.0
20260203,9902,台火,listed,16.5,16.8,16.45,16.45,235523.0,3904348.0
20260203,9904,寶成,listed,30.6,30.9,30.3,30.4,5063517.0,154674208.0
20260203,9905,大華,listed,20.0,20.0,19.95,19.95,64101.0,1281030.0
20260203,9906,欣巴巴,listed,44.0,45.0,43.1,44.45,383861.0,16729298.0
20260203,9907,統一實,listed,17.85,18.0,17.75,17.85,2333041.0,41649039.0
20260203,9908,大台北,listed,29.75,29.75,29.7,29.7,167320.0,4972336.0
20260203,9910,豐泰,listed,93.5,95.4,92.6,92.8,1137208.0,106439451.0
20260203,9911,櫻花,listed,83.3,83.7,83.0,83.5,99332.0,8278997.0
20260203,9912,偉聯,listed,11.9,12.05,11.9,12.0,19992.0,239650.0
20260203,9914,美利達,listed,89.3,92.4,86.8,88.9,2358038.0,209817167.0
20260203,9917,中保科,listed,105.5,106.0,105.0,105.0,411780.0,43359289.0
20260203,9918,欣天然,listed,39.7,39.7,39.65,39.65,12041.0,477971.0
20260203,9919,康那香,listed,17.2,17.25,16.9,17.15,1141159.0,19490112.0
20260203,9921,巨大,listed,92.8,96.0,90.7,92.7,2592594.0,239848354.0
20260203,9924,福興,listed,47.45,47.95,47.45,47.55,63673.0,3029988.0
20260203,9925,新保,listed,40.7,40.7,40.6,40.7,127915.0,5199290.0
20260203,9926,新海,listed,49.05,49.45,49.05,49.35,3043.0,149972.0
20260203,9927,泰銘,listed,69.7,69.9,69.5,69.5,52722.0,3672332.0
20260203,9928,中視,listed,18.45,18.45,18.2,18.2,26387.0,482055.0
20260203,9930,中聯資源,listed,69.5,69.8,69.4,69.5,70202.0,4881345.0
20260203,9931,欣高,listed,33.9,34.35,33.9,34.35,2128.0,72595.0
20260203,9933,中鼎,listed,30.7,31.15,30.7,31.1,2455480.0,76020463.0
20260203,9934,成霖,listed,10.05,10.1,9.97,9.97,528106.0,5280516.0
20260203,9935,慶豐富,listed,19.65,19.75,19.45,19.6,129975.0,2540154.0
20260203,9937,全國,listed,57.7,57.7,57.1,57.4,5018.0,288226.0
20260203,9938,百和,listed,50.5,51.2,50.2,51.0,1166173.0,59212347.0
20260203,9939,宏全,listed,118.0,118.0,117.0,118.0,839559.0,98533981.0
20260203,9940,信義,listed,21.7,21.85,21.55,21.6,484289.0,10480175.0
20260203,9941,裕融,listed,78.5,78.8,77.6,78.0,861070.0,67123778.0
20260203,9942,茂順,listed,112.5,112.5,111.5,111.5,97890.0,10934574.0
20260203,9943,好樂迪,listed,59.3,59.4,59.0,59.1,36772.0,2174617.0
20260203,9944,新麗,listed,16.75,16.75,16.6,16.65,41249.0,689980.0
20260203,9945,潤泰新,listed,28.85,28.95,28.15,28.2,11657610.0,330940625.0
20260203,9946,三發地產,listed,16.9,17.0,16.55,16.8,153317.0,2558698.0
20260203,9955,佳龍,listed,33.35,33.45,32.5,32.85,1377564.0,45347521.0
20260203,9958,世紀鋼,listed,136.5,136.5,131.5,132.0,1235824.0,164865353.0
20260203,0062,元大富櫃50,otc,49.42,49.42,46.91,46.93,1031444.0,49309488.0
20260203,0067,元大美債20年,otc,26.53,26.55,26.38,26.41,41096311.0,1087127717.0
20260203,0068,國泰20年美債+櫃U,otc,9.21,9.21,9.21,9.21,75000.0,690750.0
20260203,0069,元大美債7-10,otc,35.49,35.49,35.34,35.39,454908.0,16105482.0
20260203,0071,元大美債1-3,otc,30.88,30.88,30.77,30.83,2777495.0,85582024.0
20260203,0072,國泰優選非投等債,otc,39.2,39.26,39.15,39.17,232607.0,9110600.0
20260203,0073,台新JPM新興債,otc,15.62,15.62,15.62,15.62,1365.0,21604.0
20260203,0074,凱基新興債10+,otc,31.38,31.38,31.37,31.37,101290.0,3177515.0
20260203,0075,復華製藥債,otc,54.3,54.3,54.3,54.3,100818.0,5474501.0
20260203,0076,復華20年美債,otc,50.15,50.15,49.84,49.91,393471.0,19668509.0
20260203,0077,凱基美債25+,otc,27.82,27.83,27.78,27.8,325411.0,9046478.0
20260203,0078,復華公司債A3,otc,47.71,47.72,47.69,47.7,802155.0,38274957.0
20260203,0079,國泰A級醫療債,otc,29.72,29.72,29.58,29.6,310081.0,9188418.0
20260203,0083,永豐10年A公司債,otc,28.68,28.68,28.6,28.6,40000.0,1146110.0
20260203,0084,中信EM主權債0-5,otc,37.06,37.09,37.05,37.05,223830.0,8293267.0
20260203,0085,群益0-1年美債,otc,40.93,40.98,40.89,40.91,3466684.0,141796535.0
20260203,0086,新光A-BBB電信債,otc,31.63,31.63,31.09,31.15,133077.0,4154859.0
20260203,0087,復華中國5G,otc,40.22,40.37,38.66,39.25,6798239.0,267921501.0
20260203,0088,永豐台灣ESG,otc,31.69,31.7,30.55,30.66,8211069.0,255865155.0
20260203,0089,凱基ESG BBB債15+,otc,32.11,32.11,32.11,32.11,100000.0,3211000.0
20260203,0092,中信上櫃ESG 30,otc,38.11,38.11,35.72,36.07,2815204.0,103611229.0
20260203,0093,群益ESG投等債20+,otc,14.8,14.81,14.74,14.75,52427567.0,774161224.0
20260203,0094,中信優息投資級債,otc,9.44,9.45,9.39,9.4,17141428.0,161164908.0
20260203,0095,大華投等美債15Y+,otc,9.32,9.33,9.29,9.3,1429786.0,13313329.0
20260203,0096,元大零息超長美債,otc,8.15,8.15,8.1,8.1,596971.0,4847503.0
20260203,0097,新光BBB投等債20+,otc,9.36,9.39,9.32,9.33,1317997.0,12301383.0
20260203,0098,台新美國非投等債,otc,9.98,9.98,9.96,9.97,637000.0,6351200.0
20260203,0099,主動復華金融股息,otc,16.0,16.01,15.91,15.93,4020877.0,64127610.0
20260203,0200,兆豐半導體氣候N,otc,20.27,20.27,19.05,19.05,40000.0,796560.0
20260203,1240,茂生農經,otc,58.3,58.4,57.8,58.4,14134.0,822723.0
20260203,1259,安心,otc,57.0,59.0,56.7,59.0,20106.0,1161463.0
20260203,1264,德麥,otc,273.0,273.0,271.5,271.5,35896.0,9780015.0
20260203,1268,漢來美食,otc,159.5,159.5,158.0,158.0,45810.0,7270547.0
20260203,1294,漢田生技,otc,77.8,78.0,77.7,77.7,19303.0,1503072.0
20260203,1295,生合,otc,51.1,51.5,50.6,50.6,44948.0,2292315.0
20260203,1336,台翰,otc,13.65,13.7,13.45,13.45,99532.0,1348332.0
20260203,1565,精華,otc,95.4,95.7,93.5,93.6,440730.0,41621728.0
20260203,1569,濱川,otc,52.1,53.7,51.1,52.0,1409178.0,73546149.0
20260203,1570,力肯,otc,39.8,40.0,39.4,39.4,352540.0,13981401.0
20260203,1580,新麥,otc,123.0,123.0,121.5,122.0,74246.0,9075331.0
20260203,1584,精剛,otc,19.75,19.95,19.45,19.75,780410.0,15352023.0
20260203,1586,和勤,otc,21.8,22.2,21.55,22.0,369879.0,8112576.0
20260203,1591,駿吉-KY,otc,52.9,53.8,50.0,50.6,904697.0,46409615.0
20260203,1593,祺驊,otc,30.95,32.0,30.95,31.2,25154.0,783829.0
20260203,1595,川寶,otc,92.7,92.7,85.0,85.0,965804.0,83714314.0
20260203,1599,宏佳騰,otc,23.7,24.1,23.5,23.85,72885.0,1738012.0
20260203,1742,台蠟,otc,15.2,15.9,15.05,15.05,38619.0,590039.0
20260203,1777,生泰,otc,70.7,70.8,70.5,70.7,29035.0,2052082.0
20260203,1781,合世,otc,10.4,10.5,10.3,10.4,40019.0,417142.0
20260203,1784,訊聯,otc,78.6,78.6,73.0,73.0,337813.0,25414106.0
20260203,1785,光洋科,otc,151.0,159.0,149.5,153.0,26613704.0,4105068522.0
20260203,1788,杏昌,otc,136.0,136.0,135.0,135.5,28196.0,3817322.0
20260203,1796,金穎生技,otc,36.4,36.4,35.6,36.0,9129.0,326996.0
20260203,1799,易威,otc,36.8,37.2,35.75,36.15,133675.0,4843055.0
20260203,1813,寶利徠,otc,12.15,12.2,12.1,12.2,44614.0,541749.0
20260203,1815,富喬,otc,107.5,108.5,102.0,102.5,23524299.0,2467684994.0
20260203,2035,唐榮,otc,28.2,28.2,27.6,27.6,19165.0,537744.0
20260203,2061,風青,otc,21.6,22.0,21.15,21.15,707406.0,15236670.0
20260203,2063,世鎧,otc,25.35,25.35,24.9,25.15,20292.0,508937.0
20260203,2064,晉椿,otc,12.85,12.85,12.8,12.85,33653.0,432195.0
20260203,2065,世豐,otc,33.25,33.7,33.0,33.5,203619.0,6769434.0
20260203,2066,世德,otc,61.1,61.1,57.6,60.7,1229914.0,73614414.0
20260203,2067,嘉鋼,otc,6.92,6.92,6.77,6.87,35031.0,240062.0
20260203,2070,精湛,otc,64.3,67.6,63.8,65.2,949157.0,62184188.0
20260203,2221,大甲,otc,46.1,49.0,46.1,48.1,7636711.0,361054982.0
20260203,2230,泰茂,otc,29.85,30.2,29.05,29.05,305445.0,9022405.0
20260203,2235,謚源,otc,30.05,30.4,30.05,30.4,4202.0,127188.0
20260203,2596,綠意,otc,29.75,29.75,28.5,28.55,148515.0,4277167.0
20260203,2640,大車隊,otc,166.0,166.0,161.5,162.5,19869.0,3257347.0
20260203,2641,正德,otc,17.95,17.95,17.35,17.35,2064371.0,36299230.0
20260203,2643,捷迅,otc,66.8,66.8,65.6,66.5,35606.0,2346501.0
20260203,2718,全心投控,otc,47.05,47.05,46.3,46.4,116130.0,5402628.0
20260203,2719,燦星旅,otc,25.95,25.95,25.55,25.55,12122.0,312236.0
20260203,2724,藝舍-KY,otc,14.5,14.5,14.25,14.45,25068.0,358479.0
20260203,2726,雅茗-KY,otc,9.33,9.63,9.24,9.34,86371.0,806586.0
20260203,2729,瓦城,otc,163.5,165.0,162.5,164.0,45233.0,7393980.0
20260203,2732,六角,otc,65.6,65.8,64.6,65.8,39369.0,2576110.0
20260203,2734,易飛網,otc,15.55,15.85,15.4,15.4,101548.0,1570839.0
20260203,2736,富野,otc,12.35,12.35,12.0,12.0,136959.0,1660444.0
20260203,2740,華軒,otc,37.9,37.9,33.9,37.2,7100.0,252234.0
20260203,2743,山富,otc,69.8,69.8,67.5,67.6,152094.0,10409020.0
20260203,2745,五福,otc,102.5,102.5,100.5,101.0,146132.0,14783908.0
20260203,2751,王座,otc,53.2,53.5,52.9,53.5,18543.0,985967.0
20260203,2752,豆府,otc,183.0,183.0,180.0,182.0,29931.0,5425893.0
20260203,2754,亞洲藏壽司,otc,71.2,71.4,69.3,69.5,24814.0,1738933.0
20260203,2755,揚秦,otc,132.5,133.0,131.5,131.5,26508.0,3506452.0
20260203,2756,聯發國際,otc,60.6,60.7,59.6,60.0,35198.0,2113344.0
20260203,2916,滿心,otc,46.5,47.1,46.45,46.75,58665.0,2735996.0
20260203,2926,誠品生活,otc,35.4,36.0,35.4,35.95,16154.0,576710.0
20260203,2937,集雅社,otc,45.8,46.2,44.3,46.2,17071.0,774349.0
20260203,2941,米斯特,otc,31.05,32.95,30.85,32.9,15003.0,474300.0
20260203,2947,振宇五金,otc,78.5,78.5,78.5,78.5,3382.0,265427.0
20260203,2948,寶陞,otc,37.0,39.45,37.0,39.45,5803.0,219483.0
20260203,2949,欣新網,otc,58.5,63.0,58.5,61.2,43086.0,2664546.0
20260203,3064,泰偉,otc,20.2,20.2,18.3,18.3,12529.0,232270.0
20260203,3066,李洲,otc,18.3,19.75,18.15,19.4,654660.0,12318577.0
20260203,3067,全域,otc,17.25,17.3,17.25,17.3,13000.0,224400.0
20260203,3071,協禧,otc,30.0,30.15,29.0,29.05,568683.0,16868290.0
20260203,3073,天方能源,otc,21.6,22.0,20.85,22.0,172626.0,3765772.0
20260203,3078,僑威,otc,55.0,55.5,53.8,53.9,1894375.0,103188376.0
20260203,3081,聯亞,otc,3000.0,3000.0,2655.0,2655.0,3144828.0,8686195655.0
20260203,3083,網龍,otc,26.45,27.85,26.25,27.35,402218.0,10967008.0
20260203,3085,新零售,otc,12.6,12.6,12.55,12.6,9100.0,114454.0
20260203,3086,華義*,otc,38.7,39.65,37.65,37.85,410884.0,15752622.0
20260203,3088,艾訊,otc,131.5,133.5,128.5,131.0,2270263.0,296603210.0
20260203,3093,港建*,otc,52.2,52.9,49.7,50.5,1490153.0,76185505.0
20260203,3095,及成,otc,45.95,45.95,44.3,45.0,22301.0,999901.0
20260203,3105,穩懋,otc,490.0,492.5,452.0,458.5,28148641.0,13095387461.0
20260203,3114,好德,otc,27.5,28.0,26.9,27.0,934816.0,25869454.0
20260203,3115,富榮綱,otc,9.33,9.38,9.25,9.37,30173.0,280622.0
20260203,3118,進階,otc,33.55,33.65,33.55,33.55,9749.0,329128.0
20260203,3122,笙泉,otc,38.5,39.0,36.25,36.8,724869.0,26943978.0
20260203,3128,昇銳,otc,23.5,23.5,22.7,22.7,89913.0,2066340.0
20260203,3131,弘塑,otc,3060.0,3060.0,2870.0,2870.0,464023.0,1355348435.0
20260203,3141,晶宏,otc,64.2,68.8,64.2,65.5,5734178.0,383117917.0
20260203,3147,大綜,otc,177.5,179.5,171.5,172.0,290704.0,51021313.0
20260203,3152,璟德,otc,175.0,185.0,165.0,166.0,4166253.0,730533496.0
20260203,3158,嘉實,otc,87.5,87.5,87.0,87.1,13501.0,1179016.0
20260203,3162,精確,otc,83.7,86.8,83.5,83.7,3633030.0,308811981.0
20260203,3163,波若威,otc,1020.0,1020.0,950.0,950.0,882389.0,865902433.0
20260203,3169,亞信,otc,114.5,115.5,109.0,110.5,624083.0,69852087.0
20260203,3171,炎洲流通,otc,70.3,70.3,67.5,67.9,35853.0,2488400.0
20260203,3176,基亞,otc,32.95,34.3,32.95,33.6,1943721.0,66088476.0
20260203,3178,公準,otc,68.0,68.6,66.0,66.3,96041.0,6458717.0
20260203,3188,鑫龍騰,otc,25.0,25.0,24.1,24.1,372572.0,9087550.0
20260203,3191,雲嘉南,otc,14.0,14.5,13.7,14.2,91381.0,1292024.0
20260203,3205,佰研,otc,53.0,54.6,52.8,53.1,155513.0,8332431.0
20260203,3206,志豐,otc,38.55,38.95,38.0,38.1,220106.0,8453172.0
20260203,3207,耀勝,otc,57.3,62.9,54.6,62.9,773997.0,44567511.0
20260203,3211,順達,otc,377.0,387.5,357.0,359.5,10131419.0,3748216971.0
20260203,3213,茂訊,otc,116.0,116.5,113.5,114.0,604790.0,69387465.0
20260203,3217,優群,otc,190.0,191.0,183.0,184.0,2724742.0,505097160.0
20260203,3218,大學光,otc,130.5,130.5,127.0,127.0,280954.0,36164366.0
20260203,3219,倚強科,otc,82.6,89.2,81.8,89.2,2247503.0,194136362.0
20260203,3221,台嘉碩,otc,42.2,43.75,40.0,40.55,4538814.0,190235901.0
20260203,3224,三顧,otc,43.6,43.6,41.8,42.0,129519.0,5490948.0
20260203,3226,龍鋒,otc,40.0,41.5,40.0,41.5,5161.0,212109.0
20260203,3227,原相,otc,230.0,233.5,220.0,220.0,2847973.0,646632490.0
20260203,3228,金麗科,otc,210.0,213.5,195.0,199.0,1317831.0,267034982.0
20260203,3230,錦明,otc,31.6,32.0,30.25,30.25,700383.0,21705350.0
20260203,3232,昱捷,otc,20.8,20.8,20.25,20.75,98457.0,2014399.0
20260203,3234,光環,otc,100.0,101.0,95.6,96.5,1983063.0,193000167.0
20260203,3236,千如,otc,39.15,42.7,38.0,38.9,20187051.0,814004129.0
20260203,3252,海灣,otc,18.1,18.2,18.1,18.15,5101.0,92566.0
20260203,3259,鑫創,otc,17.1,17.1,16.5,16.5,62520.0,1045565.0
20260203,3260,威剛,otc,452.0,452.0,424.5,425.0,17143130.0,7451268334.0
20260203,3264,欣銓,otc,232.0,241.0,222.0,226.0,19342641.0,4442983589.0
20260203,3265,台星科,otc,184.5,187.5,180.5,183.5,3756595.0,691998256.0
20260203,3268,海德威,otc,17.25,18.55,17.25,17.3,464260.0,8405466.0
20260203,3272,東碩,otc,18.0,18.0,17.2,17.25,168806.0,2967642.0
20260203,3276,宇環,otc,15.4,15.65,14.7,14.75,508973.0,7659113.0
20260203,3284,太普高,otc,16.0,16.0,15.6,15.65,191345.0,3031023.0
20260203,3285,微端,otc,28.25,29.0,28.0,29.0,60169.0,1715117.0
20260203,3287,廣寰科,otc,31.9,32.9,31.8,32.0,574759.0,18559586.0
20260203,3288,點晶,otc,15.0,15.25,15.0,15.25,7106.0,107829.0
20260203,3289,宜特,otc,169.0,178.0,166.5,167.0,3923393.0,671133967.0
20260203,3290,東浦,otc,48.45,48.8,44.15,45.05,2969438.0,137915868.0
20260203,3293,鈊象,otc,724.0,729.0,717.0,721.0,1783382.0,1285704599.0
20260203,3294,英濟,otc,36.4,36.5,35.7,36.5,2989821.0,108972137.0
20260203,3297,杭特,otc,31.35,31.7,30.3,30.6,116990.0,3596907.0
20260203,3303,岱稜,otc,50.5,50.5,49.1,49.15,398193.0,19741754.0
20260203,3306,鼎天,otc,45.0,45.45,44.45,44.7,220461.0,9922396.0
20260203,3310,佳穎,otc,69.5,69.5,68.2,69.5,23075.0,1591107.0
20260203,3313,斐成,otc,11.3,11.3,11.0,11.05,271454.0,3027516.0
20260203,3317,尼克森,otc,75.0,76.1,71.7,75.3,13856373.0,1036616207.0
20260203,3322,建舜電,otc,13.7,13.8,12.85,12.9,1306121.0,17259518.0
20260203,3323,加百裕,otc,35.8,37.0,34.35,34.7,2413027.0,86300298.0
20260203,3324,雙鴻,otc,1040.0,1050.0,990.0,995.0,2759717.0,2793440220.0
20260203,3325,旭品,otc,12.1,12.35,12.0,12.05,507390.0,6150328.0
20260203,3332,幸康,otc,66.7,67.9,64.2,64.5,17108.0,1112033.0
20260203,3339,泰谷,otc,49.15,53.0,47.6,48.05,3097608.0,154731280.0
20260203,3349,寶德,otc,19.15,19.2,17.15,19.0,271429.0,5062009.0
20260203,3354,律勝,otc,33.7,34.5,32.25,33.0,1306567.0,43546884.0
20260203,3357,臺慶科,otc,221.0,249.5,218.0,220.0,13240307.0,3074920587.0
20260203,3360,尚立,otc,15.6,15.9,14.9,14.9,1339040.0,20299634.0
20260203,3362,先進光,otc,113.0,120.0,111.5,112.5,6612631.0,760991028.0
20260203,3363,上詮,otc,936.0,946.0,836.0,841.0,5946844.0,5240031985.0
20260203,3372,典範,otc,19.35,20.0,19.3,19.55,883923.0,17417084.0
20260203,3373,熱映,otc,16.85,17.0,16.8,16.8,54604.0,920742.0
20260203,3374,精材,otc,279.5,285.0,273.0,278.0,47620022.0,13444690255.0
20260203,3379,彬台,otc,34.15,37.55,34.15,37.55,1007610.0,37185923.0
20260203,3388,崇越電,otc,110.0,110.5,97.2,97.2,5041293.0,508203108.0
20260203,3390,旭軟,otc,28.0,28.95,26.85,26.85,5173415.0,145092383.0
20260203,3402,漢科,otc,140.5,140.5,135.0,135.5,791188.0,108595803.0
20260203,3426,台興,otc,47.7,47.7,47.7,47.7,17003.0,811042.0
20260203,3430,奇鈦科,otc,173.0,187.5,172.5,172.5,6590733.0,1186774250.0
20260203,3434,哲固,otc,28.4,29.05,28.35,28.35,92697.0,2645651.0
20260203,3438,類比科,otc,63.4,67.5,62.7,65.0,995699.0,65161090.0
20260203,3441,聯一光,otc,44.65,46.4,43.1,44.45,5923949.0,265356258.0
20260203,3444,利機,otc,95.9,97.0,91.0,92.5,505353.0,47142473.0
20260203,3455,由田,otc,289.0,289.0,264.0,264.5,500538.0,135669940.0
20260203,3465,進泰電子,otc,27.5,27.85,27.35,27.85,17180.0,472998.0
20260203,3466,德晉,otc,39.45,39.45,37.0,37.0,664919.0,25113856.0
20260203,3467,台灣精材,otc,66.0,67.5,64.6,65.2,267831.0,17634876.0
20260203,3479,安勤,otc,105.0,105.5,102.0,102.0,1012081.0,104760360.0
20260203,3483,力致,otc,88.8,90.2,87.0,87.7,1122659.0,99601904.0
20260203,3484,崧騰,otc,42.75,42.9,42.1,42.35,325444.0,13800651.0
20260203,3485,敘豐,otc,292.0,292.5,271.5,275.0,392890.0,109622470.0
20260203,3489,森寶,otc,22.0,22.2,21.3,21.55,197681.0,4265646.0
20260203,3490,單井,otc,39.2,39.2,35.15,36.9,8333672.0,318297292.0
20260203,3491,昇達科,otc,1650.0,1725.0,1615.0,1690.0,2223617.0,3738830340.0
20260203,3492,長盛,otc,22.7,22.7,22.25,22.25,70650.0,1592877.0
20260203,3498,陽程,otc,141.0,149.0,132.5,149.0,7585878.0,1091590283.0
20260203,3499,環天科,otc,14.65,14.7,14.25,14.5,90698.0,1313533.0
20260203,3508,位速,otc,20.0,20.15,19.35,19.55,392059.0,7733336.0
20260203,3511,矽瑪,otc,20.5,20.9,19.8,19.8,318275.0,6446034.0
20260203,3512,皇龍,otc,20.55,20.55,20.2,20.2,110357.0,2239045.0
20260203,3516,亞帝歐,otc,25.5,25.5,22.9,22.9,2223633.0,52041492.0
20260203,3520,華盈,otc,15.05,15.05,14.7,14.9,198625.0,2949163.0
20260203,3521,台鋼建設,otc,13.2,13.2,13.0,13.1,46316.0,607138.0
20260203,3522,御嵿,otc,12.9,13.2,12.6,12.65,167905.0,2158445.0
20260203,3523,迎輝,otc,11.65,11.65,10.5,10.55,128535.0,1372301.0
20260203,3526,凡甲,otc,385.0,385.0,373.5,374.0,839896.0,318719589.0
20260203,3527,聚積,otc,62.3,62.5,60.0,60.0,172232.0,10495469.0
20260203,3529,力旺,otc,3960.0,4025.0,3800.0,3830.0,509287.0,1982027565.0
20260203,3531,先益,otc,23.4,23.4,23.4,23.4,1014.0,23721.0
20260203,3537,堡達,otc,51.5,56.5,51.4,53.0,4683357.0,253322165.0
20260203,3540,曜越,otc,26.9,26.9,26.0,26.2,364207.0,9541014.0
20260203,3541,西柏,otc,22.8,22.9,22.8,22.8,84733.0,1937007.0
20260203,3546,宇峻,otc,78.6,78.7,78.6,78.7,751742.0,59138020.0
20260203,3548,兆利,otc,94.6,96.7,92.8,93.0,629387.0,59673321.0
20260203,3551,世禾,otc,217.0,217.0,205.0,206.5,1576816.0,330289429.0
20260203,3552,同致,otc,55.5,56.6,53.0,53.0,524105.0,28557133.0
20260203,3555,博士旺,otc,216.0,224.0,205.0,205.0,275367.0,58823155.0
20260203,3556,禾瑞亞,otc,54.3,55.0,52.2,52.2,428052.0,22867923.0
20260203,3558,神準,otc,111.5,121.0,111.5,121.0,656181.0,78389194.0
20260203,3564,其陽,otc,42.0,42.0,41.0,41.0,148289.0,6129346.0
20260203,3567,逸昌,otc,28.5,29.5,28.25,28.35,131996.0,3784414.0
20260203,3570,大塚,otc,174.5,174.5,171.0,171.5,40925.0,7074467.0
20260203,3577,泓格,otc,113.0,119.5,105.5,108.0,3323696.0,371527926.0
20260203,3580,友威科,otc,96.0,105.0,94.5,105.0,6425036.0,657439645.0
20260203,3581,博磊,otc,226.0,226.0,204.0,210.0,369740.0,78476495.0
20260203,3587,閎康,otc,370.0,377.0,350.0,353.0,4087089.0,1471972363.0
20260203,3594,磐儀,otc,53.0,53.3,49.7,49.7,2839047.0,145276911.0
20260203,3597,映興,otc,27.5,27.85,26.85,26.85,94448.0,2572124.0
20260203,3609,三一東林,otc,27.95,28.25,25.1,27.35,871010.0,23063027.0
20260203,3611,鼎翰,otc,191.0,191.0,187.5,188.0,41731.0,7877768.0
20260203,3615,安可,otc,36.25,39.5,35.35,37.25,12587370.0,472892114.0
20260203,3623,富晶通,otc,23.0,23.2,22.65,22.8,44750.0,1022393.0
20260203,3624,光頡,otc,74.1,80.5,71.4,76.2,33811522.0,2625955732.0
20260203,3625,西勝,otc,14.5,14.65,13.65,13.9,759141.0,10645273.0
20260203,3628,盈正,otc,64.6,64.8,62.9,62.9,242723.0,15468269.0
20260203,3630,新鉅科,otc,25.5,27.0,25.3,25.6,1841771.0,48059177.0
20260203,3631,晟楠,otc,39.0,39.5,38.1,38.1,184365.0,7097456.0
20260203,3632,研勤,otc,8.23,8.23,8.22,8.22,30205.0,248794.0
20260203,3646,艾恩特,otc,24.45,24.6,23.3,23.8,95423.0,2271958.0
20260203,3663,鑫科,otc,68.8,72.6,67.7,69.0,3634712.0,253938716.0
20260203,3664,安瑞-KY,otc,9.23,9.23,9.23,9.23,90960.0,839556.0
20260203,3666,光耀,otc,29.0,29.1,28.3,28.65,152314.0,4376661.0
20260203,3672,康聯訊,otc,11.05,11.25,11.0,11.0,8015.0,88755.0
20260203,3675,德微,otc,259.0,267.0,240.5,242.0,2240042.0,559110837.0
20260203,3680,家登,otc,592.0,592.0,557.0,568.0,3254170.0,1865277445.0
20260203,3684,榮昌,otc,58.3,60.1,58.3,59.3,183469.0,10923591.0
20260203,3685,元創精密,otc,28.15,28.15,27.0,27.5,237020.0,6478066.0
20260203,3687,歐買尬,otc,63.2,64.2,62.5,62.5,90781.0,5729196.0
20260203,3689,湧德,otc,124.0,126.0,118.5,119.0,3281073.0,398533032.0
20260203,3691,碩禾,otc,152.5,152.5,146.5,152.5,5168488.0,781776449.0
20260203,3693,營邦,otc,567.0,567.0,544.0,546.0,1094076.0,603841590.0
20260203,3707,漢磊,otc,85.0,87.5,79.2,80.4,50909662.0,4216660856.0
20260203,3709,鑫聯大投控,otc,82.3,84.5,79.8,81.1,2683461.0,219658206.0
20260203,3710,連展投控,otc,6.22,6.23,6.09,6.18,340288.0,2093975.0
20260203,3713,新晶投控,otc,13.55,13.55,12.95,13.25,288314.0,3811432.0
20260203,4102,永日,otc,17.2,17.2,16.9,17.0,73530.0,1252743.0
20260203,4105,東洋,otc,76.2,76.4,74.5,75.1,697385.0,52531711.0
20260203,4107,邦特,otc,119.0,119.5,118.5,118.5,59175.0,7046012.0
20260203,4109,加捷生醫,otc,11.2,11.3,11.0,11.05,331261.0,3685395.0
20260203,4111,濟生,otc,30.2,30.6,30.0,30.15,124024.0,3755632.0
20260203,4113,聯上,otc,14.4,14.6,14.35,14.6,241925.0,3501049.0
20260203,4114,健喬,otc,30.75,31.25,30.65,30.65,1423744.0,43961512.0
20260203,4116,明基醫,otc,38.3,38.3,38.25,38.25,25150.0,963106.0
20260203,4120,友華,otc,46.25,46.75,46.2,46.2,126981.0,5871312.0
20260203,4121,優盛,otc,13.95,13.95,13.7,13.7,97119.0,1335169.0
20260203,4123,晟德,otc,39.75,39.75,38.3,38.3,4069225.0,158243299.0
20260203,4126,太醫,otc,80.0,80.5,79.9,80.0,26359.0,2109162.0
20260203,4127,天良,otc,41.25,41.25,39.05,39.1,2597766.0,101893127.0
20260203,4128,中天,otc,15.4,15.4,14.55,14.6,2041000.0,30253166.0
20260203,4129,聯合,otc,91.9,93.6,91.9,93.2,238104.0,22129652.0
20260203,4130,健亞,otc,28.2,28.2,27.5,27.6,124562.0,3462325.0
20260203,4131,浩泰,otc,35.35,35.35,34.85,35.3,51006.0,1791708.0
20260203,4138,曜亞,otc,51.3,51.5,51.2,51.2,54928.0,2818246.0
20260203,4139,馬光-KY,otc,23.9,24.4,23.5,24.4,8120.0,192408.0
20260203,4147,中裕,otc,52.8,54.0,50.5,51.1,1540757.0,80392471.0
20260203,4153,鈺緯,otc,30.7,31.4,30.25,30.5,37647.0,1147288.0
20260203,4154,樂威科-KY,otc,14.45,14.45,13.3,13.3,67201.0,941816.0
20260203,4157,太景*-KY,otc,9.24,9.39,9.13,9.17,880760.0,8099456.0
20260203,4160,訊聯基因,otc,43.1,43.5,41.5,41.85,117870.0,5057970.0
20260203,4161,聿新科,otc,23.1,23.5,22.6,23.4,149181.0,3454552.0
20260203,4162,智擎,otc,56.2,56.3,55.0,55.0,414162.0,23012129.0
20260203,4163,鐿鈦,otc,114.0,118.0,113.5,118.0,390568.0,45716623.0
20260203,4166,友霖,otc,26.2,26.4,25.65,25.7,230588.0,6000084.0
20260203,4167,松瑞藥,otc,19.3,19.3,18.85,18.9,909915.0,17393827.0
20260203,4168,醣聯,otc,22.65,24.9,22.65,24.5,1079441.0,26436405.0
20260203,4171,瑞基,otc,18.05,18.2,17.75,17.75,122753.0,2197896.0
20260203,4173,久裕,otc,18.8,18.8,18.3,18.4,126226.0,2332328.0
20260203,4174,浩鼎,otc,33.5,33.6,32.5,32.5,441778.0,14580243.0
20260203,4175,杏一,otc,53.4,53.9,53.0,53.0,35457.0,1900247.0
20260203,4183,福永生技,otc,13.25,13.25,13.25,13.25,10005.0,132566.0
20260203,4188,安克,otc,11.5,11.55,11.45,11.55,14865.0,170920.0
20260203,4198,欣大健康,otc,37.0,37.15,37.0,37.15,4397.0,162505.0
20260203,4205,中華食,otc,73.1,73.1,72.9,73.0,33175.0,2421879.0
20260203,4207,環泰,otc,19.05,19.05,18.65,18.85,415690.0,7812326.0
20260203,4303,信立,otc,48.55,49.2,47.0,47.0,1271197.0,61126004.0
20260203,4304,勝昱,otc,29.8,30.0,28.3,28.9,31000.0,901600.0
20260203,4305,世坤,otc,44.3,44.45,43.9,44.0,16002.0,706438.0
20260203,4401,東隆興,otc,14.15,14.8,14.0,14.8,343586.0,4985749.0
20260203,4402,郡都開發,otc,11.7,12.65,11.4,12.25,165278.0,1958853.0
20260203,4406,新昕纖,otc,10.0,10.0,9.81,9.91,486108.0,4814470.0
20260203,4413,飛寶企業,otc,18.15,18.4,18.1,18.4,4225.0,76872.0
20260203,4416,三圓,otc,12.35,12.35,11.5,11.55,266002.0,3138334.0
20260203,4417,金洲,otc,46.0,46.0,45.05,45.1,230077.0,10434900.0
20260203,4419,皇家美食,otc,46.1,47.0,45.05,46.3,16248.0,748168.0
20260203,4420,光明,otc,41.0,41.0,40.45,40.45,77881.0,3159263.0
20260203,4430,耀億,otc,16.55,17.15,16.55,17.0,24920.0,420111.0
20260203,4432,銘旺實,otc,18.0,18.2,16.95,17.4,826219.0,14507899.0
20260203,4433,興采,otc,20.1,21.55,20.1,21.55,271902.0,5743268.0
20260203,4442,竣邦-KY,otc,53.0,53.0,49.55,51.0,110280.0,5627944.0
20260203,4502,健信,otc,15.8,16.1,15.3,16.1,57254.0,900348.0
20260203,4503,金雨,otc,44.45,44.8,43.4,43.4,274191.0,12124426.0
20260203,4506,崇友,otc,118.5,119.5,118.5,118.5,67271.0,8002400.0
20260203,4510,高鋒,otc,46.85,49.0,46.5,48.55,7229210.0,349093770.0
20260203,4513,福裕,otc,14.85,15.05,14.4,14.4,484260.0,7090612.0
20260203,4523,永彰,otc,29.0,29.0,28.05,28.1,244600.0,6961763.0
20260203,4527,方土霖,otc,43.7,43.7,43.25,43.25,38582.0,1673888.0
20260203,4528,江興鍛,otc,16.0,16.0,15.75,15.75,32490.0,514317.0
20260203,4529,淳紳,otc,5.15,5.47,4.9,5.47,160950.0,829140.0
20260203,4530,宏易,otc,25.3,26.2,25.3,26.2,7177.0,182815.0
20260203,4533,協易機,otc,31.2,32.65,30.6,32.2,5948323.0,190718070.0
20260203,4534,慶騰,otc,23.3,24.15,22.2,22.8,619370.0,14389219.0
20260203,4535,至興,otc,27.55,27.55,27.55,27.55,1215.0,33354.0
20260203,4538,大詠城,otc,18.6,18.6,18.15,18.3,13155.0,241846.0
20260203,4541,晟田,otc,45.55,46.55,44.05,44.1,1813245.0,82285925.0
20260203,4542,科嶠,otc,214.0,217.0,205.0,205.0,320389.0,67309230.0
20260203,4543,萬在,otc,36.9,37.8,36.9,37.3,261899.0,9794052.0
20260203,4549,桓達,otc,98.4,99.1,94.1,94.6,255791.0,24614881.0
20260203,4550,長佳,otc,24.35,24.7,24.25,24.7,43342.0,1057572.0
20260203,4554,橙的,otc,31.15,31.3,30.05,30.15,337690.0,10345906.0
20260203,4556,旭然,otc,42.15,42.65,38.4,38.55,1179937.0,46676887.0
20260203,4558,寶緯,otc,20.2,20.3,19.55,20.1,72045.0,1441508.0
20260203,4561,健椿,otc,49.2,49.4,47.6,48.1,365679.0,17832378.0
20260203,4563,百德,otc,46.8,49.5,46.65,47.3,521396.0,25049183.0
20260203,4568,科際精密,otc,41.05,41.05,40.05,40.1,13055.0,525362.0
20260203,4577,達航科技,otc,135.0,139.0,128.0,129.0,1065383.0,141444947.0
20260203,4580,捷流閥業,otc,82.0,82.8,81.3,81.6,85624.0,7024706.0
20260203,4584,君帆,otc,40.75,42.6,40.75,41.95,8400.0,348800.0
20260203,4609,唐鋒,otc,5.67,5.67,5.37,5.63,117453.0,665024.0
20260203,4702,中美實,otc,9.67,9.96,9.67,9.79,237680.0,2344187.0
20260203,4706,大恭,otc,31.7,32.0,31.7,32.0,12156.0,388272.0
20260203,4707,磐亞,otc,15.05,15.1,14.6,14.75,1216259.0,18063241.0
20260203,4711,永純,otc,16.5,17.15,16.5,16.85,186329.0,3136077.0
20260203,4714,永捷,otc,13.85,13.85,13.25,13.25,1644058.0,22206461.0
20260203,4716,大立,otc,15.0,15.4,15.0,15.15,450138.0,6811700.0
20260203,4721,美琪瑪,otc,94.4,94.4,89.4,89.8,1648771.0,150511574.0
20260203,4726,永昕,otc,29.0,29.45,28.0,28.25,505911.0,14487827.0
20260203,4728,雙美,otc,384.5,384.5,384.5,384.5,5029.0,1933568.0
20260203,4729,熒茂,otc,20.45,21.2,20.45,20.75,310368.0,6435710.0
20260203,4735,豪展,otc,30.9,30.9,30.7,30.75,18460.0,568077.0
20260203,4741,泓瀚,otc,64.4,65.0,58.1,58.2,1870876.0,114732292.0
20260203,4743,合一,otc,52.3,52.3,50.2,50.3,2550227.0,129952068.0
20260203,4744,皇將,otc,33.5,33.85,33.05,33.1,467643.0,15612747.0
20260203,4745,合富-KY,otc,19.95,19.95,18.55,18.7,145955.0,2781928.0
20260203,4747,強生,otc,56.5,58.0,56.5,58.0,102569.0,5875350.0
20260203,4749,新應材,otc,1140.0,1145.0,1010.0,1015.0,4648196.0,4875012320.0
20260203,4754,國碳科,otc,38.5,38.7,38.5,38.5,47308.0,1823483.0
20260203,4760,勤凱,otc,317.0,320.0,289.5,299.0,2412256.0,733778085.0
20260203,4767,誠泰科技,otc,26.85,27.0,26.45,26.65,23116.0,619245.0
20260203,4768,晶呈科技,otc,470.0,470.0,424.0,430.5,1639287.0,726020964.0
20260203,4772,台特化,otc,309.5,310.5,296.0,299.5,1949912.0,589359510.0
20260203,4806,桂田文創,otc,10.0,10.2,10.0,10.15,7610.0,76903.0
20260203,4903,聯光通,otc,50.0,50.2,47.05,48.6,6646768.0,320854389.0
20260203,4905,台聯電,otc,78.3,80.0,78.2,78.2,21006.0,1655613.0
20260203,4907,富宇,otc,39.2,39.3,38.6,38.85,23230.0,905891.0
20260203,4908,前鼎,otc,245.0,249.0,236.0,242.5,686169.0,166312641.0
20260203,4909,新復興,otc,52.0,52.5,49.05,49.2,1594595.0,80412002.0
20260203,4911,德英,otc,31.0,31.6,31.0,31.0,51537.0,1606169.0
20260203,4923,力士,otc,38.7,39.4,36.4,36.65,500970.0,18797663.0
20260203,4924,欣厚-KY,otc,10.7,11.45,10.6,10.75,308434.0,3459675.0
20260203,4931,新盛力,otc,199.0,213.5,182.5,183.5,24882526.0,4928768501.0
20260203,4933,友輝,otc,69.8,69.9,67.3,67.4,627133.0,42908114.0
20260203,4939,亞電,otc,38.5,40.0,37.55,37.9,3058863.0,118036378.0
20260203,4946,辣椒,otc,106.0,106.0,103.5,103.5,27647.0,2881689.0
20260203,4950,金耘國際,otc,17.5,17.5,16.7,16.75,15614.0,264539.0
20260203,4951,精拓科,otc,130.0,130.0,120.0,120.5,648388.0,78706556.0
20260203,4953,緯軟,otc,118.5,120.0,116.5,117.0,384509.0,45393771.0
20260203,4966,譜瑞-KY,otc,813.0,813.0,738.0,800.0,3411033.0,2627573587.0
20260203,4971,IET-KY,otc,785.0,787.0,705.0,705.0,2775061.0,2051630815.0
20260203,4972,湯石照明,otc,16.4,16.45,16.4,16.4,36892.0,605690.0
20260203,4973,廣穎,otc,119.0,121.5,114.0,117.0,7542968.0,885001455.0
20260203,4974,亞泰,otc,74.7,76.6,74.5,74.6,501275.0,37826856.0
20260203,4979,華星光,otc,600.0,600.0,531.0,531.0,2824650.0,1549733019.0
20260203,4987,科誠,otc,81.6,81.6,81.5,81.6,28084.0,2289797.0
20260203,4991,環宇-KY,otc,716.0,716.0,638.0,642.0,750665.0,497204402.0
20260203,4995,晶達,otc,45.45,45.45,44.1,44.3,78516.0,3519026.0
20260203,5009,榮剛,otc,37.5,38.95,37.15,37.3,5376756.0,204090400.0
20260203,5011,久陽,otc,15.7,15.7,15.05,15.1,630121.0,9622629.0
20260203,5013,強新,otc,27.3,27.5,27.25,27.25,6025.0,164781.0
20260203,5014,建錩,otc,10.1,10.2,10.1,10.15,310237.0,3147676.0
20260203,5015,華祺,otc,22.25,22.25,22.05,22.2,27369.0,606152.0
20260203,5016,松和,otc,25.1,25.2,24.6,25.0,103188.0,2568661.0
20260203,5201,凱衛,otc,30.05,30.05,28.9,29.4,58321.0,1714634.0
20260203,5202,力新,otc,12.6,12.65,12.0,12.1,243635.0,3022712.0
20260203,5205,中茂,otc,22.5,22.5,20.8,21.75,3051.0,66197.0
20260203,5206,坤悅,otc,23.5,23.6,22.8,22.85,120288.0,2782615.0
20260203,5209,新鼎,otc,166.0,166.0,164.5,165.0,16155.0,2667913.0
20260203,5210,寶碩,otc,25.6,27.1,25.5,25.9,305995.0,8031724.0
20260203,5211,蒙恬,otc,20.45,20.45,19.6,19.75,85581.0,1710133.0
20260203,5212,凌網,otc,48.0,48.0,47.75,47.75,3310.0,158212.0
20260203,5213,亞昕,otc,25.75,25.95,25.7,25.75,440969.0,11372107.0
20260203,5220,萬達光電,otc,22.95,23.1,22.15,22.75,161240.0,3640830.0
20260203,5223,安力-KY,otc,24.55,24.75,23.95,24.15,29001.0,706274.0
20260203,5227,立凱-KY,otc,22.7,23.95,22.7,23.25,975429.0,23056638.0
20260203,5228,鈺鎧,otc,49.2,54.8,48.35,49.15,3603005.0,183906048.0
20260203,5230,雷笛克光學,otc,16.8,17.95,16.75,16.75,434537.0,7506414.0
20260203,5236,凌陽創新,otc,165.0,166.5,160.5,161.0,460152.0,75063517.0
20260203,5245,智晶,otc,25.1,27.15,25.1,25.15,594694.0,15680367.0
20260203,5251,天鉞電,otc,27.65,27.7,26.85,27.0,142266.0,3882931.0
20260203,5263,智崴,otc,103.0,105.5,100.0,102.0,286983.0,29549307.0
20260203,5272,笙科,otc,22.85,23.45,22.25,22.3,352394.0,8090500.0
20260203,5274,信驊,otc,18200.0,18450.0,17195.0,17195.0,246404.0,4375632630.0
20260203,5276,達輝-KY,otc,21.65,21.65,20.25,20.3,44548.0,923516.0
20260203,5278,尚凡*,otc,24.55,24.6,23.25,23.45,791399.0,18815483.0
20260203,5287,數字,otc,149.5,151.0,149.0,150.0,53583.0,8048302.0
20260203,5289,宜鼎,otc,1865.0,1875.0,1760.0,1760.0,5067235.0,9149835670.0
20260203,5291,邑昇,otc,68.6,69.1,66.0,66.7,864578.0,57765344.0
20260203,5299,杰力,otc,104.0,106.0,98.0,99.4,1065654.0,108798296.0
20260203,5301,寶得利,otc,7.32,7.55,7.0,7.45,7028.0,50739.0
20260203,5302,太欣,otc,10.55,10.75,10.2,10.25,561130.0,5848409.0
20260203,5309,系統電,otc,64.8,67.7,63.5,64.9,8898400.0,580723583.0
20260203,5310,天剛,otc,25.5,25.5,23.45,23.8,47001.0,1112624.0
20260203,5312,寶島科,otc,95.0,96.0,95.0,95.2,43017.0,4118405.0
20260203,5314,世紀*,otc,67.2,68.6,66.9,67.3,4178207.0,281835960.0
20260203,5315,光聯,otc,22.1,22.15,21.75,21.8,532092.0,11679717.0
20260203,5321,美而快,otc,23.25,25.0,23.25,24.25,313925.0,7639730.0
20260203,5324,士開,otc,11.5,11.5,11.4,11.5,285913.0,3279502.0
20260203,5328,華容,otc,29.4,31.45,28.25,28.6,28585471.0,855506265.0
20260203,5340,建榮,otc,108.0,108.5,102.0,103.0,2406492.0,252274838.0
20260203,5344,立衛,otc,16.7,16.85,16.1,16.2,99713.0,1641362.0
20260203,5345,馥鴻,otc,20.75,20.75,20.7,20.7,5001.0,104118.0
20260203,5347,世界,otc,181.0,183.5,173.0,176.5,49783035.0,8875005227.0
20260203,5348,正能量智能,otc,15.3,15.3,15.3,15.3,1070.0,16423.0
20260203,5351,鈺創,otc,89.7,90.0,85.5,87.5,40014518.0,3503334500.0
20260203,5353,台林,otc,26.0,26.25,25.8,26.0,63061.0,1639540.0
20260203,5355,佳總,otc,6.23,6.57,6.21,6.56,62019.0,392966.0
20260203,5356,協益,otc,26.5,26.65,26.05,26.35,101794.0,2677496.0
20260203,5364,力麗店,otc,9.31,9.4,9.13,9.21,136531.0,1263125.0
20260203,5371,中光電,otc,69.0,70.9,68.2,68.6,4197795.0,293167381.0
20260203,5381,光譜,otc,26.8,26.8,25.4,25.4,1623437.0,42095782.0
20260203,5386,青雲,otc,446.5,446.5,415.0,415.0,447689.0,190219054.0
20260203,5392,能率,otc,43.0,44.5,41.9,42.7,12142348.0,526861153.0
20260203,5398,慕康生醫,otc,20.0,20.0,19.8,19.9,69050.0,1373085.0
20260203,5403,中菲,otc,88.0,88.3,85.5,85.5,471620.0,40992864.0
20260203,5410,國眾,otc,37.85,37.85,36.7,36.95,665711.0,24782441.0
20260203,5425,台半,otc,73.0,77.0,71.9,72.0,14528289.0,1077772414.0
20260203,5426,振發,otc,18.1,18.25,17.8,17.8,353470.0,6360967.0
20260203,5432,新門,otc,143.5,146.0,142.0,142.0,106078.0,15301181.0
20260203,5438,東友,otc,18.65,18.8,18.55,18.55,85507.0,1594046.0
20260203,5439,高技,otc,428.0,439.0,389.5,391.0,13208541.0,5460685347.0
20260203,5443,均豪,otc,128.0,135.0,126.5,131.0,15707540.0,2066499478.0
20260203,5450,南良,otc,12.65,12.9,12.65,12.8,27329.0,349035.0
20260203,5452,佶優,otc,33.4,33.6,31.55,31.7,2107382.0,68176834.0
20260203,5455,昇益,otc,24.35,25.85,24.3,24.95,127051.0,3183714.0
20260203,5457,宣德,otc,34.45,34.85,33.3,33.3,800489.0,27165295.0
20260203,5460,同協,otc,15.25,15.4,15.0,15.05,102477.0,1545875.0
20260203,5464,霖宏,otc,60.2,60.2,53.6,57.1,1423151.0,80221686.0
20260203,5465,富驊,otc,24.7,24.7,24.45,24.5,132245.0,3246806.0
20260203,5468,凱鈺,otc,17.95,17.95,17.65,17.65,68204.0,1210108.0
20260203,5474,聰泰,otc,171.0,173.0,161.0,164.0,1033182.0,172836938.0
20260203,5475,德宏,otc,294.5,315.0,294.0,299.0,4109555.0,1233761884.0
20260203,5478,智冠,otc,100.0,100.5,97.7,97.8,186675.0,18459880.0
20260203,5481,新華,otc,19.3,20.1,19.3,19.95,39789.0,790593.0
20260203,5483,中美晶,otc,152.5,153.0,139.5,140.5,18782358.0,2717303119.0
20260203,5487,通泰,otc,28.1,28.25,26.4,27.2,102217.0,2778896.0
20260203,5488,松普,otc,10.6,10.6,10.15,10.2,780905.0,8014977.0
20260203,5489,彩富,otc,40.3,40.45,40.05,40.05,37155.0,1496834.0
20260203,5490,同亨,otc,28.85,29.7,28.3,28.4,1161782.0,33666580.0
20260203,5493,三聯,otc,95.3,97.0,92.4,95.1,1107305.0,105162036.0
20260203,5498,凱崴,otc,75.5,75.9,68.2,70.5,17102674.0,1209917511.0
20260203,5508,永信建,otc,48.4,48.65,47.6,47.75,597346.0,28724202.0
20260203,5511,德昌,otc,72.0,72.5,71.9,72.4,172647.0,12475006.0
20260203,5512,力麒,otc,6.83,6.83,6.72,6.75,1765311.0,11938413.0
20260203,5514,三豐,otc,15.3,15.3,15.3,15.3,2218.0,33232.0
20260203,5516,雙喜,otc,11.0,11.0,10.55,10.7,44153.0,472091.0
20260203,5520,力泰,otc,82.0,82.0,82.0,82.0,1049.0,86018.0
20260203,5523,豐謙,otc,30.05,30.25,29.95,30.25,243081.0,7319823.0
20260203,5529,鉅陞,otc,21.1,23.0,21.0,21.5,163530.0,3608326.0
20260203,5530,龍巖,otc,50.2,50.8,48.1,48.1,1117077.0,54883473.0
20260203,5536,聖暉*,otc,1035.0,1055.0,1000.0,1025.0,2778119.0,2851988855.0
20260203,5543,桓鼎-KY,otc,29.3,29.75,28.9,28.9,34008.0,996334.0
20260203,5547,久舜,otc,21.35,21.6,21.3,21.35,42326.0,903582.0
20260203,5548,安倉,otc,23.25,23.5,23.25,23.45,38810.0,907227.0
20260203,5601,台聯櫃,otc,35.6,35.6,35.45,35.45,6000.0,213450.0
20260203,5603,陸海,otc,15.7,16.1,15.55,16.1,111313.0,1753672.0
20260203,5604,中連,otc,31.6,32.0,31.6,31.65,12815.0,406816.0
20260203,5609,中菲行,otc,80.3,80.3,79.1,79.2,313217.0,24941297.0
20260203,5701,劍湖山,otc,3.25,3.44,3.25,3.44,124906.0,418971.0
20260203,5703,亞都,otc,14.0,14.0,14.0,14.0,4000.0,56000.0
20260203,5704,老爺知,otc,21.35,21.5,21.25,21.35,24340.0,520305.0
20260203,5864,致和證,otc,31.05,31.95,29.85,30.2,6404797.0,197524160.0
20260203,5878,台名,otc,40.6,40.6,40.6,40.6,1704.0,69585.0
20260203,5902,德記,otc,38.0,38.0,37.75,37.75,5000.0,189600.0
20260203,5903,全家,otc,189.0,189.5,189.0,189.5,18913.0,3577361.0
20260203,5904,寶雅,otc,550.0,558.0,535.0,546.0,745367.0,406824648.0
20260203,5905,南仁湖,otc,8.33,8.33,7.94,8.06,919239.0,7397892.0
20260203,6015,宏遠證,otc,15.35,15.5,14.7,14.8,3267530.0,49344194.0
20260203,6016,康和證,otc,22.4,23.35,22.05,22.1,8503234.0,193000314.0
20260203,6020,大展證,otc,21.6,21.6,20.9,21.0,64881.0,1375890.0
20260203,6021,美好證,otc,32.45,32.65,31.5,31.55,204782.0,6591219.0
20260203,6023,元大期,otc,99.0,99.3,98.3,98.7,179037.0,17668172.0
20260203,6026,福邦證,otc,15.5,15.9,15.35,15.4,3374696.0,52520023.0
20260203,6028,公勝保經,otc,82.2,82.2,80.7,80.8,21691.0,1768597.0
20260203,6101,寬魚國際,otc,38.45,38.45,37.9,38.1,41437.0,1577007.0
20260203,6103,合邦,otc,37.65,37.65,37.65,37.65,1000.0,37650.0
20260203,6104,創惟,otc,99.2,103.0,96.4,96.6,2992221.0,298840475.0
20260203,6109,亞元,otc,11.3,11.55,11.05,11.05,433228.0,4860908.0
20260203,6111,光聚晶電,otc,48.0,50.3,47.65,48.75,1213658.0,59702529.0
20260203,6113,亞矽,otc,24.2,24.3,23.7,23.75,224864.0,5382571.0
20260203,6114,久威,otc,30.4,31.7,30.3,30.4,50896.0,1579445.0
20260203,6118,建達,otc,18.7,19.15,17.4,17.5,5119071.0,94247639.0
20260203,6121,新普,otc,372.5,377.0,363.5,368.0,957512.0,353574050.0
20260203,6122,擎邦,otc,47.55,47.55,46.8,46.9,513088.0,24159214.0
20260203,6123,上奇,otc,44.05,44.2,43.95,44.1,55100.0,2432028.0
20260203,6124,業強,otc,29.15,30.0,28.35,28.9,93930.0,2744462.0
20260203,6125,廣運,otc,58.9,60.7,58.5,58.7,2381788.0,142317282.0
20260203,6126,信音,otc,32.85,34.35,32.6,32.7,2541619.0,85153047.0
20260203,6127,九豪,otc,47.6,50.5,45.25,46.45,13840435.0,660758819.0
20260203,6129,普誠,otc,15.55,15.85,15.15,15.2,791534.0,12221131.0
20260203,6130,上亞科技,otc,23.1,23.15,22.4,22.4,137239.0,3093280.0
20260203,6134,萬旭,otc,32.45,32.45,30.2,30.35,1165096.0,36073562.0
20260203,6138,茂達,otc,308.5,308.5,282.0,284.5,2514070.0,739292277.0
20260203,6140,訊達,otc,20.4,20.4,19.6,19.85,158808.0,3169585.0
20260203,6143,振曜,otc,98.6,98.8,95.1,95.1,1880810.0,181662379.0
20260203,6144,得利影,otc,14.25,14.25,13.8,14.25,37112.0,522016.0
20260203,6146,耕興,otc,223.5,223.5,212.0,214.5,668418.0,143889006.0
20260203,6147,頎邦,otc,190.0,205.0,176.0,205.0,82576212.0,15830068763.0
20260203,6148,驊宏資,otc,29.0,29.85,28.35,28.35,255260.0,7429724.0
20260203,6150,撼訊,otc,69.5,72.0,67.7,68.4,1411439.0,98250593.0
20260203,6151,晉倫,otc,41.95,42.4,40.85,41.45,1200613.0,50190729.0
20260203,6154,順發,otc,13.2,13.3,13.1,13.1,44547.0,586510.0
20260203,6156,松上,otc,19.3,19.3,18.4,18.55,1190895.0,22442387.0
20260203,6158,禾昌,otc,17.8,18.0,17.65,17.9,84896.0,1510576.0
20260203,6160,欣技,otc,16.6,16.8,16.15,16.35,134164.0,2200879.0
20260203,6161,捷波,otc,45.9,46.7,44.3,45.55,776987.0,35418318.0
20260203,6163,華電網,otc,58.5,58.5,54.5,54.8,6040220.0,340548419.0
20260203,6167,久正,otc,11.9,12.0,11.35,11.35,754299.0,8716950.0
20260203,6169,昱泉,otc,14.75,14.75,14.35,14.5,69703.0,1010238.0
20260203,6170,統振,otc,50.4,50.7,50.1,50.3,184646.0,9300519.0
20260203,6171,大城地產,otc,24.0,24.0,23.6,23.6,22399.0,532010.0
20260203,6173,信昌電,otc,172.0,175.0,155.0,155.0,3038481.0,488534974.0
20260203,6174,安碁,otc,39.5,40.3,36.15,37.25,2084330.0,79974844.0
20260203,6175,立敦,otc,71.0,75.9,70.8,73.9,20870882.0,1555339592.0
20260203,6179,亞通,otc,23.65,25.7,23.6,24.95,4484518.0,111855814.0
20260203,6180,橘子,otc,38.9,39.15,38.4,38.4,346940.0,13459870.0
20260203,6182,合晶,otc,59.3,59.3,55.0,55.2,12329699.0,692831529.0
20260203,6185,幃翔,otc,13.9,13.95,13.7,13.8,218441.0,3017342.0
20260203,6186,新潤,otc,39.55,40.5,38.75,39.05,1469314.0,58175205.0
20260203,6187,萬潤,otc,1190.0,1210.0,1105.0,1125.0,2950142.0,3388400060.0
20260203,6188,廣明,otc,83.5,87.8,83.5,84.3,5072394.0,436444087.0
20260203,6190,萬泰科,otc,78.7,79.5,77.0,77.3,5952896.0,463250781.0
20260203,6194,育富,otc,32.35,32.5,32.0,32.2,162916.0,5254390.0
20260203,6195,詩肯,otc,27.1,27.1,26.5,26.5,83325.0,2229338.0
20260203,6198,瑞築,otc,21.8,22.35,21.75,22.0,28662.0,626101.0
20260203,6199,天品,otc,103.5,103.5,97.4,97.4,775529.0,77528663.0
20260203,6203,海韻電,otc,70.0,70.1,67.9,68.1,308106.0,21230434.0
20260203,6204,艾華,otc,85.0,88.6,82.6,82.7,1394700.0,120181477.0
20260203,6207,雷科,otc,73.2,77.2,72.3,77.2,9070182.0,689719286.0
20260203,6208,日揚,otc,106.0,108.5,97.5,99.8,7371442.0,763542244.0
20260203,6210,慶生,otc,21.25,21.25,21.05,21.15,39745.0,839561.0
20260203,6212,理銘,otc,28.25,28.25,28.25,28.25,2000.0,56500.0
20260203,6217,中探針,otc,324.5,326.5,300.0,300.0,11664849.0,3611669887.0
20260203,6218,豪勉,otc,41.5,43.25,40.25,40.8,3440158.0,141992446.0
20260203,6219,富旺,otc,12.2,12.3,11.85,12.0,699884.0,8406685.0
20260203,6220,岳豐,otc,30.0,30.1,29.9,30.0,252640.0,7578335.0
20260203,6221,晉泰,otc,23.05,23.45,22.5,22.55,674792.0,15433860.0
20260203,6222,立軒,otc,21.05,21.05,21.05,21.05,4535.0,93647.0
20260203,6223,旺矽,otc,6280.0,6665.0,5895.0,5895.0,2197825.0,13717994480.0
20260203,6227,茂綸,otc,118.0,124.5,117.0,124.5,2632979.0,324118333.0
20260203,6228,全譜,otc,22.7,22.7,20.5,22.45,73151.0,1599124.0
20260203,6229,研通,otc,29.3,29.3,27.1,27.1,904456.0,25157624.0
20260203,6231,系微,otc,292.0,295.5,281.0,282.5,1055280.0,303508430.0
20260203,6233,旺玖,otc,26.05,26.25,25.2,25.3,445500.0,11421033.0
20260203,6234,高僑,otc,56.5,56.5,52.3,52.5,1527366.0,82817401.0
20260203,6237,驊訊,otc,47.85,52.0,45.7,45.7,8190291.0,399516889.0
20260203,6240,松崗,otc,17.3,17.9,17.05,17.8,24100.0,422474.0
20260203,6241,鑫永洋,otc,11.45,11.45,10.6,10.8,1139978.0,12629529.0
20260203,6242,立康,otc,37.2,37.75,37.2,37.4,12252.0,458474.0
20260203,6244,茂迪,otc,28.5,28.8,27.25,27.55,5092809.0,142537751.0
20260203,6245,立端,otc,82.0,83.8,81.3,82.5,1548000.0,127928837.0
20260203,6246,臺龍,otc,15.9,16.0,15.0,15.0,137762.0,2106329.0
20260203,6248,沛波,otc,18.55,18.65,18.4,18.55,79670.0,1479026.0
20260203,6259,百徽,otc,24.55,25.4,23.45,23.45,1084735.0,26618160.0
20260203,6261,久元,otc,120.5,122.0,112.5,114.5,6417744.0,745894373.0
20260203,6263,普萊德,otc,187.0,187.0,169.0,171.0,628388.0,111432146.0
20260203,6264,富裔,otc,6.08,6.1,6.02,6.09,80201.0,485865.0
20260203,6265,方土昶,otc,46.2,46.35,44.3,45.0,13192790.0,597362965.0
20260203,6266,泰詠,otc,27.0,27.0,26.3,26.4,384905.0,10220991.0
20260203,6270,倍微,otc,26.65,26.85,25.8,25.85,378187.0,9912050.0
20260203,6274,台燿,otc,1440.0,1440.0,1305.0,1305.0,1538577.0,2084573060.0
20260203,6275,元山,otc,47.15,48.0,46.7,46.85,458334.0,21667938.0
20260203,6276,安鈦克,otc,30.6,30.6,29.0,29.15,69130.0,2042842.0
20260203,6279,胡連,otc,117.5,118.5,115.5,115.5,663844.0,77295232.0
20260203,6284,佳邦,otc,86.1,89.8,83.7,84.5,3954468.0,344097555.0
20260203,6290,良維,otc,277.5,279.0,267.5,271.0,6148680.0,1676234925.0
20260203,6291,沛亨,otc,505.0,509.0,458.5,462.5,2444682.0,1163610922.0
20260203,6292,迅德,otc,52.5,53.9,52.5,52.6,216884.0,11490266.0
20260203,6294,智基,otc,28.55,28.55,27.5,27.5,49063.0,1367504.0
20260203,6411,晶焱,otc,86.5,86.7,81.0,82.6,1078749.0,90710362.0
20260203,6417,韋僑,otc,138.0,138.0,123.0,124.5,420626.0,53913040.0
20260203,6418,詠昇,otc,31.0,31.0,30.0,30.0,242524.0,7359082.0
20260203,6419,京晨科,otc,178.5,194.5,177.0,194.5,1184586.0,223940937.0
20260203,6423,億而得,otc,113.0,113.0,101.5,103.0,420247.0,44134103.0
20260203,6425,易發,otc,94.0,94.9,84.5,89.0,6849580.0,613806131.0
20260203,6432,今展科,otc,50.1,54.5,50.0,51.1,4732470.0,251558495.0
20260203,6435,大中,otc,250.5,250.5,226.5,228.0,1215899.0,285817983.0
20260203,6441,廣錠,otc,25.6,25.8,24.6,24.8,308481.0,7728029.0
20260203,6461,益得,otc,16.55,16.6,16.15,16.2,237146.0,3865726.0
20260203,6462,神盾,otc,131.5,140.0,128.5,134.0,5419001.0,732124443.0
20260203,6465,威潤,otc,48.3,49.4,45.3,45.3,1003598.0,47833583.0
20260203,6469,大樹,otc,72.3,72.3,70.0,70.1,905969.0,64086134.0
20260203,6470,宇智,otc,46.2,46.9,46.2,46.4,72457.0,3364499.0
20260203,6474,華豫寧,otc,38.9,38.95,38.0,38.0,74371.0,2849275.0
20260203,6482,弘煜科,otc,28.4,29.2,28.4,28.65,27000.0,774850.0
20260203,6485,點序,otc,98.2,98.2,98.2,98.2,1408404.0,138305225.0
20260203,6486,互動,otc,82.9,83.1,82.0,82.0,170474.0,14057484.0
20260203,6488,環球晶,otc,797.0,797.0,710.0,710.0,3847642.0,2804824258.0
20260203,6492,生華科,otc,48.3,48.8,47.65,47.85,298727.0,14397703.0
20260203,6494,九齊,otc,54.4,55.8,52.1,52.1,520010.0,28069110.0
20260203,6496,科懋,otc,23.75,24.0,23.55,23.8,19048.0,452321.0
20260203,6498,久禾光,otc,111.5,114.0,103.5,105.0,1436863.0,156358684.0
20260203,6499,益安,otc,83.9,86.4,82.6,83.6,609756.0,51419740.0
20260203,6506,雙邦,otc,19.75,19.75,19.3,19.3,314941.0,6114689.0
20260203,6508,惠光,otc,24.15,24.15,23.9,24.0,42105.0,1010672.0
20260203,6509,聚和,otc,47.85,47.95,45.75,45.85,3856425.0,179119085.0
20260203,6510,精測,otc,4200.0,4200.0,3735.0,3735.0,1164546.0,4559503755.0
20260203,6516,勤崴國際,otc,56.2,57.8,56.2,56.7,109015.0,6180466.0
20260203,6517,保勝光學,otc,58.2,62.4,58.1,60.0,1178630.0,71738992.0
20260203,6523,達爾膚,otc,98.8,98.9,98.6,98.7,31013.0,3064454.0
20260203,6527,明達醫,otc,69.9,71.0,69.9,71.0,25683.0,1818688.0
20260203,6530,創威,otc,116.0,116.5,108.5,109.0,2122143.0,237805107.0
20260203,6532,瑞耘,otc,115.0,122.5,109.0,109.0,4692349.0,540188494.0
20260203,6535,順藥,otc,128.5,135.0,127.0,132.0,187357.0,24442024.0
20260203,6538,倉和,otc,86.5,92.4,85.3,88.8,1490819.0,135061184.0
20260203,6542,隆中,otc,46.6,46.65,46.0,46.0,5450.0,252395.0
20260203,6546,正基,otc,70.5,70.5,66.8,66.8,376910.0,25852013.0
20260203,6547,高端疫苗,otc,49.1,49.85,47.9,47.9,2332964.0,113631108.0
20260203,6548,長科*,otc,50.2,51.2,48.85,49.05,4689570.0,233513473.0
20260203,6556,勝品,otc,69.9,70.0,69.6,69.6,10100.0,705050.0
20260203,6560,欣普羅,otc,37.7,38.5,37.45,37.7,62035.0,2343072.0
20260203,6561,是方,otc,349.5,350.0,338.0,338.5,167162.0,57208848.0
20260203,6568,宏觀,otc,217.0,217.0,205.0,207.5,482887.0,101454465.0
20260203,6569,醫揚,otc,99.1,100.5,97.5,99.1,59110.0,5882335.0
20260203,6570,維田,otc,43.75,43.95,42.7,42.7,118606.0,5153643.0
20260203,6574,霈方,otc,124.5,124.5,112.5,112.5,203274.0,23835658.0
20260203,6576,逸達,otc,78.9,79.3,78.1,79.0,118600.0,9340658.0
20260203,6577,勁豐,otc,79.2,79.8,77.6,77.6,70504.0,5527313.0
20260203,6578,達邦蛋白,otc,16.6,16.6,16.2,16.2,119170.0,1955964.0
20260203,6584,南俊國際,otc,667.0,671.0,655.0,658.0,1027554.0,680878285.0
20260203,6588,東典光電,otc,134.0,136.0,128.0,129.0,994645.0,130057483.0
20260203,6590,普鴻,otc,67.2,67.2,67.0,67.2,6475.0,434978.0
20260203,6593,台灣銘板,otc,35.25,35.25,34.8,35.0,121577.0,4256887.0
20260203,6596,寬宏藝術,otc,98.9,98.9,97.3,97.5,219286.0,21465256.0
20260203,6597,立誠,otc,77.0,79.0,73.0,73.0,41127.0,3146529.0
20260203,6603,富強鑫,otc,22.65,22.65,21.7,21.8,1222626.0,26913815.0
20260203,6609,瀧澤科,otc,40.8,42.6,40.8,41.1,514198.0,21499885.0
20260203,6612,奈米醫材,otc,67.0,67.2,66.9,66.9,35189.0,2358924.0
20260203,6613,朋億*,otc,256.0,264.5,250.0,252.5,753232.0,192939182.0
20260203,6615,慧智,otc,32.8,32.8,32.7,32.75,15013.0,492927.0
20260203,6616,特昇-KY,otc,9.39,9.68,9.35,9.65,38001.0,362189.0
20260203,6617,共信-KY,otc,64.0,64.0,61.7,62.3,150839.0,9465255.0
20260203,6620,漢達,otc,69.6,70.3,69.0,70.0,401594.0,27907600.0
20260203,6624,萬年清,otc,46.95,46.95,45.0,46.65,42352.0,1938680.0
20260203,6629,泰金-KY,otc,137.0,137.0,126.5,130.0,208663.0,27473167.0
20260203,6637,醫影,otc,66.7,66.9,65.6,65.8,47210.0,3121597.0
20260203,6640,均華,otc,1495.0,1530.0,1350.0,1370.0,877562.0,1258481550.0
20260203,6642,富致,otc,63.8,69.8,63.8,69.8,536014.0,36807973.0
20260203,6643,M31,otc,645.0,666.0,607.0,619.0,1776001.0,1125684703.0
20260203,6649,台生材,otc,39.6,39.8,39.05,39.05,70901.0,2800358.0
20260203,6651,全宇昕,otc,132.0,132.5,118.5,118.5,911105.0,113078583.0
20260203,6654,天正國際,otc,99.0,101.0,95.3,95.3,74223.0,7199720.0
20260203,6661,威健生技,otc,17.35,17.35,17.2,17.2,4000.0,69250.0
20260203,6662,樂斯科,otc,29.85,29.85,29.5,29.5,5000.0,148100.0
20260203,6664,群翊,otc,446.0,448.5,417.5,417.5,3406847.0,1455549376.0
20260203,6667,信紘科,otc,255.0,256.0,248.5,248.5,464644.0,117443084.0
20260203,6679,鈺太,otc,315.5,322.5,305.0,305.0,494583.0,154863905.0
20260203,6680,鑫創電子,otc,54.4,54.4,53.2,53.2,3143.0,168677.0
20260203,6683,雍智科技,otc,1895.0,1930.0,1735.0,1735.0,1270743.0,2322307825.0
20260203,6684,安格,otc,46.45,47.4,45.0,45.15,260296.0,12023078.0
20260203,6690,安碁資訊,otc,168.0,169.0,167.5,167.5,36858.0,6188483.0
20260203,6692,進能服,otc,29.45,29.45,27.8,28.55,74936.0,2164304.0
20260203,6693,廣閎科,otc,147.0,147.5,140.0,141.0,747075.0,106880994.0
20260203,6697,東捷資訊,otc,40.4,41.0,40.3,40.5,33708.0,1365330.0
20260203,6703,軒郁,otc,113.0,116.0,112.0,114.0,78917.0,8992268.0
20260203,6708,天擎,otc,43.05,43.05,41.0,42.35,55094.0,2304737.0
20260203,6712,長聖,otc,130.5,130.5,128.0,128.0,203704.0,26244821.0
20260203,6716,應廣,otc,94.4,96.9,90.5,92.0,604435.0,56428975.0
20260203,6720,久昌,otc,160.0,162.0,154.5,158.5,118097.0,18715714.0
20260203,6721,信實,otc,57.9,57.9,57.7,57.8,4066.0,235119.0
20260203,6725,矽科宏晟,otc,310.0,315.5,295.0,295.5,440930.0,132746973.0
20260203,6727,亞泰金屬,otc,526.0,569.0,523.0,557.0,5074687.0,2835016613.0
20260203,6728,上洋,otc,111.5,114.0,111.0,111.0,35482.0,3965225.0
20260203,6730,常廣,otc,37.5,37.5,37.3,37.5,201000.0,7536400.0
20260203,6732,昇佳電子,otc,175.0,175.5,165.5,166.5,300950.0,51259716.0
20260203,6733,博晟生醫,otc,27.75,28.25,27.3,27.3,265203.0,7393113.0
20260203,6735,美達科技,otc,130.0,132.0,124.0,124.0,2774959.0,351116972.0
20260203,6739,竹陞科技,otc,1350.0,1380.0,1280.0,1285.0,403071.0,531293010.0
20260203,6741,91APP*-KY,otc,65.3,65.3,60.9,60.9,1360827.0,84875497.0
20260203,6751,智聯服務,otc,47.8,47.8,46.1,46.1,96423.0,4513717.0
20260203,6752,叡揚,otc,100.0,100.5,97.5,98.1,116955.0,11580729.0
20260203,6761,穩得,otc,190.0,192.5,180.0,181.0,820608.0,151160146.0
20260203,6762,達亞,otc,173.0,184.5,173.0,184.5,33442.0,6062463.0
20260203,6763,綠界科技*,otc,46.25,46.6,45.0,45.0,451311.0,20672777.0
20260203,6767,台微醫,otc,26.95,26.95,26.45,26.95,4040.0,108340.0
20260203,6785,昱展新藥,otc,133.0,133.5,126.5,127.0,214058.0,27688033.0
20260203,6788,華景電,otc,445.5,448.0,403.0,408.0,2264271.0,949572241.0
20260203,6791,虎門科技,otc,116.5,119.5,112.0,117.5,82101.0,9429893.0
20260203,6803,崑鼎,otc,286.5,287.5,286.0,287.0,44079.0,12637398.0
20260203,6804,明係,otc,15.15,15.45,15.0,15.05,82469.0,1256189.0
20260203,6811,宏碁資訊,otc,208.0,210.0,205.0,205.5,86126.0,17863435.0
20260203,6821,聯寶,otc,50.0,50.4,48.75,48.95,292197.0,14433272.0
20260203,6823,濾能,otc,81.1,82.7,80.6,82.0,274865.0,22405639.0
20260203,6829,千附精密,otc,205.0,214.0,198.0,198.0,2153080.0,443326323.0
20260203,6840,東研信超,otc,61.8,63.4,61.5,62.0,100848.0,6270880.0
20260203,6841,長佳智能,otc,59.5,61.0,59.5,60.1,303656.0,18326755.0
20260203,6843,進典,otc,45.05,45.05,44.0,44.0,32511.0,1439870.0
20260203,6844,諾貝兒,otc,64.2,65.0,64.0,65.0,27515.0,1775331.0
20260203,6846,綠茵,otc,69.0,70.1,68.5,69.7,26040.0,1802660.0
20260203,6855,數泓科,otc,105.0,105.5,105.0,105.0,6503.0,683209.0
20260203,6856,鑫傳,otc,49.3,49.3,47.2,48.75,11210.0,538632.0
20260203,6859,伯特光,otc,118.0,119.5,116.0,118.5,50564.0,5941895.0
20260203,6865,偉康科技,otc,31.45,31.5,29.7,29.85,74496.0,2245298.0
20260203,6870,騰雲,otc,194.0,194.5,184.0,188.0,244623.0,46186737.0
20260203,6872,浩宇生醫,otc,18.2,18.95,18.1,18.2,30000.0,547600.0
20260203,6874,倍力,otc,83.3,83.3,81.3,82.1,32775.0,2697524.0
20260203,6875,國邑*,otc,39.0,39.55,37.45,37.5,156914.0,5949545.0
20260203,6877,鏵友益,otc,159.0,161.0,151.0,158.0,628640.0,97439187.0
20260203,6881,潤德,otc,270.0,271.0,270.0,270.0,13054.0,3532474.0
20260203,6884,海柏特,otc,33.7,33.7,33.4,33.6,8000.0,268800.0
20260203,6894,衛司特,otc,355.0,356.0,341.5,344.0,112072.0,39039703.0
20260203,6895,宏碩系統,otc,155.0,156.0,150.0,152.0,124050.0,18867541.0
20260203,6899,創為精密,otc,64.2,65.0,60.2,60.2,310736.0,19499813.0
20260203,6903,巨漢,otc,412.0,414.0,382.0,386.5,2021508.0,800713505.0
20260203,6904,伯鑫,otc,113.0,116.0,113.0,116.0,6020.0,687294.0
20260203,6907,雅特力-KY,otc,124.0,124.0,117.5,118.0,933206.0,111769160.0
20260203,6910,德鴻,otc,27.15,27.15,26.75,26.75,34647.0,931887.0
20260203,6913,鴻呈,otc,133.0,140.5,133.0,138.0,1238490.0,169898139.0
20260203,6922,宸曜,otc,185.5,198.0,184.5,189.5,548624.0,105606650.0
20260203,6925,意藍,otc,63.9,63.9,60.6,60.8,50365.0,3076762.0
20260203,6929,佑全,otc,23.7,23.7,23.15,23.6,26696.0,623867.0
20260203,6953,家碩,otc,260.0,263.0,253.0,253.5,130455.0,33533851.0
20260203,6961,旅天下,otc,59.0,59.1,58.6,58.8,35098.0,2062317.0
20260203,6967,汎瑋材料,otc,73.1,73.8,72.0,72.1,73148.0,5315613.0
20260203,6968,萬達寵物,otc,43.6,43.65,43.2,43.25,40906.0,1774293.0
20260203,6971,惠民實業,otc,26.5,26.5,26.05,26.1,71481.0,1878518.0
20260203,6982,大井泵浦,otc,53.5,53.5,51.2,52.0,58424.0,3034952.0
20260203,6996,力領科技,otc,190.0,191.5,182.0,183.0,190805.0,35416455.0
20260203,6997,博弘,otc,73.9,73.9,70.0,72.0,19042.0,1363928.0
20260203,7000,系統電永豐58購01,otc,0.66,0.66,0.6,0.6,41000.0,25860.0
20260203,7001,華景電統一61購01,otc,1.63,1.63,1.54,1.54,30000.0,47250.0
20260203,7002,信昌電國票57購01,otc,23.3,23.3,20.7,21.4,100000.0,2189000.0
20260203,7003,系微凱基57購01,otc,0.63,0.63,0.63,0.63,1000.0,630.0
20260203,7004,聖暉*兆豐56購01,otc,0.77,0.81,0.77,0.81,15000.0,11950.0
20260203,7005,原相元大5A購01,otc,1.16,1.25,1.03,1.03,643000.0,718520.0
20260203,7006,營邦統一6A購01,otc,2.5,2.5,2.26,2.49,37000.0,87110.0
20260203,7007,良維群益58購01,otc,5.05,5.05,5.05,5.05,10000.0,50500.0
20260203,7008,力旺統一6A購01,otc,1.58,1.58,1.58,1.58,10000.0,15800.0
20260203,7009,臺慶科國泰55購02,otc,2.66,4.1,2.66,2.75,31000.0,90110.0
20260203,7010,雙鴻元大57購01,otc,0.21,0.21,0.16,0.16,340000.0,62200.0
20260203,7011,威剛元大58購02,otc,6.4,6.4,6.4,6.4,1000.0,6400.0
20260203,7012,三聯群益59購01,otc,0.75,0.75,0.73,0.73,50000.0,36700.0
20260203,7013,新應材元大5B購02,otc,1.46,1.46,1.0,1.0,30000.0,37170.0
20260203,7014,佳邦國票56購01,otc,0.22,0.22,0.22,0.22,235000.0,51700.0
20260203,7015,金益鼎群益56購01,otc,4.16,4.24,4.16,4.16,21000.0,87600.0
20260203,7016,宜鼎統一6B購01,otc,3.65,3.83,3.54,3.57,363000.0,1325070.0
20260203,7017,威剛凱基57購02,otc,11.0,11.0,11.0,11.0,1000.0,11000.0
20260203,7018,信驊元大55購03,otc,17.6,17.6,17.6,17.6,5000.0,88000.0
20260203,7019,智通*群益55購01,otc,0.25,0.25,0.25,0.25,10000.0,2500.0
20260203,7020,千附精國票57購01,otc,3.85,4.01,3.85,4.01,13000.0,51660.0
20260203,7021,立碁凱基58購01,otc,0.29,0.29,0.17,0.17,41000.0,7090.0
20260203,7022,華電網元大56購01,otc,0.32,0.32,0.32,0.32,6000.0,1920.0
20260203,7023,新普國票57購01,otc,0.45,0.45,0.45,0.45,41000.0,18450.0
20260203,7024,高技元大59購01,otc,1.16,1.25,0.86,0.96,1015000.0,1066500.0
20260203,7025,IET元大56購02,otc,10.2,10.2,9.65,9.65,18000.0,175350.0
20260203,7026,世禾群益56購02,otc,0.04,0.04,0.04,0.04,20000.0,800.0
20260203,7027,新應材凱基56購06,otc,2.9,2.9,2.82,2.82,30000.0,86200.0
20260203,7028,茂迪永豐58購01,otc,1.87,1.87,1.87,1.87,90000.0,168300.0
20260203,7029,順達永豐57購01,otc,1.9,2.04,1.5,1.5,53000.0,98300.0
20260203,7030,宜鼎永豐56購02,otc,110.0,110.0,109.0,109.0,5000.0,549000.0
20260203,7031,雙鴻國泰57購03,otc,0.94,0.94,0.94,0.94,1000.0,940.0
20260203,7032,台星科元大57購01,otc,1.88,1.88,1.88,1.88,70000.0,131600.0
20260203,7033,順達元富61購01,otc,1.85,2.06,1.63,1.63,149000.0,283650.0
20260203,7034,台星科群益59購01,otc,2.7,2.83,2.58,2.65,185000.0,497140.0
20260203,7035,世禾國票59購01,otc,0.92,0.92,0.75,0.75,108000.0,89220.0
20260203,7036,宜鼎群益58購01,otc,17.9,18.5,17.9,18.5,3000.0,54300.0
20260203,7037,聖暉*群益57購03,otc,2.13,2.35,2.13,2.35,36000.0,77780.0
20260203,7038,矽科元富57購01,otc,1.41,1.41,1.41,1.41,10000.0,14100.0
20260203,7039,鈊象凱基57購02,otc,0.82,0.82,0.82,0.82,2000.0,1640.0
20260203,7040,信昌電統一64購01,otc,2.38,2.38,2.36,2.36,52000.0,122920.0
20260203,7041,璟德永豐57購01,otc,0.34,0.42,0.22,0.24,1061000.0,324440.0
20260203,7042,聖暉*統一67購01,otc,0.99,1.03,0.94,0.96,1165000.0,1141110.0
20260203,7043,廣運元大57購03,otc,0.61,0.61,0.53,0.53,204000.0,124120.0
20260203,7044,精材元大61購03,otc,2.55,2.55,2.55,2.55,36000.0,91800.0
20260203,7045,均華元大57購03,otc,4.69,5.0,3.95,3.95,42000.0,186350.0
20260203,7046,中美晶元大58購01,otc,0.98,0.98,0.76,0.76,304000.0,248120.0
20260203,7047,世界元大58購05,otc,1.16,1.16,1.06,1.06,101000.0,107160.0
20260203,7048,長科*統一61購01,otc,0.39,0.42,0.39,0.42,100000.0,40500.0
20260203,7049,雙鴻元大61購02,otc,0.53,0.53,0.53,0.53,10000.0,5300.0
20260203,7050,雙鴻統一62購03,otc,0.45,0.45,0.41,0.41,245000.0,108970.0
20260203,7051,凡甲國票59購01,otc,3.78,3.78,3.48,3.48,158000.0,592990.0
20260203,7052,富喬凱基58購04,otc,1.53,1.53,1.38,1.38,35000.0,49800.0
20260203,7053,穩懋統一62購01,otc,1.71,1.71,1.54,1.54,51000.0,83280.0
20260203,7054,光頡永豐5A購01,otc,1.42,1.43,1.15,1.17,173000.0,213670.0
20260203,7055,雙鴻元大61購07,otc,0.51,0.51,0.47,0.47,4003000.0,1957080.0
20260203,7056,聚和凱基5A購01,otc,1.66,1.67,1.47,1.47,219000.0,340970.0
20260203,7057,廣運元富59購02,otc,1.11,1.11,1.11,1.11,40000.0,44400.0
20260203,7058,旺矽凱基5B購01,otc,10.8,13.0,10.8,13.0,5000.0,60500.0
20260203,7059,旺矽群益5B購02,otc,11.5,11.5,11.5,11.5,1000.0,11500.0
20260203,7060,旺矽富邦5B購02,otc,2.66,2.66,2.66,2.66,40000.0,106400.0
20260203,7061,雙鴻元大59購15,otc,0.46,0.48,0.44,0.44,764000.0,344020.0
20260203,7062,M31元大59購02,otc,3.2,3.4,2.76,2.76,112000.0,316300.0
20260203,7063,原相國票59購01,otc,1.81,1.81,1.58,1.58,122000.0,205570.0
20260203,7064,頎邦群益59購01,otc,19.1,19.1,19.1,19.1,1000.0,19100.0
20260203,7065,弘塑凱基59購07,otc,2.33,2.43,2.11,2.19,51000.0,115870.0
20260203,7066,穩得永豐61購01,otc,1.18,1.18,1.18,1.18,28000.0,33040.0
20260203,7067,立碁統一63購01,otc,0.63,0.63,0.6,0.6,15000.0,9300.0
20260203,7068,宜特凱基59購06,otc,2.73,3.17,2.73,2.84,154000.0,445140.0
20260203,7069,均豪群益62購01,otc,1.37,1.44,1.36,1.43,106000.0,147420.0
20260203,7070,倚強群益5A購01,otc,1.71,2.15,1.71,2.15,325000.0,628590.0
20260203,7071,華景電統一68購01,otc,0.9,0.9,0.84,0.84,20000.0,17400.0
20260203,7072,台燿元大61購06,otc,2.01,2.08,1.7,1.7,454000.0,875870.0
20260203,7073,勤凱元大5A購03,otc,2.01,2.01,1.68,1.74,113000.0,202680.0
20260203,7074,矽科元大61購01,otc,0.45,0.45,0.42,0.42,2506000.0,1105300.0
20260203,7075,蜜望實統一74購02,otc,0.89,0.94,0.89,0.94,116000.0,103590.0
20260203,7076,意德士統一65購01,otc,0.7,0.7,0.7,0.7,5000.0,3500.0
20260203,7077,家登凱基5A購01,otc,4.04,4.13,4.04,4.04,33000.0,134310.0
20260203,7078,宏捷科富邦61購02,otc,0.65,0.7,0.57,0.58,949000.0,594050.0
20260203,7079,聖暉*永豐5C購02,otc,0.78,0.85,0.77,0.77,982000.0,812150.0
20260203,7080,台星科國票5C購01,otc,1.36,1.39,1.3,1.31,88000.0,119850.0
20260203,7081,精材元大61購06,otc,2.5,2.5,2.37,2.37,366000.0,896580.0
20260203,7082,台星科永豐61購01,otc,1.01,1.04,0.98,1.04,28000.0,28070.0
20260203,7083,優群台新5B購01,otc,1.2,1.22,1.15,1.15,375000.0,448080.0
20260203,7084,環球晶元大64購01,otc,0.76,0.76,0.76,0.76,25000.0,19000.0
20260203,7085,群聯元大5B購12,otc,1.39,1.48,1.37,1.37,279000.0,406560.0
20260203,7086,新盛力富邦62購01,otc,1.06,1.07,0.92,0.92,51000.0,52110.0
20260203,7201,正淩統一56購02,otc,0.33,0.36,0.33,0.36,206000.0,71770.0
20260203,7224,雷科統一57購01,otc,0.25,0.25,0.19,0.19,33000.0,6870.0
20260203,7225,晟德統一58購01,otc,0.09,0.09,0.09,0.09,5000.0,450.0
20260203,7227,雙鴻統一58購01,otc,0.4,0.4,0.38,0.38,200000.0,77000.0
20260203,7228,宏捷科統一58購01,otc,0.42,0.43,0.34,0.34,377000.0,142830.0
20260203,7232,神盾統一58購01,otc,0.1,0.1,0.1,0.1,499000.0,49900.0
20260203,7234,良維群益59售01,otc,0.16,0.17,0.16,0.17,313000.0,53150.0
20260203,7235,翔名統一58購02,otc,0.47,0.53,0.46,0.53,78000.0,38300.0
20260203,7236,雷科元富58購01,otc,0.52,0.64,0.52,0.64,47000.0,26300.0
20260203,7237,IET群益56售01,otc,0.01,0.01,0.01,0.01,10000.0,100.0
20260203,7238,中光電國票57售03,otc,1.1,1.22,1.1,1.22,13000.0,15060.0
20260203,7239,雍智群益56售01,otc,0.01,0.01,0.01,0.01,1000.0,10.0
20260203,7240,湧德統一59購01,otc,0.39,0.39,0.37,0.37,51000.0,19870.0
20260203,7241,能率統一59購01,otc,0.43,0.43,0.41,0.41,160000.0,65680.0
20260203,7243,聰泰統一59購01,otc,0.2,0.22,0.13,0.22,201000.0,26290.0
20260203,7244,正基統一59購02,otc,0.33,0.33,0.31,0.31,10000.0,3140.0
20260203,7248,信驊群益5B售01,otc,0.05,0.06,0.05,0.06,512000.0,27810.0
20260203,7249,訊聯國票56售02,otc,0.95,0.95,0.95,0.95,10000.0,9500.0
20260203,7250,雙鴻國票56售01,otc,0.36,0.36,0.36,0.36,1000.0,360.0
20260203,7252,系統電國票56售01,otc,0.07,0.07,0.07,0.07,519000.0,36330.0
20260203,7253,信驊國票58售01,otc,0.01,0.02,0.01,0.02,323000.0,3280.0
20260203,7254,昇達科凱基55售03,otc,0.05,0.05,0.05,0.05,1000.0,50.0
20260203,7255,廣明國票56售02,otc,0.7,0.7,0.7,0.7,10000.0,7000.0
20260203,7257,新復興統一5A購01,otc,0.46,0.46,0.46,0.46,5000.0,2300.0
20260203,7258,鈊象元富5A購01,otc,0.1,0.1,0.1,0.1,10000.0,1000.0
20260203,7259,昇達科群益58售02,otc,0.58,0.58,0.07,0.07,12000.0,1650.0
20260203,7260,富喬國票57售02,otc,0.31,0.39,0.31,0.38,703000.0,266270.0
20260203,7261,譜瑞凱基56售01,otc,0.13,0.13,0.13,0.13,50000.0,6500.0
20260203,7262,櫃200群益5B售02,otc,0.29,0.31,0.29,0.31,70000.0,21300.0
20260203,7263,譜瑞群益5C售01,otc,0.72,0.72,0.72,0.72,10000.0,7200.0
20260203,7264,雙鴻凱基56售06,otc,1.01,1.01,1.01,1.01,29000.0,29290.0
20260203,7265,家登群益56售04,otc,3.0,3.0,3.0,3.0,1000.0,3000.0
20260203,7266,威剛國票58售03,otc,0.08,0.08,0.08,0.08,2000.0,160.0
20260203,7267,弘塑群益57售06,otc,0.08,0.08,0.08,0.08,215000.0,17200.0
20260203,7268,信驊元大57售03,otc,0.03,0.03,0.02,0.03,411000.0,12220.0
20260203,7269,穩懋凱基59售04,otc,0.14,0.15,0.14,0.15,55000.0,7850.0
20260203,7270,高鋒統一5A購01,otc,0.18,0.19,0.18,0.19,8000.0,1450.0
20260203,7271,信驊凱基59售01,otc,0.11,0.11,0.11,0.11,198000.0,21780.0
20260203,7272,精材國票59售01,otc,0.08,0.08,0.08,0.08,1000.0,80.0
20260203,7273,世界國票59售03,otc,0.08,0.09,0.08,0.09,320000.0,28700.0
20260203,7274,精測群益62售04,otc,1.02,1.02,1.02,1.02,5000.0,5100.0
20260203,7275,新應材群益58售04,otc,0.94,0.94,0.93,0.93,134000.0,125340.0
20260203,7276,穩懋元富58售03,otc,0.31,0.35,0.3,0.34,161000.0,52600.0
20260203,7277,穩懋元大59售08,otc,0.85,0.96,0.84,0.93,2128000.0,1954760.0
20260203,7278,神盾群益59售01,otc,0.31,0.33,0.31,0.33,180000.0,56400.0
20260203,7279,台特化國票5A售02,otc,0.92,1.0,0.9,1.0,120000.0,116100.0
20260203,7280,萬泰科國票5A售02,otc,0.16,0.16,0.15,0.15,53000.0,8280.0
20260203,7281,信驊永豐5C售01,otc,0.29,0.3,0.29,0.3,75000.0,21760.0
20260203,7282,宏捷科群益5C售01,otc,0.79,0.79,0.79,0.79,110000.0,86900.0
20260203,7283,台燿中信59售08,otc,0.05,0.05,0.05,0.05,100000.0,5000.0
20260203,7284,印能凱基5A售04,otc,0.07,0.07,0.07,0.07,45000.0,3150.0
20260203,7285,雙鴻元大5A售06,otc,1.0,1.08,0.98,1.07,755000.0,762330.0
20260203,7286,富喬群益5C售01,otc,1.32,1.36,1.32,1.36,11000.0,14920.0
20260203,7287,世界凱基5B售02,otc,0.97,1.02,0.94,1.0,175000.0,173350.0
20260203,7288,精材群益5B售05,otc,0.88,0.88,0.73,0.78,314000.0,230670.0
20260203,7289,驊訊統一61購01,otc,0.28,0.34,0.24,0.25,421000.0,118040.0
20260203,7291,華星光統一61購02,otc,3.38,3.4,2.6,2.6,52000.0,175190.0
20260203,7293,神盾統一57購02,otc,0.06,0.06,0.06,0.06,100000.0,6000.0
20260203,7295,聖暉*統一58購01,otc,2.0,2.07,2.0,2.07,56000.0,113050.0
20260203,7296,華星光統一56購01,otc,2.89,2.89,2.38,2.38,9000.0,24210.0
20260203,7297,金益鼎統一58購01,otc,0.97,1.05,0.97,1.04,60000.0,60900.0
20260203,7298,廣積統一59購01,otc,0.1,0.1,0.1,0.1,30000.0,3000.0
20260203,7299,新漢統一58購01,otc,0.15,0.15,0.14,0.14,22000.0,3200.0
20260203,7300,金益鼎統一56購01,otc,0.84,1.02,0.84,1.02,101000.0,85020.0
20260203,7301,鑫科統一58購01,otc,0.29,0.29,0.29,0.29,90000.0,26100.0
20260203,7302,群聯統一58購01,otc,13.2,13.2,12.8,12.8,3000.0,38800.0
20260203,7303,M31統一58購01,otc,0.15,0.15,0.12,0.12,12000.0,1590.0
20260203,7304,昇達科統一5C購01,otc,4.7,4.7,4.63,4.63,39000.0,181830.0
20260203,7306,萬潤統一58購02,otc,2.96,2.96,2.96,2.96,399000.0,1181040.0
20260203,7307,原相統一5B購01,otc,0.14,0.14,0.14,0.14,150000.0,21000.0
20260203,7311,兆利統一59購01,otc,0.11,0.11,0.1,0.1,4000.0,420.0
20260203,7314,英濟統一5B購01,otc,0.29,0.44,0.28,0.44,151000.0,61620.0
20260203,7315,群聯統一5B購01,otc,9.25,9.25,8.3,8.3,44000.0,376050.0
20260203,7316,茂綸統一59購01,otc,0.43,0.53,0.43,0.53,671000.0,303950.0
20260203,7318,鈊象統一59購01,otc,0.18,0.18,0.18,0.18,2000.0,360.0
20260203,7319,茂綸統一59購02,otc,0.25,0.25,0.25,0.25,539000.0,134750.0
20260203,7320,博智統一59購01,otc,2.36,2.36,2.36,2.36,20000.0,47200.0
20260203,7322,萬泰科統一59購01,otc,1.34,1.34,1.34,1.34,3000.0,4020.0
20260203,7323,M31統一63購02,otc,0.54,0.54,0.49,0.49,276000.0,142490.0
20260203,7324,神盾統一56購03,otc,0.31,0.31,0.31,0.31,10000.0,3100.0
20260203,7325,晟德統一5A購01,otc,0.54,0.54,0.51,0.51,323000.0,170340.0
20260203,7331,振曜群益59購01,otc,0.24,0.24,0.19,0.19,257000.0,53030.0
20260203,7332,宇峻統一5B購01,otc,0.15,0.19,0.15,0.19,71000.0,11770.0
20260203,7333,大宇資統一5B購01,otc,0.13,0.13,0.13,0.13,25000.0,3250.0
20260203,7334,營邦統一5B購01,otc,1.95,1.95,1.93,1.93,115000.0,222650.0
20260203,7335,旺矽統一55購02,otc,16.0,16.0,16.0,16.0,3000.0,48000.0
20260203,7336,高端統一5B購01,otc,0.6,0.61,0.58,0.58,198000.0,119740.0
20260203,7337,漢磊統一55購01,otc,3.02,3.02,3.02,3.02,30000.0,90600.0
20260203,7338,神盾統一55購02,otc,0.33,0.33,0.3,0.3,16000.0,5200.0
20260203,7339,兆利兆豐56購01,otc,0.02,0.05,0.02,0.05,40000.0,1550.0
20260203,7340,波若威統一56購02,otc,10.6,10.6,10.4,10.4,6000.0,63000.0
20260203,7341,環球晶統一56購01,otc,5.1,5.1,5.1,5.1,1000.0,5100.0
20260203,7342,鈦昇統一59購01,otc,4.6,4.8,3.68,4.16,398000.0,1581040.0
20260203,7343,鈦昇兆豐56購01,otc,10.2,11.0,10.2,11.0,14000.0,149100.0
20260203,7344,精材統一56購01,otc,2.81,2.81,2.77,2.78,7000.0,19560.0
20260203,7345,鑫科統一56購03,otc,0.19,0.21,0.16,0.16,1210000.0,229600.0
20260203,7346,新漢統一56購01,otc,0.01,0.01,0.01,0.01,100000.0,1000.0
20260203,7347,鴻呈統一56購02,otc,0.34,0.34,0.34,0.34,100000.0,34000.0
20260203,7348,M31統一56購01,otc,0.3,0.3,0.21,0.23,820000.0,183740.0
20260203,7349,新應材統一62購01,otc,0.78,0.79,0.67,0.67,1366000.0,953290.0
20260203,7350,均豪統一56購03,otc,0.5,0.58,0.5,0.58,711000.0,390440.0
20260203,7351,鴻呈統一56購03,otc,0.16,0.16,0.16,0.16,40000.0,6400.0
20260203,7352,雙鴻元大55購01,otc,3.12,3.21,2.69,2.86,63000.0,183270.0
20260203,7353,M31統一56購02,otc,0.23,0.23,0.23,0.23,100000.0,23000.0
20260203,7354,大國鋼元富57購01,otc,0.45,0.53,0.44,0.47,385000.0,195070.0
20260203,7355,新應材元富57購01,otc,3.38,3.38,3.13,3.14,14000.0,44420.0
20260203,7356,精材統一57購01,otc,1.53,1.53,1.48,1.48,2000.0,3010.0
20260203,7357,高鋒統一57購01,otc,0.14,0.14,0.14,0.14,3000.0,420.0
20260203,7358,智通*統一56購03,otc,0.95,0.95,0.91,0.91,111000.0,104610.0
20260203,7359,宇峻元大57購01,otc,0.18,0.18,0.1,0.12,142000.0,15640.0
20260203,7360,閎康統一57購02,otc,2.16,2.16,2.15,2.15,20000.0,43100.0
20260203,7361,順達統一57購02,otc,0.85,0.85,0.6,0.6,28000.0,22460.0
20260203,7362,華景電統一57購02,otc,0.99,0.99,0.8,0.8,23000.0,19340.0
20260203,7363,閎康統一5B購01,otc,1.45,1.56,1.45,1.45,80000.0,119300.0
20260203,7364,廣運統一61購01,otc,0.19,0.19,0.19,0.19,40000.0,7600.0
20260203,7365,漢磊統一58購01,otc,2.96,2.96,2.5,2.59,98000.0,268730.0
20260203,7366,元債20凱基67購01,otc,2.48,2.48,2.48,2.48,160000.0,396800.0
20260203,7367,華星光兆豐57購01,otc,11.8,11.8,11.8,11.8,2000.0,23600.0
20260203,7368,華星光群益56購01,otc,20.2,20.2,20.2,20.2,10000.0,202000.0
20260203,7369,華景電統一59購01,otc,1.4,1.4,1.4,1.4,10000.0,14000.0
20260203,7370,茂訊國票58購01,otc,0.13,0.13,0.13,0.13,5000.0,650.0
20260203,7371,智通*國票5B購01,otc,2.53,2.53,2.37,2.45,143000.0,346790.0
20260203,7372,元債20元大58購01,otc,0.22,0.22,0.22,0.22,100000.0,22000.0
20260203,7373,雙鴻統一58購03,otc,1.21,1.21,1.21,1.21,100000.0,121000.0
20260203,7374,譜瑞元大57購01,otc,0.96,0.97,0.95,0.95,25000.0,23920.0
20260203,7376,系統電永豐56購01,otc,0.68,0.68,0.68,0.68,6000.0,4080.0
20260203,7377,鈦昇國票58購01,otc,14.9,14.9,14.9,14.9,1000.0,14900.0
20260203,7378,漢磊國票5B購01,otc,7.0,8.7,6.1,7.0,51000.0,357850.0
20260203,7379,能率凱基56購01,otc,0.2,0.2,0.2,0.2,10000.0,2000.0
20260203,7380,譜瑞凱基57購01,otc,1.32,1.39,0.94,1.39,146000.0,188290.0
20260203,7381,譜瑞統一58購01,otc,0.17,0.17,0.17,0.17,1000.0,170.0
20260203,7382,譜瑞統一56購02,otc,0.15,0.15,0.14,0.14,250000.0,36000.0
20260203,7383,新應材元大57購01,otc,1.11,1.2,0.84,0.84,333000.0,301830.0
20260203,7384,倚強國票57購01,otc,0.05,0.27,0.05,0.08,1309000.0,71430.0
20260203,7385,譜瑞元大59購02,otc,1.38,1.42,0.91,1.41,444000.0,517560.0
20260203,7386,元太元大57購01,otc,0.03,0.04,0.03,0.04,466000.0,14350.0
20260203,7387,優群統一58購01,otc,0.32,0.32,0.31,0.31,140000.0,44500.0
20260203,7388,國債20群益58購01,otc,0.26,0.26,0.26,0.26,43000.0,11180.0
20260203,7389,精測統一65購01,otc,2.52,2.52,2.16,2.16,33000.0,81180.0
20260203,7390,旺矽國票5A購01,otc,26.5,26.5,26.5,26.5,1000.0,26500.0
20260203,7391,譜瑞永豐56購02,otc,0.35,0.35,0.35,0.35,18000.0,6300.0
20260203,7392,群聯元大57購01,otc,22.4,23.4,21.1,21.1,51000.0,1117400.0
20260203,7393,德微凱基57購01,otc,2.39,2.39,2.39,2.39,30000.0,71700.0
20260203,7394,中美晶群益57購01,otc,1.27,1.27,0.82,0.82,50000.0,49800.0
20260203,7395,中美晶國票59購02,otc,1.18,1.18,0.93,0.93,13000.0,14410.0
20260203,7396,威剛群益55購04,otc,28.5,28.5,28.5,28.5,7000.0,199500.0
20260203,7397,雙鴻兆豐55購01,otc,0.13,0.13,0.13,0.13,3000.0,390.0
20260203,7398,振曜富邦56購01,otc,0.2,0.2,0.2,0.2,78000.0,15600.0
20260203,7399,均豪元大56購02,otc,0.45,0.45,0.37,0.4,221000.0,87120.0
20260203,7402,邑錡,otc,102.0,104.0,100.5,101.0,495925.0,50643903.0
20260203,7547,碩網,otc,69.7,71.3,69.2,71.0,67406.0,4722749.0
20260203,7556,意德士,otc,277.5,300.0,275.0,285.0,843728.0,244280451.0
20260203,7584,樂意,otc,27.9,28.55,27.45,28.4,16230.0,452605.0
20260203,7642,昶瑞機電,otc,68.2,71.0,68.2,71.0,24661.0,1721238.0
20260203,7703,銳澤,otc,215.5,224.0,211.0,212.0,241150.0,52330633.0
20260203,7704,明遠精密,otc,75.4,75.6,68.0,69.8,1330794.0,96101925.0
20260203,7708,全家餐飲,otc,93.8,94.2,93.8,93.9,11377.0,1068595.0
20260203,7709,榮田,otc,78.0,79.0,76.1,76.2,260852.0,20148096.0
20260203,7712,博盛半導體,otc,170.5,173.0,151.5,151.5,3499207.0,560365826.0
20260203,7713,威力德生醫,otc,67.4,68.2,67.4,68.1,13000.0,881200.0
20260203,7714,創泓科技,otc,126.5,128.5,125.0,125.5,91115.0,11529454.0
20260203,7715,裕山,otc,29.25,29.25,28.85,28.85,45740.0,1327502.0
20260203,7716,昱臺國際,otc,24.2,24.4,24.2,24.4,41269.0,1005088.0
20260203,7717,萊德光電-KY,otc,635.0,638.0,601.0,606.0,414423.0,254132555.0
20260203,7718,友鋮,otc,49.0,49.0,48.3,48.3,7166.0,348632.0
20260203,7723,築間,otc,26.35,26.35,24.75,24.75,285131.0,7234353.0
20260203,7728,光焱科技,otc,751.0,751.0,707.0,709.0,154627.0,112113888.0
20260203,7734,印能科技,otc,3960.0,4080.0,3710.0,3750.0,767189.0,3012143235.0
20260203,7738,東聯互動,otc,170.0,170.0,160.0,166.5,230074.0,38221485.0
20260203,7743,金利食安,otc,19.35,19.45,19.35,19.4,15112.0,293238.0
20260203,7744,崴寶,otc,592.0,592.0,548.0,548.0,457678.0,253833893.0
20260203,7751,竑騰,otc,1600.0,1625.0,1395.0,1625.0,534765.0,796261630.0
20260203,7753,星亞,otc,41.8,42.0,41.55,41.7,36439.0,1518593.0
20260203,7757,金色三麥,otc,103.5,104.0,103.5,103.5,24262.0,2512773.0
20260203,7767,仁大資訊,otc,44.45,44.45,43.7,43.7,16000.0,700550.0
20260203,7770,君曜,otc,45.4,45.4,44.1,45.4,12448.0,560986.0
20260203,7772,耀穎,otc,167.0,172.5,153.0,155.0,686702.0,108084797.0
20260203,7777,能率亞洲,otc,36.2,37.1,34.4,35.8,16806444.0,598598132.0
20260203,7782,光速火箭,otc,26.3,26.8,26.25,26.8,36602.0,965262.0
20260203,7792,安葆,otc,306.5,306.5,289.5,293.0,281074.0,83203599.0
20260203,7794,宏碁智新,otc,30.05,30.2,29.6,29.6,45018.0,1347391.0
20260203,7805,威聯通,otc,733.0,733.0,702.0,709.0,149760.0,106520915.0
20260203,7810,捷創科技,otc,235.0,250.0,234.5,240.5,381042.0,92815989.0
20260203,7811,民盛,otc,78.9,82.0,78.6,80.9,77230.0,6253196.0
20260203,7820,立盈,otc,138.0,143.5,133.5,134.0,126395.0,17248402.0
20260203,7828,創新服務,otc,1300.0,1305.0,1180.0,1195.0,303857.0,374702490.0
20260203,7842,天能綠電,otc,110.5,112.0,110.0,110.0,133570.0,14774541.0
20260203,8024,佑華,otc,12.1,12.35,12.0,12.2,162983.0,1983176.0
20260203,8027,鈦昇,otc,268.0,278.5,242.5,247.0,5912446.0,1539354342.0
20260203,8032,光菱,otc,42.05,42.5,41.0,41.5,117035.0,4885089.0
20260203,8034,榮群,otc,24.0,24.2,23.75,23.8,454159.0,10868725.0
20260203,8038,長園科,otc,41.7,42.9,40.65,40.65,375910.0,15722720.0
20260203,8040,九暘,otc,87.9,89.2,83.0,84.5,2447345.0,211119718.0
20260203,8042,金山電,otc,107.5,107.5,98.1,98.1,1904302.0,191855516.0
20260203,8043,蜜望實,otc,113.0,113.0,108.5,113.0,9804252.0,1103246476.0
20260203,8044,網家,otc,23.95,25.55,23.5,25.55,3549304.0,89825634.0
20260203,8047,星雲,otc,53.9,53.9,51.2,51.2,128578.0,6679771.0
20260203,8048,德勝,otc,62.1,65.2,61.6,61.8,537025.0,33932448.0
20260203,8049,晶采,otc,26.3,26.9,25.8,25.8,378937.0,9917389.0
20260203,8050,廣積,otc,49.55,49.55,46.85,47.0,1644102.0,79109900.0
20260203,8054,安國,otc,102.5,108.5,101.0,102.5,3234820.0,338864998.0
20260203,8059,凱碩,otc,19.55,19.95,18.55,18.65,540043.0,10233300.0
20260203,8064,東捷,otc,118.5,127.0,117.5,120.0,6214844.0,760278943.0
20260203,8066,來思達,otc,16.35,16.4,16.0,16.05,90284.0,1461564.0
20260203,8067,志旭,otc,12.9,12.9,12.35,12.65,7610.0,96715.0
20260203,8068,全達,otc,21.4,22.5,21.0,21.0,511995.0,11125240.0
20260203,8069,元太,otc,226.0,226.0,208.0,210.0,9356738.0,2005466604.0
20260203,8071,能率網通,otc,18.15,19.25,18.0,19.0,3466619.0,64691919.0
20260203,8074,鉅橡,otc,80.0,80.1,73.8,75.6,4415194.0,334891726.0
20260203,8076,伍豐,otc,25.05,25.2,23.9,23.9,2072714.0,50561057.0
20260203,8080,泰霖,otc,28.0,28.0,27.3,27.4,142044.0,3930291.0
20260203,8083,瑞穎,otc,174.0,174.0,171.0,171.5,50295.0,8644583.0
20260203,8084,巨虹,otc,44.45,44.95,42.3,43.3,60937.0,2631860.0
20260203,8085,福華,otc,11.8,12.0,11.2,11.45,730149.0,8388843.0
20260203,8086,宏捷科,otc,155.5,160.0,148.5,150.0,7733493.0,1185160856.0
20260203,8087,麗升能源,otc,34.3,35.5,34.1,34.1,99641.0,3481326.0
20260203,8088,品安,otc,56.3,56.3,53.8,54.0,2967614.0,162752637.0
20260203,8089,康全電訊,otc,20.5,20.8,20.0,20.0,154827.0,3146651.0
20260203,8091,翔名,otc,215.5,237.0,212.5,237.0,2902556.0,675257714.0
20260203,8092,建暐,otc,16.0,16.15,15.35,15.8,91010.0,1431162.0
20260203,8093,保銳,otc,18.6,18.95,18.05,18.05,39437.0,723556.0
20260203,8096,擎亞,otc,97.8,98.1,93.2,95.9,11234542.0,1072889900.0
20260203,8097,常珵,otc,52.7,54.6,52.7,53.7,211793.0,11392170.0
20260203,8099,大世科,otc,59.4,61.9,57.6,59.5,203112.0,12030672.0
20260203,8102,傑霖科技,otc,63.4,63.4,62.0,62.0,30120.0,1882640.0
20260203,8107,大億金茂,otc,11.65,11.65,11.45,11.5,63254.0,730093.0
20260203,8109,博大,otc,113.0,114.5,112.5,113.0,136298.0,15451066.0
20260203,8111,立碁,otc,65.1,65.7,62.4,62.4,2184562.0,138708493.0
20260203,8121,越峰,otc,36.0,37.0,33.6,34.0,3289040.0,115448828.0
20260203,8147,正淩,otc,185.0,197.5,184.0,189.0,3746930.0,713115009.0
20260203,8155,博智,otc,423.0,424.0,393.0,399.0,2666385.0,1081675771.0
20260203,8171,天宇,otc,23.6,23.9,22.9,22.9,171539.0,3996080.0
20260203,8176,智捷,otc,10.5,10.65,10.1,10.15,274233.0,2801542.0
20260203,8182,加高,otc,35.1,36.15,34.0,34.05,796764.0,27842158.0
20260203,8183,精星,otc,30.8,31.25,29.95,30.1,466303.0,14205558.0
20260203,8227,巨有科技,otc,212.0,215.0,207.0,208.0,994454.0,210073026.0
20260203,8234,新漢,otc,68.1,73.3,68.1,70.8,3515085.0,250943520.0
20260203,8240,華宏,otc,65.6,66.3,62.2,62.6,1664280.0,105348374.0
20260203,8255,朋程,otc,146.0,149.5,138.0,141.0,1515924.0,218398634.0
20260203,8272,全景軟體,otc,76.0,76.0,72.5,74.9,7870.0,580091.0
20260203,8277,商丞,otc,6.53,6.73,6.52,6.58,160805.0,1056985.0
20260203,8279,生展,otc,98.6,98.6,97.0,97.0,11300.0,1100560.0
20260203,8284,三竹,otc,63.6,63.8,63.5,63.8,24543.0,1564540.0
20260203,8289,泰藝,otc,54.6,56.2,53.1,54.0,3413868.0,186184178.0
20260203,8291,尚茂,otc,56.8,56.8,56.8,56.8,157983.0,8973423.0
20260203,8299,群聯,otc,2850.0,2850.0,2650.0,2650.0,13037341.0,35862892335.0
20260203,8342,益張,otc,91.0,91.1,89.8,89.8,4004.0,363354.0
20260203,8349,恒耀甲特,otc,47.5,47.5,47.4,47.4,5029.0,238674.0
20260203,8354,冠好,otc,17.2,18.05,17.05,17.3,162862.0,2857720.0
20260203,8358,金居,otc,417.0,417.0,388.0,389.5,3179658.0,1291144042.0
20260203,8383,千附,otc,55.0,56.0,54.3,54.5,1024213.0,56514166.0
20260203,8390,金益鼎,otc,112.5,122.0,111.5,119.5,3467324.0,411120215.0
20260203,8401,白紗科,otc,24.4,24.4,23.85,23.95,66929.0,1603211.0
20260203,8403,盛弘,otc,20.0,20.0,19.65,19.7,587405.0,11626881.0
20260203,8409,商之器,otc,19.2,19.2,19.0,19.15,13629.0,260112.0
20260203,8410,森田,otc,35.75,35.8,35.1,35.5,71378.0,2527967.0
20260203,8415,大國鋼,otc,35.15,35.95,34.85,35.35,1931063.0,68371134.0
20260203,8416,實威,otc,173.5,174.0,173.5,173.5,7043.0,1222359.0
20260203,8421,旭源,otc,13.75,13.75,13.45,13.55,37655.0,510788.0
20260203,8423,保綠-KY,otc,17.8,18.0,17.75,17.75,36728.0,654766.0
20260203,8424,惠普,otc,73.4,73.4,73.2,73.2,4680.0,342841.0
20260203,8426,紅木-KY,otc,21.2,21.6,21.1,21.3,67172.0,1428373.0
20260203,8431,匯鑽科,otc,58.2,61.5,58.0,58.5,928803.0,55301320.0
20260203,8432,東生華,otc,49.15,49.55,49.15,49.25,10341.0,509590.0
20260203,8433,弘帆,otc,53.1,53.1,52.2,52.2,43149.0,2268680.0
20260203,8435,鉅邁,otc,55.8,56.2,55.8,55.9,7822.0,437220.0
20260203,8436,大江,otc,119.5,120.5,118.0,118.0,436284.0,52045755.0
20260203,8437,大地-KY,otc,11.25,11.25,11.0,11.2,73814.0,819631.0
20260203,8440,綠電,otc,25.2,25.35,23.0,23.05,1818049.0,43667665.0
20260203,8444,綠河-KY,otc,8.1,9.64,8.1,9.02,49104.0,453894.0
20260203,8446,華研,otc,83.7,84.6,83.7,84.0,158485.0,13336459.0
20260203,8450,霹靂,otc,16.2,16.2,15.6,15.8,14932.0,235647.0
20260203,8455,大拓-KY,otc,32.85,32.85,32.85,32.85,49839.0,1637206.0
20260203,8472,夠麻吉,otc,70.0,71.9,70.0,71.9,16091.0,1145706.0
20260203,8477,創業家,otc,17.0,17.0,15.55,16.5,181779.0,2906219.0
20260203,8489,三貝德,otc,24.15,24.65,24.15,24.4,20772.0,507232.0
20260203,8905,裕國,otc,29.35,29.9,29.35,29.7,11432.0,337745.0
20260203,8906,花王,otc,24.3,24.45,23.5,23.95,48092.0,1147270.0
20260203,8908,欣雄,otc,40.4,40.4,39.7,40.25,186305.0,7461789.0
20260203,8916,光隆,otc,46.9,46.9,46.25,46.6,63921.0,2975855.0
20260203,8917,欣泰,otc,53.4,53.4,53.2,53.2,4822.0,256886.0
20260203,8921,沈氏,otc,17.8,17.8,17.8,17.8,2359.0,41987.0
20260203,8923,時報,otc,19.3,19.3,19.3,19.3,10004.0,193074.0
20260203,8924,大田,otc,64.7,64.7,64.1,64.2,92557.0,5950420.0
20260203,8927,北基,otc,19.4,19.4,18.55,18.65,1133854.0,21302746.0
20260203,8928,鉅明,otc,21.55,22.5,21.5,21.85,165148.0,3626806.0
20260203,8929,富堡,otc,14.35,14.4,14.3,14.3,17664.0,253620.0
20260203,8930,青鋼,otc,29.0,29.0,28.6,28.6,81020.0,2326956.0
20260203,8931,大汽電,otc,42.45,42.7,42.1,42.1,96772.0,4093744.0
20260203,8932,智通*,otc,102.0,103.5,98.2,98.4,4385311.0,437492461.0
20260203,8933,愛地雅,otc,5.57,5.68,5.5,5.54,446772.0,2482320.0
20260203,8935,邦泰,otc,19.15,20.95,19.15,19.8,2365186.0,47664846.0
20260203,8936,國統,otc,50.0,50.2,49.5,49.95,2636722.0,131483806.0
20260203,8937,合騏*,otc,32.1,33.0,31.0,31.45,451160.0,14174966.0
20260203,8938,明安,otc,55.0,55.5,54.7,54.8,314496.0,17337527.0
20260203,8941,關中,otc,44.3,44.75,44.3,44.75,2756.0,121834.0
20260203,8942,森鉅,otc,42.5,43.4,41.8,42.5,587194.0,24903737.0
20260203,9949,琉園,otc,23.55,23.8,23.55,23.7,15614.0,371218.0
20260203,9950,萬國通,otc,11.6,11.6,11.6,11.6,342594.0,3974084.0
20260203,9951,皇田,otc,53.5,53.5,52.5,52.5,132390.0,7010660.0
20260203,9960,邁達康,otc,35.1,35.3,34.6,34.7,173642.0,6079847.0
20260203,9962,有益,otc,9.7,9.7,9.46,9.53,105345.0,1002730.0
