date,ticker,name,market,open,high,low,close,volume,turnover
20260310,1101,台泥,listed,24.65,24.8,24.1,24.25,22193372.0,540201155.0
20260310,1102,亞泥,listed,34.25,34.4,34.0,34.15,5317431.0,181878948.0
20260310,1103,嘉泥,listed,13.55,13.55,13.35,13.35,262672.0,3527379.0
20260310,1104,環泥,listed,28.9,29.2,28.65,28.75,668079.0,19313693.0
20260310,1108,幸福,listed,15.1,15.2,14.8,14.9,358621.0,5357144.0
20260310,1109,信大,listed,15.3,15.4,15.25,15.3,126294.0,1934128.0
20260310,1110,東泥,listed,15.95,16.1,15.55,15.8,202407.0,3189704.0
20260310,1201,味全,listed,14.15,14.15,13.7,14.0,761184.0,10622516.0
20260310,1203,味王,listed,39.7,39.7,38.7,38.75,23645.0,921713.0
20260310,1210,大成,listed,51.5,51.8,51.2,51.4,1284725.0,66192951.0
20260310,1213,大飲,listed,9.6,9.99,9.36,9.79,15000.0,145860.0
20260310,1215,卜蜂,listed,159.5,161.0,156.0,156.5,809821.0,128223510.0
20260310,1216,統一,listed,71.4,71.4,70.0,70.2,10722731.0,754428400.0
20260310,1217,愛之味,listed,10.25,10.3,10.25,10.3,302850.0,3109226.0
20260310,1218,泰山,listed,18.1,18.4,18.05,18.2,1238350.0,22645186.0
20260310,1219,福壽,listed,13.9,13.9,13.55,13.65,412244.0,5638722.0
20260310,1220,台榮,listed,13.25,13.25,13.0,13.0,168141.0,2202508.0
20260310,1225,福懋油,listed,33.7,34.45,31.5,32.05,1344499.0,44100574.0
20260310,1227,佳格,listed,29.5,29.75,29.4,29.55,554079.0,16388027.0
20260310,1229,聯華,listed,44.75,44.75,43.65,44.1,1539147.0,67739796.0
20260310,1231,聯華食,listed,82.0,84.0,82.0,83.5,254652.0,21180055.0
20260310,1232,大統益,listed,150.0,151.0,149.5,150.5,113678.0,17075654.0
20260310,1233,天仁,listed,31.6,32.65,31.6,32.2,11291.0,362481.0
20260310,1234,黑松,listed,36.2,36.45,36.0,36.35,207019.0,7512686.0
20260310,1235,興泰,listed,40.6,40.6,38.0,38.1,31776.0,1221304.0
20260310,1236,宏亞,listed,27.65,28.3,27.65,28.0,118169.0,3285979.0
20260310,1256,鮮活果汁-KY,listed,164.0,166.0,161.0,164.0,47465.0,7754578.0
20260310,1301,台塑,listed,47.2,48.3,46.2,46.5,42865000.0,2006403504.0
20260310,1303,南亞,listed,76.8,79.0,75.6,77.7,74723944.0,5790511925.0
20260310,1304,台聚,listed,12.8,13.2,12.45,12.75,24753034.0,313637268.0
20260310,1305,華夏,listed,13.0,13.25,12.65,12.85,14430637.0,185135153.0
20260310,1307,三芳,listed,33.75,34.05,33.1,33.75,1683913.0,56645873.0
20260310,1308,亞聚,listed,14.6,14.65,14.15,14.55,12347456.0,177301424.0
20260310,1309,台達化,listed,13.8,14.8,13.8,14.0,14581506.0,204654482.0
20260310,1310,台苯,listed,10.7,11.4,10.45,11.1,24248650.0,262324072.0
20260310,1312,國喬,listed,13.3,13.9,12.9,13.55,31660814.0,420326402.0
20260310,1313,聯成,listed,12.5,12.8,12.05,12.45,28719139.0,355729160.0
20260310,1314,中石化,listed,8.83,9.2,8.83,8.96,203923384.0,1813858585.0
20260310,1315,達新,listed,62.8,67.0,62.1,64.5,57874.0,3763168.0
20260310,1316,上曜,listed,12.8,12.95,12.75,12.85,1421628.0,18277880.0
20260310,1319,東陽,listed,90.3,90.5,87.0,87.6,2576108.0,227021488.0
20260310,1321,大洋,listed,33.1,33.75,32.95,33.7,163633.0,5477594.0
20260310,1323,永裕,listed,18.6,18.6,18.45,18.6,72607.0,1349279.0
20260310,1324,地球,listed,10.45,10.55,10.4,10.45,67134.0,702592.0
20260310,1325,恆大,listed,26.85,27.45,26.85,27.2,155178.0,4219843.0
20260310,1326,台化,listed,43.5,44.65,42.55,44.25,36177097.0,1580885756.0
20260310,1337,再生-KY,listed,6.16,6.18,5.68,5.71,2667526.0,15482909.0
20260310,1338,廣華-KY,listed,15.8,16.3,15.65,15.75,181966.0,2904923.0
20260310,1339,昭輝,listed,40.75,41.6,40.75,41.45,60009.0,2469472.0
20260310,1340,勝悅-KY,listed,7.34,7.34,7.03,7.24,304473.0,2198096.0
20260310,1341,富林-KY,listed,58.3,60.0,56.5,60.0,26141.0,1505116.0
20260310,1342,八貫,listed,96.0,96.4,94.4,94.9,648948.0,61556501.0
20260310,1402,遠東新,listed,28.7,28.85,28.45,28.6,8233152.0,235582216.0
20260310,1409,新纖,listed,15.1,15.2,14.95,15.05,3682258.0,55527607.0
20260310,1410,南染,listed,32.0,32.45,31.6,31.7,71142.0,2273852.0
20260310,1413,宏洲,listed,9.57,9.89,9.57,9.89,5394.0,52530.0
20260310,1414,東和,listed,20.95,20.95,20.3,20.5,236371.0,4857856.0
20260310,1416,廣豐,listed,11.55,11.55,11.35,11.4,205033.0,2339256.0
20260310,1417,嘉裕,listed,8.66,8.72,8.55,8.59,89146.0,768238.0
20260310,1418,東華,listed,18.65,18.65,18.6,18.65,4502.0,83878.0
20260310,1419,新紡,listed,63.8,63.8,62.5,63.4,92373.0,5820126.0
20260310,1423,利華,listed,38.5,39.15,38.45,38.8,191984.0,7440040.0
20260310,1432,大魯閣,listed,16.8,16.8,16.45,16.8,508710.0,8464437.0
20260310,1434,福懋,listed,17.15,17.15,16.6,16.7,2965616.0,49684523.0
20260310,1435,中福,listed,19.65,19.7,19.6,19.6,5094.0,100213.0
20260310,1436,華友聯,listed,53.9,54.2,52.5,53.2,273659.0,14562084.0
20260310,1437,勤益控,listed,31.5,31.7,30.8,30.85,68485.0,2119061.0
20260310,1438,三地開發,listed,29.4,30.4,29.4,30.0,34096.0,1017353.0
20260310,1439,雋揚,listed,26.95,27.8,26.8,27.05,59264.0,1598676.0
20260310,1440,南紡,listed,12.85,12.85,12.7,12.8,925558.0,11818305.0
20260310,1441,大東,listed,9.93,10.0,9.93,10.0,12030.0,119888.0
20260310,1442,名軒,listed,26.35,26.7,26.0,26.55,317977.0,8378423.0
20260310,1443,立益物流,listed,24.75,25.75,24.75,24.95,87759.0,2188855.0
20260310,1444,力麗,listed,6.09,6.1,6.02,6.03,771704.0,4662692.0
20260310,1445,大宇,listed,12.85,13.3,12.85,13.3,49011.0,646392.0
20260310,1446,宏和,listed,15.0,15.1,14.9,15.0,114631.0,1719074.0
20260310,1447,力鵬,listed,5.5,5.52,5.44,5.48,607858.0,3324604.0
20260310,1449,佳和,listed,10.6,10.85,10.45,10.55,528858.0,5588161.0
20260310,1451,年興,listed,18.2,18.4,17.9,18.3,255577.0,4615394.0
20260310,1452,宏益,listed,11.2,11.2,11.1,11.1,38476.0,428978.0
20260310,1453,大將,listed,12.4,12.4,12.15,12.2,62273.0,762116.0
20260310,1454,台富,listed,12.95,12.95,12.8,12.85,56762.0,730266.0
20260310,1455,集盛,listed,8.87,8.87,8.55,8.62,1167689.0,10096308.0
20260310,1456,怡華,listed,13.3,13.3,12.95,13.25,39739.0,522968.0
20260310,1457,宜進,listed,15.25,16.0,15.25,15.65,72293.0,1132301.0
20260310,1459,聯發,listed,12.25,12.25,11.8,11.85,88213.0,1057224.0
20260310,1460,宏遠,listed,6.66,7.0,6.66,6.83,833817.0,5704814.0
20260310,1463,強盛新,listed,18.15,18.15,17.7,18.0,48401.0,867207.0
20260310,1464,得力,listed,10.95,11.05,10.8,10.85,292498.0,3183401.0
20260310,1465,偉全,listed,12.3,12.55,12.3,12.4,462132.0,5734772.0
20260310,1466,聚隆,listed,16.85,17.4,16.7,16.85,242378.0,4105434.0
20260310,1467,南緯,listed,7.06,7.28,7.05,7.09,111812.0,792989.0
20260310,1468,昶和,listed,12.45,12.45,12.2,12.35,52000.0,639300.0
20260310,1470,大統新創,listed,24.35,24.35,23.0,23.0,2048.0,48380.0
20260310,1471,首利,listed,12.55,12.55,11.85,11.85,711593.0,8574969.0
20260310,1472,三洋實業,listed,90.4,92.1,90.3,91.1,97282.0,8865920.0
20260310,1473,台南,listed,23.6,23.6,23.2,23.2,162663.0,3800235.0
20260310,1474,弘裕,listed,10.15,10.15,9.97,10.05,155622.0,1558658.0
20260310,1475,業旺,listed,28.75,28.75,27.7,28.3,41141.0,1159138.0
20260310,1476,儒鴻,listed,390.0,392.0,371.5,372.0,1182398.0,444260226.0
20260310,1477,聚陽,listed,297.0,299.5,287.0,287.5,1634704.0,474698562.0
20260310,1503,士電,listed,211.0,211.5,203.0,206.0,2488818.0,517161988.0
20260310,1504,東元,listed,71.1,71.1,69.1,70.0,6112739.0,428466440.0
20260310,1506,正道,listed,11.4,11.5,11.2,11.35,175101.0,1987835.0
20260310,1512,瑞利,listed,7.18,7.18,6.99,7.06,51620.0,362445.0
20260310,1513,中興電,listed,154.5,154.5,149.5,151.0,5195195.0,790199600.0
20260310,1514,亞力,listed,113.0,114.5,111.0,112.0,2626887.0,295943952.0
20260310,1515,力山,listed,24.8,25.15,24.5,24.7,239390.0,5924884.0
20260310,1516,川飛,listed,24.0,25.6,23.9,25.0,581322.0,14499734.0
20260310,1517,利奇,listed,11.6,11.65,11.4,11.55,97340.0,1122669.0
20260310,1519,華城,listed,910.0,937.0,902.0,912.0,3252771.0,2980397089.0
20260310,1521,大億,listed,24.95,25.75,24.95,25.1,13022.0,328310.0
20260310,1522,堤維西,listed,41.0,41.1,40.35,40.65,496256.0,20208095.0
20260310,1524,耿鼎,listed,30.0,30.5,29.15,29.25,1699071.0,50764807.0
20260310,1525,江申,listed,62.5,62.5,61.3,61.7,20183.0,1247771.0
20260310,1526,日馳,listed,18.35,18.4,17.75,17.85,140980.0,2543601.0
20260310,1527,鑽全,listed,33.05,33.05,32.4,32.45,167603.0,5469929.0
20260310,1528,恩德,listed,21.6,21.9,21.05,21.45,3201864.0,68673040.0
20260310,1529,樂事綠能,listed,28.1,28.75,27.35,27.55,13932492.0,394990956.0
20260310,1530,亞崴,listed,26.8,26.95,26.5,26.5,32291.0,864882.0
20260310,1531,高林股,listed,11.45,11.6,11.45,11.5,70848.0,815434.0
20260310,1532,勤美,listed,23.0,23.5,23.0,23.2,415493.0,9672187.0
20260310,1533,車王電,listed,30.0,30.0,29.6,29.85,58910.0,1759562.0
20260310,1535,中宇,listed,49.95,50.2,49.95,50.1,45418.0,2274718.0
20260310,1536,和大,listed,53.5,53.7,52.4,52.8,972025.0,51540107.0
20260310,1537,廣隆,listed,122.5,123.5,122.5,123.0,30619.0,3766776.0
20260310,1538,正峰,listed,17.5,19.15,17.5,19.15,28066.0,498911.0
20260310,1539,巨庭,listed,16.45,16.6,16.15,16.15,168954.0,2748453.0
20260310,1540,喬福,listed,22.65,22.65,21.9,22.15,181878.0,4046387.0
20260310,1541,錩泰,listed,23.95,24.5,23.75,23.8,43000.0,1027450.0
20260310,1558,伸興,listed,93.6,95.7,93.5,93.5,83321.0,7858207.0
20260310,1560,中砂,listed,468.0,475.0,462.0,470.0,1623333.0,762126346.0
20260310,1563,巧新,listed,41.4,41.8,40.9,41.3,289068.0,11944038.0
20260310,1568,倉佑,listed,21.05,21.55,21.05,21.5,136803.0,2926823.0
20260310,1582,信錦,listed,89.0,92.7,82.8,85.9,16377011.0,1438251937.0
20260310,1583,程泰,listed,44.95,45.0,43.25,44.2,28050.0,1249252.0
20260310,1587,吉茂,listed,38.15,39.5,38.05,38.35,513615.0,19798544.0
20260310,1589,永冠-KY,listed,5.99,7.31,5.99,7.31,9205657.0,60299864.0
20260310,1590,亞德客-KY,listed,989.0,998.0,954.0,970.0,1278328.0,1240284604.0
20260310,1597,直得,listed,72.1,73.2,71.4,72.2,333409.0,24124338.0
20260310,1598,岱宇,listed,19.05,19.25,18.8,18.95,187535.0,3562221.0
20260310,1603,華電,listed,36.75,36.75,35.65,35.85,627900.0,22650051.0
20260310,1604,聲寶,listed,24.05,24.15,23.85,24.0,230535.0,5531036.0
20260310,1605,華新,listed,31.4,31.75,31.1,31.5,29974610.0,941077881.0
20260310,1608,華榮,listed,34.3,34.4,32.75,32.85,9818725.0,327800408.0
20260310,1609,大亞,listed,36.25,36.45,35.7,36.3,3130123.0,113255237.0
20260310,1611,中電,listed,12.55,12.9,12.55,12.8,1009638.0,12901263.0
20260310,1612,宏泰,listed,33.5,33.95,33.5,33.6,782363.0,26386497.0
20260310,1614,三洋電,listed,32.3,32.8,32.3,32.75,74355.0,2418489.0
20260310,1615,大山,listed,44.0,44.25,43.8,44.0,103879.0,4571062.0
20260310,1616,億泰,listed,26.8,27.85,26.8,27.65,1025855.0,28021410.0
20260310,1617,榮星,listed,14.9,15.05,14.7,14.85,56928.0,844858.0
20260310,1618,合機,listed,41.85,42.0,40.8,41.1,1831116.0,75668533.0
20260310,1623,大東電,listed,199.0,206.0,197.0,200.0,164825.0,33204851.0
20260310,1626,艾美特-KY,listed,10.75,10.75,10.55,10.7,42361.0,450781.0
20260310,1702,南僑,listed,36.7,36.7,36.1,36.2,507993.0,18406596.0
20260310,1707,葡萄王,listed,121.0,123.0,120.5,121.5,235452.0,28615562.0
20260310,1708,東鹼,listed,36.0,37.0,35.4,36.2,3235516.0,116821679.0
20260310,1709,和益,listed,17.05,17.05,16.8,16.85,444982.0,7506340.0
20260310,1710,東聯,listed,13.3,13.9,13.3,13.8,5710344.0,77883437.0
20260310,1711,永光,listed,25.8,26.55,25.2,25.65,18417477.0,474919878.0
20260310,1712,興農,listed,46.85,47.45,46.85,47.1,881526.0,41573962.0
20260310,1713,國化,listed,45.0,46.35,44.6,45.0,176015.0,7944234.0
20260310,1714,和桐,listed,9.83,9.84,9.6,9.65,6317989.0,61081342.0
20260310,1717,長興,listed,59.0,59.8,57.4,58.3,15195149.0,891117972.0
20260310,1718,中纖,listed,7.31,7.44,7.2,7.41,13302978.0,97246905.0
20260310,1720,生達,listed,64.2,64.7,62.6,63.0,868414.0,55014569.0
20260310,1721,三晃,listed,16.6,16.65,15.85,16.05,1555762.0,25080753.0
20260310,1722,台肥,listed,47.1,47.45,46.55,46.85,3029058.0,142099030.0
20260310,1723,中碳,listed,68.5,68.9,67.5,68.6,442878.0,30161910.0
20260310,1725,元禎,listed,27.05,27.05,26.45,26.95,28442.0,764951.0
20260310,1726,永記,listed,75.3,75.9,75.3,75.6,31457.0,2380127.0
20260310,1727,中華化,listed,46.5,47.4,45.1,46.4,2673216.0,123220433.0
20260310,1730,花仙子,listed,52.6,53.2,52.6,53.2,47193.0,2501138.0
20260310,1731,美吾華,listed,22.05,22.05,21.75,21.85,106433.0,2324744.0
20260310,1732,毛寶,listed,26.15,26.35,26.1,26.25,130310.0,3414045.0
20260310,1733,五鼎,listed,28.65,28.95,28.6,28.9,160843.0,4631733.0
20260310,1734,杏輝,listed,30.35,30.75,30.35,30.55,340934.0,10437804.0
20260310,1735,日勝化,listed,19.5,20.4,18.65,19.0,875887.0,17035948.0
20260310,1736,喬山,listed,139.0,141.0,127.0,128.5,1696450.0,224012083.0
20260310,1737,臺鹽,listed,31.6,31.6,31.5,31.6,88600.0,2794260.0
20260310,1752,南光,listed,36.4,36.8,36.3,36.8,47922.0,1748740.0
20260310,1760,寶齡富錦,listed,60.6,60.7,59.4,59.7,99210.0,5961767.0
20260310,1762,中化生,listed,29.55,29.65,28.35,29.5,766026.0,22307056.0
20260310,1773,勝一,listed,144.0,144.5,139.0,140.0,867401.0,122516952.0
20260310,1776,展宇,listed,15.15,15.15,14.8,14.9,10000.0,149050.0
20260310,1783,和康生,listed,41.8,42.45,41.8,42.0,44569.0,1880342.0
20260310,1786,科妍,listed,68.0,68.5,66.5,67.5,250209.0,16894033.0
20260310,1789,神隆,listed,21.2,21.2,20.6,21.15,1069032.0,22373676.0
20260310,1795,美時,listed,262.0,262.0,255.5,258.5,2081936.0,538170945.0
20260310,1802,台玻,listed,55.0,55.0,51.0,52.0,11642460.0,615927254.0
20260310,1805,寶徠,listed,10.5,10.75,10.35,10.4,91615.0,957168.0
20260310,1806,冠軍,listed,8.93,8.93,8.79,8.82,300874.0,2658916.0
20260310,1808,潤隆,listed,28.85,29.55,28.8,29.2,895834.0,26102301.0
20260310,1809,中釉,listed,24.3,24.55,23.6,23.7,1988375.0,47724428.0
20260310,1810,和成,listed,17.6,17.85,17.5,17.75,717294.0,12651836.0
20260310,1817,凱撒衛,listed,38.15,38.8,38.15,38.8,59495.0,2289372.0
20260310,1903,士紙,listed,50.8,51.6,50.7,50.8,145560.0,7420752.0
20260310,1904,正隆,listed,17.95,17.95,17.35,17.5,2270883.0,39794103.0
20260310,1905,華紙,listed,12.0,12.0,11.75,11.8,955111.0,11323266.0
20260310,1906,寶隆,listed,11.35,11.4,11.3,11.35,86170.0,978472.0
20260310,1907,永豐餘,listed,24.55,24.6,24.25,24.4,523854.0,12792358.0
20260310,1909,榮成,listed,9.18,9.3,9.16,9.16,1218290.0,11207434.0
20260310,2002,中鋼,listed,19.4,19.4,19.15,19.2,27186409.0,523176731.0
20260310,2006,東和鋼鐵,listed,80.9,82.3,80.8,81.6,3292392.0,268441241.0
20260310,2007,燁興,listed,7.98,8.08,7.85,7.85,264131.0,2097945.0
20260310,2008,高興昌,listed,29.3,29.3,28.15,28.45,10577.0,301278.0
20260310,2009,第一銅,listed,43.15,43.5,42.3,42.95,1793847.0,77006742.0
20260310,2010,春源,listed,22.6,22.75,22.4,22.55,771405.0,17374661.0
20260310,2012,春雨,listed,15.95,16.05,15.4,15.55,126134.0,1973418.0
20260310,2013,中鋼構,listed,44.75,44.75,43.75,44.25,292011.0,12859443.0
20260310,2014,中鴻,listed,17.55,17.9,17.2,17.35,4875794.0,85116679.0
20260310,2015,豐興,listed,67.9,68.0,67.5,67.8,266988.0,18071874.0
20260310,2017,官田鋼,listed,9.7,10.05,9.67,10.0,1287412.0,12664723.0
20260310,2020,美亞,listed,24.2,24.2,23.65,23.7,287945.0,6852605.0
20260310,2022,聚亨,listed,8.85,8.97,8.71,8.84,602961.0,5312998.0
20260310,2023,燁輝,listed,14.9,14.95,14.65,14.75,1477762.0,21785199.0
20260310,2024,志聯,listed,14.8,14.85,14.8,14.85,12295.0,182582.0
20260310,2025,千興,listed,10.7,10.9,10.4,10.9,136348.0,1439679.0
20260310,2027,大成鋼,listed,37.4,37.4,36.35,36.45,16517572.0,605969571.0
20260310,2028,威致,listed,17.8,17.95,17.65,17.75,51848.0,920741.0
20260310,2029,盛餘,listed,21.0,21.0,20.75,20.75,145023.0,3024207.0
20260310,2030,彰源,listed,15.7,15.7,15.3,15.45,294746.0,4554742.0
20260310,2031,新光鋼,listed,37.9,38.05,37.0,37.15,1634636.0,61067712.0
20260310,2032,新鋼,listed,15.25,15.4,15.05,15.2,350623.0,5331923.0
20260310,2033,佳大,listed,15.95,16.25,15.85,15.9,597394.0,8753517.0
20260310,2034,允強,listed,19.85,19.85,19.45,19.55,1155287.0,22687304.0
20260310,2038,海光,listed,15.25,15.3,14.8,14.95,256621.0,3854348.0
20260310,2049,上銀,listed,225.0,233.5,224.0,232.0,5962685.0,1367302100.0
20260310,2059,川湖,listed,3090.0,3130.0,3020.0,3060.0,387203.0,1187988950.0
20260310,2062,橋椿,listed,20.45,20.5,19.95,20.05,276700.0,5565840.0
20260310,2069,運錩,listed,18.5,18.9,18.5,18.9,317889.0,5977101.0
20260310,2101,南港,listed,33.9,34.15,33.1,33.5,1328694.0,44633709.0
20260310,2102,泰豐,listed,18.65,18.7,18.3,18.45,604358.0,11156026.0
20260310,2103,台橡,listed,20.15,21.1,19.85,20.6,11066942.0,227465285.0
20260310,2104,國際中橡,listed,12.5,12.7,12.15,12.45,5390248.0,66469254.0
20260310,2105,正新,listed,29.0,29.1,28.2,28.2,20952531.0,595091756.0
20260310,2106,建大,listed,18.9,19.05,18.6,19.0,575979.0,10851773.0
20260310,2107,厚生,listed,25.1,25.1,24.75,24.85,209329.0,5203117.0
20260310,2108,南帝,listed,24.5,24.85,24.1,24.35,612590.0,14903235.0
20260310,2109,華豐,listed,14.85,14.85,14.7,14.8,83688.0,1235056.0
20260310,2114,鑫永銓,listed,88.3,89.2,88.2,88.4,57209.0,5069590.0
20260310,2115,六暉-KY,listed,23.0,23.0,22.75,22.8,56656.0,1292944.0
20260310,2201,裕隆,listed,28.3,28.45,27.7,28.0,2718259.0,76204651.0
20260310,2204,中華,listed,54.9,54.9,53.7,53.8,1102122.0,59633755.0
20260310,2206,三陽工業,listed,59.3,59.9,59.2,59.7,467927.0,27893182.0
20260310,2207,和泰車,listed,519.0,519.0,500.0,501.0,362804.0,182815171.0
20260310,2208,台船,listed,20.75,20.75,20.25,20.5,3459476.0,70676013.0
20260310,2211,長榮鋼,listed,100.0,101.0,99.3,101.0,669820.0,67278508.0
20260310,2227,裕日車,listed,51.8,51.8,50.0,50.3,24213.0,1220919.0
20260310,2228,劍麟,listed,90.4,91.3,89.4,90.0,206185.0,18624751.0
20260310,2231,為升,listed,82.8,86.0,82.6,85.5,652620.0,55303055.0
20260310,2233,宇隆,listed,211.0,214.5,208.5,211.0,450589.0,95380924.0
20260310,2236,百達-KY,listed,112.0,113.0,109.5,110.5,221501.0,24562668.0
20260310,2239,英利-KY,listed,24.25,24.5,24.2,24.45,35097.0,853824.0
20260310,2241,艾姆勒,listed,29.5,29.55,28.9,29.15,274725.0,8028725.0
20260310,2243,宏旭-KY,listed,12.7,12.7,12.7,12.7,390646.0,4961194.0
20260310,2247,汎德永業,listed,237.0,242.0,237.0,238.5,76109.0,18249607.0
20260310,2248,華勝-KY,listed,48.9,48.9,48.6,48.6,43060.0,2094257.0
20260310,2250,IKKA-KY,listed,65.2,65.2,63.0,63.4,75218.0,4786070.0
20260310,2254,巨鎧精密-創,listed,69.3,69.6,65.9,65.9,75114.0,5133344.0
20260310,2258,鴻華先進-創,listed,34.5,35.0,33.05,33.75,821205.0,27786275.0
20260310,2301,光寶科,listed,155.5,158.5,153.0,155.0,18333361.0,2851322431.0
20260310,2302,麗正,listed,17.55,17.65,17.15,17.2,423958.0,7371662.0
20260310,2303,聯電,listed,60.8,61.2,59.0,60.4,75923713.0,4560867380.0
20260310,2305,全友,listed,12.5,13.3,12.4,13.3,786962.0,10358529.0
20260310,2308,台達電,listed,1280.0,1325.0,1275.0,1290.0,12096363.0,15722187655.0
20260310,2312,金寶,listed,23.45,23.95,23.15,23.4,19701462.0,463211631.0
20260310,2313,華通,listed,191.0,199.0,185.5,191.0,81834284.0,15782694378.0
20260310,2314,台揚,listed,17.9,18.25,17.9,17.9,245295.0,4402711.0
20260310,2316,楠梓電,listed,90.2,93.2,89.2,92.3,2521280.0,230328504.0
20260310,2317,鴻海,listed,216.0,216.5,209.5,209.5,69438646.0,14721492405.0
20260310,2321,東訊,listed,16.6,16.6,16.6,16.6,1948.0,31428.0
20260310,2323,中環,listed,10.65,10.8,10.5,10.6,4606187.0,49081868.0
20260310,2324,仁寶,listed,31.7,31.75,31.1,31.75,34230651.0,1078863407.0
20260310,2327,國巨*,listed,260.0,264.0,253.0,258.5,21595555.0,5578365533.0
20260310,2328,廣宇,listed,44.6,45.0,43.55,44.15,2932326.0,130031750.0
20260310,2329,華泰,listed,50.0,50.8,48.5,49.75,7344776.0,364869881.0
20260310,2330,台積電,listed,1870.0,1890.0,1830.0,1850.0,46926862.0,87458820143.0
20260310,2331,精英,listed,23.2,23.35,22.7,23.05,2834074.0,65384695.0
20260310,2332,友訊,listed,15.6,15.95,15.45,15.7,2331207.0,36519533.0
20260310,2337,旺宏,listed,97.8,98.8,88.8,90.7,317768030.0,29707671024.0
20260310,2338,光罩,listed,47.55,47.55,42.8,44.4,4697187.0,209437614.0
20260310,2340,台亞,listed,25.1,25.4,24.3,24.65,1803022.0,44677825.0
20260310,2342,茂矽,listed,29.5,29.9,28.9,29.4,1171691.0,34476296.0
20260310,2344,華邦電,listed,108.0,109.0,101.5,105.5,164291467.0,17357012857.0
20260310,2345,智邦,listed,1430.0,1455.0,1400.0,1435.0,5374084.0,7672020655.0
20260310,2347,聯強,listed,70.3,70.3,68.2,69.0,3008192.0,207567749.0
20260310,2348,海悅,listed,69.6,70.2,68.2,69.5,376550.0,26018665.0
20260310,2349,錸德,listed,12.85,13.05,12.65,12.9,2689332.0,34526437.0
20260310,2351,順德,listed,81.5,85.3,80.7,81.5,1371128.0,113290336.0
20260310,2352,佳世達,listed,23.0,23.45,22.85,23.0,7227341.0,166704928.0
20260310,2353,宏��,listed,26.85,26.95,26.2,26.6,15405006.0,409302295.0
20260310,2354,鴻準,listed,53.5,53.9,52.3,52.8,4714014.0,249267484.0
20260310,2355,敬鵬,listed,41.5,43.45,41.3,42.25,12027238.0,509980142.0
20260310,2356,英業達,listed,41.4,41.4,40.05,40.9,12768917.0,519540569.0
20260310,2357,華碩,listed,524.0,532.0,521.0,531.0,5243871.0,2767696664.0
20260310,2359,所羅門,listed,115.0,117.0,113.0,116.0,1131311.0,130355627.0
20260310,2360,致茂,listed,1315.0,1360.0,1315.0,1360.0,2794852.0,3773153565.0
20260310,2362,藍天,listed,37.05,38.0,37.05,37.7,284487.0,10711972.0
20260310,2363,矽統,listed,49.5,49.7,48.55,49.7,3827329.0,188517849.0
20260310,2364,倫飛,listed,61.8,61.8,61.1,61.3,71228.0,4382127.0
20260310,2365,昆盈,listed,32.95,33.1,31.95,32.4,2230291.0,72563219.0
20260310,2367,燿華,listed,65.0,65.0,60.5,63.1,16268207.0,1033447020.0
20260310,2368,金像電,listed,793.0,832.0,787.0,817.0,13502808.0,11007111031.0
20260310,2369,菱生,listed,26.0,26.85,25.65,26.0,7216188.0,189329101.0
20260310,2371,大同,listed,33.0,33.5,32.55,32.8,11833192.0,390571117.0
20260310,2373,震旦行,listed,55.5,55.5,54.4,55.1,44486.0,2440538.0
20260310,2374,佳能,listed,70.9,71.7,70.0,70.7,3479733.0,246450356.0
20260310,2375,凱美,listed,81.6,82.1,79.6,80.3,902327.0,72939537.0
20260310,2376,技嘉,listed,221.0,221.0,216.5,221.0,7003460.0,1535042450.0
20260310,2377,微星,listed,93.5,94.4,91.2,92.8,6165273.0,571646108.0
20260310,2379,瑞昱,listed,471.0,473.5,453.5,460.0,5511012.0,2544442571.0
20260310,2380,虹光,listed,6.33,6.33,6.0,6.03,701896.0,4261238.0
20260310,2382,廣達,listed,286.0,287.5,279.5,282.5,16769716.0,4743812069.0
20260310,2383,台光電,listed,2315.0,2390.0,2315.0,2375.0,3065582.0,7271580415.0
20260310,2385,群光,listed,126.0,126.0,122.5,124.0,3040335.0,376208851.0
20260310,2387,精元,listed,43.75,43.9,42.6,43.1,2252639.0,97014855.0
20260310,2388,威盛,listed,44.4,44.75,43.7,44.6,1417202.0,62824906.0
20260310,2390,云辰,listed,9.7,9.74,9.56,9.67,276752.0,2674929.0
20260310,2392,正崴,listed,36.45,36.7,35.85,36.4,1275435.0,46296883.0
20260310,2393,億光,listed,59.4,60.2,59.0,60.0,2925115.0,174379411.0
20260310,2395,研華,listed,355.0,362.5,338.5,345.5,7015849.0,2452822708.0
20260310,2397,友通,listed,55.3,55.6,54.9,55.1,117529.0,6496749.0
20260310,2399,映泰,listed,22.15,22.5,21.8,22.15,1416093.0,31357450.0
20260310,2401,凌陽,listed,20.75,20.85,20.25,20.4,1424172.0,29340146.0
20260310,2402,毅嘉,listed,48.5,50.4,48.25,49.95,3988365.0,196837674.0
20260310,2404,漢唐,listed,1130.0,1130.0,1015.0,1040.0,4100480.0,4363781410.0
20260310,2405,輔信,listed,15.15,15.25,14.9,14.95,788383.0,11832725.0
20260310,2406,國碩,listed,33.1,33.7,31.05,32.0,30119488.0,969699495.0
20260310,2408,南亞科,listed,220.0,231.0,215.0,231.0,115081371.0,25826218674.0
20260310,2409,友達,listed,15.95,16.2,15.35,15.7,192794084.0,3026813952.0
20260310,2412,中華電,listed,137.0,137.0,134.5,135.0,12620421.0,1708114907.0
20260310,2413,環科,listed,47.7,47.8,44.6,46.2,1960929.0,90949880.0
20260310,2414,精技,listed,41.0,41.2,40.7,40.9,153683.0,6290235.0
20260310,2415,錩新,listed,25.6,26.15,25.3,25.7,165190.0,4227591.0
20260310,2417,圓剛,listed,34.9,34.9,34.05,34.7,303762.0,10498609.0
20260310,2419,仲琦,listed,29.25,29.45,28.3,28.55,1670572.0,48345481.0
20260310,2420,新巨,listed,50.8,51.2,50.3,50.5,203456.0,10305762.0
20260310,2421,建準,listed,133.0,133.0,127.0,128.0,3420276.0,443484754.0
20260310,2423,固緯,listed,47.05,48.55,47.05,47.4,121303.0,5766469.0
20260310,2424,隴華,listed,32.8,32.8,32.1,32.7,20000.0,647900.0
20260310,2425,承啟,listed,25.45,25.75,25.45,25.7,176321.0,4521765.0
20260310,2426,鼎元,listed,25.15,27.55,24.75,25.55,56727112.0,1478049595.0
20260310,2427,三商電,listed,24.95,25.1,24.05,24.2,2238784.0,54614899.0
20260310,2428,興勤,listed,162.5,168.0,160.0,165.5,582286.0,95727181.0
20260310,2429,銘旺科,listed,47.1,48.2,46.3,47.05,355880.0,16747532.0
20260310,2430,燦坤,listed,22.8,22.8,22.6,22.75,106066.0,2408160.0
20260310,2431,聯昌,listed,12.6,12.6,12.05,12.1,1089715.0,13349702.0
20260310,2432,倚天酷��-創,listed,24.5,27.0,24.5,27.0,224082.0,5893438.0
20260310,2433,互盛電,listed,46.25,46.4,46.1,46.2,40760.0,1885346.0
20260310,2434,統懋,listed,29.75,29.8,29.65,29.65,14375.0,427374.0
20260310,2436,偉詮電,listed,52.3,53.5,51.6,53.1,2408603.0,126326606.0
20260310,2438,翔耀,listed,22.1,22.1,20.85,21.1,37259.0,785949.0
20260310,2439,美律,listed,81.0,81.6,79.3,79.8,2798701.0,223814843.0
20260310,2440,太空梭,listed,15.25,15.25,14.0,14.55,716859.0,10298869.0
20260310,2441,超豐,listed,81.5,84.5,79.7,81.9,3886203.0,317218741.0
20260310,2442,新美齊,listed,19.0,19.0,18.05,18.05,2346609.0,43135223.0
20260310,2444,兆勁,listed,13.2,13.4,12.75,12.95,559748.0,7230056.0
20260310,2449,京元電子,listed,291.0,299.0,287.0,293.0,25917202.0,7630774904.0
20260310,2450,神腦,listed,29.3,29.45,29.15,29.4,176090.0,5153358.0
20260310,2451,創見,listed,221.0,225.0,215.0,220.0,5543216.0,1222170496.0
20260310,2453,凌群,listed,51.2,51.3,50.8,50.8,277941.0,14167975.0
20260310,2454,聯發科,listed,1730.0,1730.0,1685.0,1705.0,5620606.0,9594863435.0
20260310,2455,全新,listed,203.5,205.0,193.0,201.5,5169127.0,1033830655.0
20260310,2457,飛宏,listed,27.6,27.85,27.1,27.3,2249411.0,61732956.0
20260310,2458,義隆,listed,134.0,135.0,131.0,133.0,3567714.0,473576595.0
20260310,2459,敦吉,listed,64.7,65.9,64.7,65.0,80076.0,5245386.0
20260310,2460,建通,listed,24.45,25.2,24.25,24.4,398582.0,9791272.0
20260310,2461,光群雷,listed,15.4,15.6,15.35,15.5,256012.0,3953397.0
20260310,2462,良得電,listed,22.4,22.75,22.4,22.55,253690.0,5722919.0
20260310,2464,盟立,listed,65.8,68.0,65.8,67.3,2369214.0,158536917.0
20260310,2465,麗臺,listed,51.2,51.2,49.1,50.0,199853.0,10011163.0
20260310,2466,冠西電,listed,46.2,47.4,46.0,46.1,641119.0,29965534.0
20260310,2467,志聖,listed,354.0,363.0,319.5,355.0,1703369.0,585431662.0
20260310,2468,華經,listed,33.1,33.3,32.05,32.5,320206.0,10422343.0
20260310,2471,資通,listed,48.9,49.85,48.7,49.35,146320.0,7223175.0
20260310,2472,立隆電,listed,106.5,107.5,104.0,105.5,1976647.0,209327942.0
20260310,2474,可成,listed,185.0,185.5,181.5,182.5,1808033.0,330979633.0
20260310,2476,鉅祥,listed,74.3,75.6,74.0,75.0,751277.0,56340533.0
20260310,2477,美隆電,listed,23.55,23.85,23.4,23.65,182209.0,4303111.0
20260310,2478,大毅,listed,68.5,70.9,67.7,69.0,4044736.0,280854856.0
20260310,2480,敦陽科,listed,143.0,143.0,140.5,141.0,204681.0,28916426.0
20260310,2481,強茂,listed,84.4,85.5,82.4,83.5,18686955.0,1566163899.0
20260310,2482,連宇,listed,16.05,16.6,16.0,16.1,92451.0,1499659.0
20260310,2483,百容,listed,21.75,21.75,20.65,20.9,276630.0,5818666.0
20260310,2484,希華,listed,26.65,27.0,26.2,26.35,707613.0,18768790.0
20260310,2485,兆赫,listed,54.6,56.0,50.1,50.3,142152116.0,7581889992.0
20260310,2486,一詮,listed,128.0,131.0,125.5,128.5,5056710.0,647618259.0
20260310,2488,漢平,listed,46.15,46.6,46.15,46.4,82193.0,3816969.0
20260310,2489,瑞軒,listed,39.0,39.0,35.4,35.4,16681452.0,605005487.0
20260310,2491,吉祥全,listed,16.3,16.8,15.85,16.3,207726.0,3407930.0
20260310,2492,華新科,listed,127.5,128.5,125.5,127.0,5055499.0,642391183.0
20260310,2493,揚博,listed,103.0,104.0,101.0,103.0,494007.0,50777431.0
20260310,2495,普安,listed,30.2,30.5,29.75,30.15,1772845.0,53481459.0
20260310,2496,卓越,listed,67.9,68.3,67.3,67.8,29205.0,1981253.0
20260310,2497,怡利電,listed,41.9,42.45,41.2,41.9,167987.0,7019745.0
20260310,2498,宏達電,listed,41.25,41.7,40.35,41.4,6118886.0,251132520.0
20260310,2501,國建,listed,22.25,22.45,21.95,22.0,1150500.0,25458666.0
20260310,2504,國產,listed,37.9,38.15,37.1,37.15,2724565.0,102101721.0
20260310,2505,國揚,listed,18.45,18.5,18.35,18.45,214073.0,3947442.0
20260310,2506,太設,listed,8.87,8.92,8.75,8.77,102588.0,904418.0
20260310,2509,全坤建,listed,14.0,14.05,13.75,13.9,118455.0,1647712.0
20260310,2511,太子,listed,8.13,8.19,8.11,8.13,589897.0,4799832.0
20260310,2514,龍邦,listed,14.0,14.0,13.65,13.75,356316.0,4910578.0
20260310,2515,中工,listed,16.25,16.25,15.2,15.65,20000307.0,311389015.0
20260310,2516,新建,listed,14.65,14.65,14.2,14.25,187686.0,2681268.0
20260310,2520,冠德,listed,31.9,32.4,31.7,32.05,1649445.0,52986420.0
20260310,2524,京城,listed,39.25,40.55,39.15,39.85,200525.0,7995719.0
20260310,2527,宏璟,listed,29.5,30.55,29.5,29.8,260740.0,7833862.0
20260310,2528,皇普,listed,27.15,27.3,26.8,26.95,999814.0,26973756.0
20260310,2530,華建,listed,26.15,26.2,25.15,25.5,530144.0,13523323.0
20260310,2534,宏盛,listed,20.0,20.05,19.9,20.05,347520.0,6942959.0
20260310,2535,達欣工,listed,69.8,72.2,69.5,71.3,362881.0,25738960.0
20260310,2536,宏普,listed,22.75,22.95,22.55,22.65,143722.0,3270851.0
20260310,2537,聯上發,listed,10.2,10.2,10.05,10.1,798951.0,8092785.0
20260310,2538,基泰,listed,10.35,10.45,10.3,10.35,224659.0,2327771.0
20260310,2539,櫻花建,listed,49.45,49.45,48.1,49.0,492098.0,23945912.0
20260310,2540,愛山林,listed,45.7,46.5,45.55,45.7,641903.0,29502009.0
20260310,2542,興富發,listed,36.25,36.35,35.8,36.0,1925922.0,69462624.0
20260310,2543,皇昌,listed,75.5,76.9,73.3,75.9,10009148.0,752014502.0
20260310,2545,皇翔,listed,36.85,37.3,36.45,36.7,174328.0,6412878.0
20260310,2546,根基,listed,84.1,85.6,83.9,84.1,107623.0,9089635.0
20260310,2547,日勝生,listed,11.3,11.4,11.2,11.4,3028471.0,34215073.0
20260310,2548,華固,listed,113.5,113.5,112.0,113.0,745797.0,84196860.0
20260310,2597,潤弘,listed,167.0,168.0,164.5,165.0,254645.0,42250441.0
20260310,2601,益航,listed,6.88,6.88,6.45,6.45,5760840.0,37571026.0
20260310,2603,長榮,listed,207.0,210.0,203.5,205.5,23552225.0,4844693988.0
20260310,2605,新興,listed,33.7,35.35,32.6,33.15,28165073.0,940462414.0
20260310,2606,裕民,listed,61.8,62.7,60.6,60.9,4626399.0,283529865.0
20260310,2607,榮運,listed,55.5,56.1,54.5,54.6,713042.0,39449634.0
20260310,2608,嘉里大榮,listed,31.4,31.8,31.35,31.35,361494.0,11414811.0
20260310,2609,陽明,listed,60.0,60.9,59.3,60.0,52356040.0,3131395400.0
20260310,2610,華航,listed,18.7,18.7,18.25,18.35,40654789.0,750159349.0
20260310,2611,志信,listed,14.6,14.6,14.4,14.45,235834.0,3409556.0
20260310,2612,中航,listed,60.8,61.6,59.3,60.4,1154436.0,69567691.0
20260310,2613,中櫃,listed,26.0,26.2,25.6,25.7,992647.0,25636226.0
20260310,2614,東森,listed,20.4,20.75,20.3,20.65,703744.0,14448554.0
20260310,2615,萬海,listed,80.0,80.3,77.6,79.2,22157022.0,1746122299.0
20260310,2616,山隆,listed,23.7,23.7,21.55,21.55,2781626.0,63030553.0
20260310,2617,台航,listed,31.5,32.15,31.3,31.9,1539549.0,48985392.0
20260310,2618,長榮航,listed,33.25,33.25,32.15,32.6,39630822.0,1290873302.0
20260310,2630,亞航,listed,48.9,49.2,48.3,48.4,915900.0,44700600.0
20260310,2633,台灣高鐵,listed,26.4,26.45,26.2,26.2,5234981.0,137433977.0
20260310,2634,漢翔,listed,51.7,51.7,50.2,50.5,7454340.0,378510688.0
20260310,2636,台驊控股,listed,64.5,65.0,63.2,63.5,394645.0,25186920.0
20260310,2637,慧洋-KY,listed,68.2,69.2,67.3,68.2,2298554.0,156564718.0
20260310,2642,宅配通,listed,23.85,24.0,23.8,23.9,34526.0,825031.0
20260310,2645,長榮航太,listed,155.0,156.5,153.0,156.0,1371303.0,212214391.0
20260310,2646,星宇航空,listed,21.5,21.65,21.35,21.6,3953307.0,85034520.0
20260310,2701,萬企,listed,10.9,10.9,10.8,10.8,51105.0,552582.0
20260310,2702,華園,listed,11.55,11.55,11.3,11.4,49123.0,557588.0
20260310,2704,國賓,listed,43.15,43.15,42.45,42.5,81110.0,3455108.0
20260310,2705,六福,listed,15.85,16.0,15.85,16.0,199960.0,3177589.0
20260310,2706,第一店,listed,12.6,12.65,12.5,12.55,106370.0,1335585.0
20260310,2707,晶華,listed,183.0,185.5,182.5,185.5,217970.0,40075537.0
20260310,2712,遠雄來,listed,16.3,16.4,16.2,16.35,25001.0,407667.0
20260310,2722,夏都,listed,23.45,24.1,23.35,23.45,38505.0,908571.0
20260310,2723,美食-KY,listed,69.8,72.5,69.8,72.2,660281.0,47368571.0
20260310,2727,王品,listed,227.5,232.0,226.5,229.0,1094174.0,250624213.0
20260310,2731,雄獅,listed,169.0,173.5,169.0,173.0,1840300.0,315686684.0
20260310,2739,寒舍,listed,33.5,34.65,33.3,33.6,180931.0,6097075.0
20260310,2748,雲品,listed,39.0,39.6,38.85,39.35,98708.0,3883242.0
20260310,2753,八方雲集,listed,185.0,187.0,184.5,187.0,310196.0,57710254.0
20260310,2762,世界健身-KY,listed,77.5,79.7,77.5,79.0,117127.0,9240254.0
20260310,2801,彰銀,listed,20.65,20.7,20.4,20.45,15978614.0,328137184.0
20260310,2812,台中銀,listed,20.35,20.4,20.2,20.3,8724611.0,176990056.0
20260310,2816,旺旺保,listed,30.0,30.4,29.9,29.95,110945.0,3334628.0
20260310,2820,華票,listed,16.85,17.0,16.8,16.9,827478.0,13987680.0
20260310,2832,台產,listed,48.85,48.85,47.65,48.0,163197.0,7837753.0
20260310,2834,臺企銀,listed,15.25,15.25,15.05,15.05,34708579.0,524816769.0
20260310,2836,高雄銀,listed,12.2,12.35,12.2,12.3,1671036.0,20555471.0
20260310,2838,聯邦銀,listed,19.85,20.05,19.65,19.8,1730343.0,34312428.0
20260310,2845,遠東銀,listed,12.35,12.4,12.25,12.3,6741396.0,82954299.0
20260310,2849,安泰銀,listed,13.15,13.2,12.9,13.05,252991.0,3297354.0
20260310,2850,新產,listed,115.0,116.0,115.0,115.5,223206.0,25788367.0
20260310,2851,中再保,listed,26.85,26.9,26.65,26.9,757029.0,20302862.0
20260310,2852,第一保,listed,26.9,26.95,26.65,26.7,298953.0,8019841.0
20260310,2855,統一證,listed,30.2,30.4,29.4,29.7,5977316.0,178723225.0
20260310,2867,三商壽,listed,7.97,8.03,7.92,7.99,10760245.0,85783351.0
20260310,2880,華南金,listed,35.8,35.8,34.05,34.25,10191371.0,351596904.0
20260310,2881,富邦金,listed,88.7,88.7,87.3,88.3,17912418.0,1577574496.0
20260310,2882,國泰金,listed,71.6,72.0,70.5,71.1,18288701.0,1299213088.0
20260310,2883,凱基金,listed,20.05,20.15,19.85,19.9,44352928.0,885070334.0
20260310,2884,玉山金,listed,33.45,33.85,33.2,33.4,24077068.0,804741287.0
20260310,2885,元大金,listed,45.35,45.35,43.65,43.85,19936045.0,879936840.0
20260310,2886,兆豐金,listed,39.5,39.65,38.8,39.05,19059883.0,743911512.0
20260310,2887,台新新光金,listed,24.45,24.5,24.05,24.3,65925382.0,1600471773.0
20260310,2889,國票金,listed,15.9,16.05,15.75,15.95,3568850.0,56828790.0
20260310,2890,永豐金,listed,32.2,32.2,31.0,31.3,20546994.0,644175272.0
20260310,2891,中信金,listed,52.0,52.0,50.5,51.2,52553359.0,2682266645.0
20260310,2892,第一金,listed,29.35,29.4,28.8,29.0,17468534.0,506116466.0
20260310,2897,王道銀行,listed,9.74,9.77,9.68,9.72,4070350.0,39566481.0
20260310,2901,欣欣,listed,23.4,24.5,23.4,24.2,26130.0,628439.0
20260310,2903,遠百,listed,22.65,23.1,22.65,23.05,2671873.0,61226447.0
20260310,2904,匯僑,listed,17.55,17.55,17.3,17.5,80353.0,1399679.0
20260310,2905,三商,listed,15.45,15.7,15.45,15.6,598435.0,9311893.0
20260310,2906,高林,listed,12.6,12.6,12.35,12.4,91145.0,1130767.0
20260310,2908,特力,listed,20.15,20.15,19.95,20.0,94922.0,1897513.0
20260310,2910,統領,listed,20.7,21.15,20.7,20.8,13000.0,270950.0
20260310,2911,麗嬰房,listed,5.07,5.25,4.96,5.15,57572.0,299526.0
20260310,2912,統一超,listed,218.5,219.0,216.0,217.5,2359751.0,512573537.0
20260310,2913,農林,listed,12.4,12.4,12.25,12.35,945105.0,11644862.0
20260310,2915,潤泰全,listed,51.5,52.4,51.3,51.7,2350261.0,122024079.0
20260310,2923,鼎固-KY,listed,18.4,19.3,18.1,18.65,253817.0,4762851.0
20260310,2929,淘帝-KY,listed,7.15,7.15,7.0,7.0,170473.0,1198416.0
20260310,2939,永邑-KY,listed,20.9,22.8,20.9,22.5,59240.0,1311579.0
20260310,2945,三商家購,listed,40.15,40.2,39.55,39.6,50540.0,2019770.0
20260310,3002,歐格,listed,20.35,20.5,19.8,20.45,367429.0,7398363.0
20260310,3003,健和興,listed,48.5,49.75,48.4,49.4,401415.0,19745517.0
20260310,3004,豐達科,listed,107.0,111.0,106.5,109.0,356123.0,38837558.0
20260310,3005,神基,listed,126.0,129.0,124.0,129.0,10112306.0,1291452791.0
20260310,3006,晶豪科,listed,140.0,145.0,135.5,145.0,14485506.0,2062388802.0
20260310,3008,大立光,listed,2330.0,2380.0,2280.0,2300.0,918803.0,2126397390.0
20260310,3010,華立,listed,124.0,124.0,120.5,123.0,798937.0,97802658.0
20260310,3011,今皓,listed,12.25,12.35,12.1,12.2,412047.0,5016036.0
20260310,3013,晟銘電,listed,91.1,94.7,89.5,91.0,5588741.0,510740441.0
20260310,3014,聯陽,listed,117.0,118.0,115.0,118.0,1181673.0,137808327.0
20260310,3015,全漢,listed,51.4,51.4,50.4,50.7,437814.0,22265368.0
20260310,3016,嘉晶,listed,56.0,57.0,54.5,55.7,1602403.0,89547176.0
20260310,3017,奇鋐,listed,1735.0,1745.0,1665.0,1695.0,6547366.0,11174860850.0
20260310,3018,隆銘綠能,listed,12.6,12.6,12.05,12.05,13727.0,170042.0
20260310,3019,亞光,listed,127.0,127.0,123.5,126.5,3793447.0,474985935.0
20260310,3021,鴻名,listed,15.8,16.35,15.8,16.3,104256.0,1683379.0
20260310,3022,威強電,listed,60.4,61.5,59.9,61.2,750843.0,45611339.0
20260310,3023,信邦,listed,225.0,226.5,220.5,226.0,910099.0,203499403.0
20260310,3024,憶聲,listed,10.2,10.3,10.05,10.1,399258.0,4036966.0
20260310,3025,星通,listed,57.4,59.1,57.4,58.5,477382.0,27909769.0
20260310,3026,禾伸堂,listed,106.0,107.0,104.0,105.0,1205198.0,127138144.0
20260310,3027,盛達,listed,21.75,21.85,21.2,21.6,318650.0,6854656.0
20260310,3028,增你強,listed,52.4,53.5,47.45,48.85,12322877.0,611800864.0
20260310,3029,零壹,listed,117.5,118.0,112.0,112.0,2992885.0,339507514.0
20260310,3030,德律,listed,241.5,251.5,237.5,245.0,6087514.0,1495357228.0
20260310,3031,佰鴻,listed,19.25,19.35,19.0,19.15,228273.0,4377339.0
20260310,3032,偉訓,listed,64.4,65.3,63.4,63.9,304423.0,19522067.0
20260310,3033,威健,listed,29.7,29.9,29.0,29.4,3090827.0,90470471.0
20260310,3034,聯詠,listed,381.5,384.5,375.5,384.5,3050088.0,1163048376.0
20260310,3035,智原,listed,148.0,148.0,144.5,146.0,1889840.0,276481785.0
20260310,3036,文曄,listed,219.0,225.0,215.0,222.0,22006727.0,4859946974.0
20260310,3037,欣興,listed,410.0,427.5,410.0,424.0,15566596.0,6503278882.0
20260310,3038,全台,listed,22.7,22.7,22.0,22.15,194213.0,4314408.0
20260310,3040,遠見,listed,38.6,39.95,38.6,39.5,173317.0,6765473.0
20260310,3041,揚智,listed,22.45,22.7,22.25,22.35,555344.0,12509009.0
20260310,3042,晶技,listed,92.7,94.8,90.6,91.8,3293306.0,305551469.0
20260310,3043,科風,listed,21.2,21.5,20.6,20.75,109186.0,2279699.0
20260310,3044,健鼎,listed,378.5,378.5,357.0,361.5,2423920.0,883244327.0
20260310,3045,台灣大,listed,108.0,108.0,106.5,106.5,4370025.0,467911015.0
20260310,3046,建��,listed,44.6,45.3,44.4,44.8,160648.0,7189534.0
20260310,3047,訊舟,listed,15.8,16.1,15.6,15.7,1092144.0,17262634.0
20260310,3048,益登,listed,36.8,37.6,35.6,36.3,2042435.0,74618910.0
20260310,3049,精金,listed,13.9,14.0,12.7,13.0,17043712.0,229681943.0
20260310,3050,鈺德,listed,12.6,12.8,12.3,12.5,678245.0,8453716.0
20260310,3051,力特,listed,20.55,20.8,20.2,20.3,410083.0,8391250.0
20260310,3052,夆典,listed,11.3,11.45,11.25,11.35,435299.0,4940777.0
20260310,3054,立萬利,listed,54.1,54.4,50.6,54.4,2299722.0,123437829.0
20260310,3055,蔚華科,listed,59.6,60.8,58.8,59.0,275045.0,16396440.0
20260310,3056,富華新,listed,16.5,16.6,16.15,16.25,1371494.0,22406995.0
20260310,3057,喬鼎,listed,14.75,15.15,14.55,14.9,178562.0,2647381.0
20260310,3058,立德,listed,9.41,9.48,9.26,9.44,1103612.0,10377404.0
20260310,3059,華晶科,listed,37.1,37.35,36.75,37.0,1054909.0,39135298.0
20260310,3060,銘異,listed,29.0,29.3,28.35,28.5,1897829.0,54670887.0
20260310,3062,建漢,listed,23.9,23.95,23.3,23.6,2006659.0,47475912.0
20260310,3090,日電貿,listed,91.0,91.7,88.5,91.0,2398690.0,216386664.0
20260310,3092,鴻碩,listed,31.5,32.2,30.6,31.0,1005933.0,31452474.0
20260310,3094,聯傑,listed,22.7,22.75,22.2,22.4,221485.0,4971786.0
20260310,3130,一零四,listed,223.0,224.0,223.0,224.0,18856.0,4211076.0
20260310,3135,凌航,listed,117.0,118.0,108.0,111.0,5348826.0,600220681.0
20260310,3138,耀登,listed,168.5,174.0,164.0,167.0,3999693.0,675816996.0
20260310,3149,正達,listed,49.6,49.75,47.0,47.6,4813607.0,232645984.0
20260310,3150,鈺寶-創,listed,15.9,16.2,15.65,16.0,86914.0,1381389.0
20260310,3164,景岳,listed,17.7,18.05,17.7,18.05,57538.0,1030661.0
20260310,3167,大量,listed,293.0,300.0,288.0,294.0,1460942.0,429683958.0
20260310,3168,眾福科,listed,40.2,41.2,40.2,40.75,17523.0,714090.0
20260310,3189,景碩,listed,280.0,286.5,267.5,274.0,24723052.0,6878302606.0
20260310,3209,全科,listed,35.3,35.35,34.75,34.95,578685.0,20268045.0
20260310,3229,晟鈦,listed,20.85,20.85,19.35,19.55,54164.0,1071466.0
20260310,3231,緯創,listed,131.0,132.0,127.5,129.0,29474196.0,3817652980.0
20260310,3257,虹冠電,listed,54.8,55.4,54.0,54.1,344001.0,18822113.0
20260310,3266,昇陽,listed,13.35,13.55,13.35,13.55,40010.0,536936.0
20260310,3296,勝德,listed,21.6,22.1,21.4,22.0,60781.0,1326642.0
20260310,3305,昇貿,listed,102.0,103.0,100.0,102.5,2215184.0,225458554.0
20260310,3308,聯德,listed,23.5,23.75,22.4,22.8,546500.0,12578503.0
20260310,3311,閎暉,listed,30.7,31.8,30.65,31.25,234862.0,7293994.0
20260310,3312,弘憶股,listed,32.6,33.0,31.9,32.2,459705.0,14921271.0
20260310,3321,同泰,listed,16.0,16.9,15.6,15.75,346110.0,5528650.0
20260310,3338,泰碩,listed,58.5,58.5,56.4,56.5,788461.0,45171217.0
20260310,3346,麗清,listed,19.0,19.5,18.9,19.05,187031.0,3562504.0
20260310,3356,奇偶,listed,44.0,45.1,43.9,45.05,379901.0,16927529.0
20260310,3376,新日興,listed,193.0,200.0,192.0,197.5,3048923.0,596544813.0
20260310,3380,明泰,listed,34.0,36.0,33.75,36.0,9445383.0,332748587.0
20260310,3406,玉晶光,listed,404.0,414.0,402.5,410.5,813940.0,334197504.0
20260310,3413,京鼎,listed,302.5,312.0,296.0,304.5,2342496.0,713640516.0
20260310,3416,融程電,listed,144.5,145.0,141.0,142.0,240390.0,34375224.0
20260310,3419,譁裕,listed,15.9,15.9,15.1,15.5,231586.0,3592882.0
20260310,3432,台端,listed,16.95,17.35,16.55,16.75,31004.0,524117.0
20260310,3437,榮創,listed,14.55,14.75,14.4,14.6,357789.0,5210751.0
20260310,3443,創意,listed,2255.0,2300.0,2190.0,2245.0,1861573.0,4186492180.0
20260310,3447,展達,listed,40.2,41.15,39.15,41.0,237068.0,9579972.0
20260310,3450,聯鈞,listed,266.0,267.0,241.0,248.0,27544247.0,6929302972.0
20260310,3454,晶睿,listed,99.4,99.4,99.3,99.3,88508.0,8792443.0
20260310,3481,群創,listed,29.5,29.9,27.2,27.55,1310469760.0,37384007252.0
20260310,3494,誠研,listed,8.37,8.37,7.89,8.07,115024.0,929222.0
20260310,3501,維熹,listed,49.45,49.7,49.25,49.35,118231.0,5849945.0
20260310,3504,揚明光,listed,56.7,57.3,54.2,54.6,566692.0,31471300.0
20260310,3515,華擎,listed,218.5,222.5,210.5,213.5,645462.0,138957172.0
20260310,3518,柏騰,listed,20.2,20.45,20.0,20.05,187382.0,3788869.0
20260310,3528,安馳,listed,66.7,67.8,65.9,67.0,153975.0,10277237.0
20260310,3530,晶相光,listed,55.6,57.5,55.6,57.5,177556.0,10116895.0
20260310,3532,台勝科,listed,115.0,120.0,113.0,118.5,2354126.0,276835449.0
20260310,3533,嘉澤,listed,1575.0,1620.0,1525.0,1575.0,1616087.0,2543946990.0
20260310,3535,晶彩科,listed,140.5,146.0,132.5,132.5,20904901.0,2893014945.0
20260310,3543,州巧,listed,46.85,48.35,46.0,48.1,1606631.0,76031219.0
20260310,3545,敦泰,listed,44.2,44.5,42.0,42.9,1470689.0,63137632.0
20260310,3550,聯穎,listed,16.5,16.5,15.65,15.85,1156758.0,18443817.0
20260310,3557,嘉威,listed,30.6,30.8,30.1,30.25,107831.0,3260673.0
20260310,3563,牧德,listed,585.0,606.0,555.0,576.0,2808917.0,1633656069.0
20260310,3576,聯合再生,listed,21.35,21.5,19.25,19.8,28593778.0,587059329.0
20260310,3583,辛耘,listed,340.0,350.5,335.5,347.0,1003197.0,344296018.0
20260310,3588,通嘉,listed,47.75,48.5,46.4,47.05,280992.0,13253987.0
20260310,3591,艾笛森,listed,17.25,17.25,16.9,17.1,308028.0,5257484.0
20260310,3592,瑞鼎,listed,215.5,217.5,210.5,213.0,642920.0,137145208.0
20260310,3593,力銘,listed,12.35,12.35,12.3,12.3,23901.0,294772.0
20260310,3596,智易,listed,201.0,205.5,196.0,196.5,3367868.0,671411129.0
20260310,3605,宏致,listed,61.0,61.1,59.0,59.1,1222272.0,73270034.0
20260310,3607,谷崧,listed,13.3,13.55,13.3,13.45,197924.0,2649540.0
20260310,3617,碩天,listed,184.0,189.0,183.0,187.0,186404.0,34716386.0
20260310,3622,洋華,listed,57.4,58.8,57.4,58.6,362785.0,21095530.0
20260310,3645,達邁,listed,71.1,75.5,69.3,75.5,29478095.0,2174082330.0
20260310,3652,精聯,listed,26.45,26.45,26.1,26.3,44020.0,1153740.0
20260310,3653,健策,listed,3450.0,3495.0,3360.0,3495.0,2743045.0,9518468485.0
20260310,3661,世芯-KY,listed,3075.0,3140.0,3005.0,3060.0,1835921.0,5641357685.0
20260310,3665,貿聯-KY,listed,1605.0,1615.0,1490.0,1565.0,8917592.0,13892187505.0
20260310,3669,圓展,listed,33.5,33.6,33.0,33.5,44917.0,1501645.0
20260310,3673,TPK-KY,listed,39.2,39.25,37.95,38.65,1518171.0,58583005.0
20260310,3679,新至陞,listed,118.0,118.0,114.5,115.5,182621.0,21150957.0
20260310,3686,達能,listed,18.2,19.0,18.05,18.15,294635.0,5405674.0
20260310,3694,海華,listed,55.4,56.7,55.3,56.2,778438.0,43524306.0
20260310,3701,大眾控,listed,53.5,55.7,52.5,53.8,7684148.0,416156668.0
20260310,3702,大聯大,listed,72.0,73.8,70.7,72.1,10760417.0,779234565.0
20260310,3703,欣陸,listed,22.2,22.65,22.2,22.6,1367569.0,30685435.0
20260310,3704,合勤控,listed,31.7,32.15,30.8,31.9,2231981.0,70182579.0
20260310,3705,永信,listed,54.1,54.1,53.0,53.5,559613.0,29805264.0
20260310,3706,神達,listed,80.1,80.1,77.8,79.3,13034071.0,1029850540.0
20260310,3708,上緯投控,listed,121.0,126.0,118.0,123.5,2144051.0,263438222.0
20260310,3711,日月光投控,listed,336.0,348.0,332.5,335.5,25037912.0,8517467685.0
20260310,3712,永崴投控,listed,21.75,22.0,21.3,21.65,728311.0,15685675.0
20260310,3714,富采,listed,37.65,39.2,36.8,37.5,6517821.0,248797357.0
20260310,3715,定穎投控,listed,143.0,146.5,141.5,146.5,22231049.0,3199951825.0
20260310,3716,中化控股,listed,33.65,34.0,33.55,33.8,116217.0,3923738.0
20260310,3717,聯嘉投控,listed,17.55,17.9,17.5,17.9,501617.0,8893272.0
20260310,4104,佳醫,listed,76.8,77.3,76.3,76.6,266531.0,20442242.0
20260310,4106,雃博,listed,22.3,22.55,22.3,22.4,28145.0,632362.0
20260310,4108,懷特,listed,13.45,13.45,13.1,13.3,125520.0,1661639.0
20260310,4119,旭富,listed,52.9,54.2,52.9,53.6,421204.0,22667375.0
20260310,4133,亞諾法,listed,23.35,23.75,23.35,23.5,78600.0,1850119.0
20260310,4137,麗豐-KY,listed,112.5,113.0,108.5,109.5,929716.0,102346383.0
20260310,4142,國光生,listed,17.85,18.1,17.8,17.95,941129.0,16891501.0
20260310,4148,全宇生技-KY,listed,37.9,38.05,37.1,37.35,78895.0,2971427.0
20260310,4155,訊映,listed,13.85,14.0,13.75,13.85,102024.0,1414611.0
20260310,4164,承業醫,listed,31.15,31.4,30.65,31.05,697963.0,21580214.0
20260310,4190,佐登-KY,listed,29.35,29.35,28.85,28.95,9292.0,269762.0
20260310,4306,炎洲,listed,13.35,13.55,13.3,13.35,800911.0,10704528.0
20260310,4414,如興,listed,10.15,10.35,10.1,10.15,202999.0,2067569.0
20260310,4426,利勤,listed,9.26,9.39,9.09,9.1,86236.0,787861.0
20260310,4438,廣越,listed,64.3,65.1,63.8,64.0,34071.0,2193977.0
20260310,4439,冠星-KY,listed,88.1,89.0,81.7,82.6,294311.0,24397288.0
20260310,4440,宜新實業,listed,17.6,17.7,17.45,17.6,103192.0,1811797.0
20260310,4441,振大環球,listed,226.0,230.0,218.0,218.5,56053.0,12441446.0
20260310,4526,東台,listed,30.35,30.75,30.0,30.35,1255397.0,38156181.0
20260310,4532,瑞智,listed,25.65,25.8,25.45,25.45,1037750.0,26601944.0
20260310,4536,拓凱,listed,162.5,163.0,160.0,161.5,207451.0,33475141.0
20260310,4540,全球傳動,listed,43.5,46.5,43.5,45.1,1909168.0,85758489.0
20260310,4545,銘鈺,listed,32.4,32.95,31.25,32.1,129816.0,4166886.0
20260310,4551,智伸科,listed,116.5,117.0,114.0,117.0,257933.0,29820661.0
20260310,4552,力達-KY,listed,22.9,23.0,22.45,22.75,137245.0,3119956.0
20260310,4555,氣立,listed,34.5,34.7,33.95,34.2,62601.0,2143478.0
20260310,4557,永新-KY,listed,62.0,62.4,60.7,61.5,181008.0,11123041.0
20260310,4560,強信-KY,listed,33.5,33.7,32.9,33.35,287202.0,9579477.0
20260310,4562,穎漢,listed,31.75,32.3,31.5,31.9,219537.0,7006335.0
20260310,4564,元翎,listed,19.4,19.65,18.95,19.2,1099780.0,21093365.0
20260310,4566,時碩工業,listed,53.4,54.7,53.2,53.8,306406.0,16525190.0
20260310,4569,六方科-KY,listed,148.5,151.5,144.0,144.5,108902.0,15886289.0
20260310,4571,鈞興-KY,listed,161.5,161.5,158.0,159.5,281826.0,45011953.0
20260310,4572,駐龍,listed,141.5,142.5,140.0,141.5,43858.0,6197484.0
20260310,4576,大銀微系統,listed,111.0,115.0,111.0,115.0,804291.0,90952803.0
20260310,4581,光隆精密-KY,listed,49.25,49.3,49.0,49.3,17000.0,836100.0
20260310,4583,台灣精銳,listed,631.0,649.0,628.0,628.0,116064.0,73928063.0
20260310,4585,達明,listed,301.5,306.0,299.0,302.0,190646.0,57727281.0
20260310,4588,玖鼎電力,listed,60.1,61.3,60.1,61.2,65016.0,3939086.0
20260310,4590,富田-創,listed,73.5,74.3,71.9,72.0,93850.0,6841636.0
20260310,4720,德淵,listed,15.3,15.8,15.3,15.65,603203.0,9393609.0
20260310,4722,國精化,listed,171.0,176.0,165.0,170.0,2878860.0,491219654.0
20260310,4736,泰博,listed,126.0,126.5,125.5,126.5,156533.0,19712860.0
20260310,4737,華廣,listed,61.0,62.8,60.9,61.8,382991.0,23573632.0
20260310,4739,康普,listed,68.3,71.8,67.6,71.8,1334347.0,93727008.0
20260310,4746,台耀,listed,51.0,52.2,50.8,51.7,677382.0,34918846.0
20260310,4755,三福化,listed,143.0,144.5,138.0,140.0,599750.0,84552154.0
20260310,4763,材料*-KY,listed,42.1,42.45,41.6,42.1,4133024.0,173682973.0
20260310,4764,雙鍵,listed,135.0,141.0,129.0,135.5,7697848.0,1034863426.0
20260310,4766,南寶,listed,310.5,312.5,302.5,304.0,670300.0,204780546.0
20260310,4770,上品,listed,223.5,241.0,213.0,241.0,1612386.0,373983464.0
20260310,4771,望隼,listed,176.0,177.5,172.0,172.5,145141.0,25235303.0
20260310,4807,日成-KY,listed,17.05,17.25,16.6,16.75,17395.0,293805.0
20260310,4904,遠傳,listed,92.7,92.7,90.7,90.9,4817415.0,438979792.0
20260310,4906,正文,listed,26.05,26.5,25.05,25.4,4170040.0,107105696.0
20260310,4912,聯德控股-KY,listed,85.3,87.2,84.5,86.3,210864.0,18155172.0
20260310,4915,致伸,listed,72.5,72.8,70.5,70.6,4910856.0,349688398.0
20260310,4916,事欣科,listed,58.0,58.8,57.3,57.8,2670128.0,155104062.0
20260310,4919,新唐,listed,84.8,89.8,82.0,85.7,37178157.0,3187091650.0
20260310,4927,泰鼎-KY,listed,43.1,43.5,41.0,42.0,2802599.0,119081383.0
20260310,4930,燦星網,listed,21.0,21.3,20.9,20.95,27381.0,577221.0
20260310,4934,太極,listed,19.3,19.3,18.05,18.25,1832224.0,34077642.0
20260310,4935,茂林-KY,listed,37.0,37.45,35.65,35.75,191056.0,6919347.0
20260310,4938,和碩,listed,70.6,70.8,69.5,70.3,5443707.0,381973468.0
20260310,4942,嘉彰,listed,37.5,37.65,37.35,37.4,235285.0,8810967.0
20260310,4943,康控-KY,listed,11.2,11.8,11.2,11.8,4392.0,50550.0
20260310,4949,有成精密,listed,49.8,52.5,48.75,51.5,2566513.0,129287596.0
20260310,4952,凌通,listed,48.0,48.05,44.8,45.1,2013296.0,93695500.0
20260310,4956,光鋐,listed,23.0,24.6,22.85,24.6,1931839.0,46222370.0
20260310,4958,臻鼎-KY,listed,168.5,170.5,164.0,168.0,14431837.0,2417690791.0
20260310,4960,誠美材,listed,18.0,18.8,17.1,17.5,42655259.0,766966114.0
20260310,4961,天鈺,listed,143.5,149.0,143.5,148.5,812590.0,119139126.0
20260310,4967,十銓,listed,195.0,195.0,182.5,185.0,3814123.0,715137036.0
20260310,4968,立積,listed,107.0,107.5,102.5,104.0,1928962.0,202967911.0
20260310,4976,佳凌,listed,28.6,29.1,28.2,28.5,404057.0,11572015.0
20260310,4977,眾達-KY,listed,158.5,159.5,147.0,151.0,9841385.0,1504862640.0
20260310,4989,榮科,listed,63.6,67.5,62.2,64.3,29462911.0,1904426651.0
20260310,4994,傳奇,listed,102.5,103.5,99.9,99.9,14605.0,1489994.0
20260310,4999,鑫禾,listed,22.15,22.45,22.0,22.15,73910.0,1639664.0
20260310,5007,三星,listed,56.2,56.3,55.3,56.0,22771.0,1271205.0
20260310,5203,訊連,listed,62.8,63.9,62.3,63.2,335381.0,21139388.0
20260310,5215,科嘉-KY,listed,36.05,37.0,36.05,36.8,35653.0,1311433.0
20260310,5222,全訊,listed,134.5,135.0,130.5,131.5,856650.0,113067102.0
20260310,5225,東科-KY,listed,91.0,92.1,90.8,91.1,286236.0,26126220.0
20260310,5234,達興材料,listed,367.0,377.0,360.5,371.0,1319142.0,488155239.0
20260310,5243,乙盛-KY,listed,71.1,73.2,70.2,73.0,1118540.0,80498262.0
20260310,5244,弘凱,listed,35.35,35.95,33.6,33.85,664929.0,22986065.0
20260310,5258,虹堡,listed,50.1,51.0,49.0,50.3,276524.0,13858128.0
20260310,5269,祥碩,listed,1235.0,1265.0,1190.0,1220.0,1759770.0,2155247260.0
20260310,5283,禾聯碩,listed,56.5,56.8,56.2,56.5,78657.0,4438499.0
20260310,5284,jpp-KY,listed,265.0,275.0,262.0,272.0,1505607.0,405253369.0
20260310,5285,界霖,listed,46.45,47.6,46.45,47.2,169436.0,7975371.0
20260310,5288,豐祥-KY,listed,139.5,140.0,135.5,136.5,56491.0,7769724.0
20260310,5292,華懋,listed,174.5,179.5,174.5,176.5,110634.0,19654962.0
20260310,5306,桂盟,listed,88.5,88.7,87.6,88.0,84712.0,7469966.0
20260310,5388,中磊,listed,77.5,78.0,76.0,77.0,1642876.0,126578129.0
20260310,5434,崇越,listed,321.0,321.0,315.0,316.0,284102.0,90328993.0
20260310,5469,瀚宇博,listed,84.8,86.4,84.4,85.5,3353982.0,285999235.0
20260310,5471,松翰,listed,42.35,43.15,40.65,41.0,817081.0,34119945.0
20260310,5484,慧友,listed,36.6,36.6,36.6,36.6,167790.0,6141104.0
20260310,5515,建國,listed,31.55,32.4,31.55,31.85,226656.0,7264660.0
20260310,5519,隆大,listed,33.0,33.0,32.0,32.25,406304.0,13210463.0
20260310,5521,工信,listed,16.95,16.95,16.95,16.95,4820732.0,81711131.0
20260310,5522,遠雄,listed,65.5,65.9,64.9,65.1,627230.0,40934706.0
20260310,5525,順天,listed,24.4,24.8,24.4,24.8,65359.0,1606732.0
20260310,5531,鄉林,listed,9.0,9.0,8.7,8.9,425175.0,3772297.0
20260310,5533,皇鼎,listed,14.2,14.2,14.0,14.15,150018.0,2108602.0
20260310,5534,長虹,listed,74.7,75.0,74.0,74.6,543102.0,40461565.0
20260310,5538,東明-KY,listed,31.9,31.9,30.45,30.45,52018.0,1593549.0
20260310,5546,永固-KY,listed,20.15,20.15,18.1,18.55,78450.0,1465429.0
20260310,5607,遠雄港,listed,50.8,51.9,50.2,50.3,497866.0,25264378.0
20260310,5608,四維航,listed,16.85,17.15,16.6,16.6,2798080.0,46899108.0
20260310,5706,鳳凰,listed,49.7,50.3,49.2,50.0,313952.0,15675887.0
20260310,5871,中租-KY,listed,101.5,104.5,101.0,104.0,8292184.0,856170134.0
20260310,5876,上海商銀,listed,39.0,39.1,38.6,38.8,6881266.0,266853541.0
20260310,5880,合庫金,listed,23.2,23.4,23.05,23.1,13219284.0,306420733.0
20260310,5906,台南-KY,listed,50.5,50.5,50.5,50.5,1004.0,50690.0
20260310,5907,大洋-KY,listed,5.81,5.9,5.7,5.82,204150.0,1178989.0
20260310,6005,群益證,listed,28.9,29.05,27.6,27.75,12702883.0,356944213.0
20260310,6024,群益期,listed,53.2,54.4,53.0,54.3,1648840.0,88625879.0
20260310,6108,競國,listed,16.3,16.35,15.65,15.75,770497.0,12334267.0
20260310,6112,邁達特,listed,45.0,46.45,44.85,45.7,680082.0,31234322.0
20260310,6115,鎰勝,listed,46.75,46.75,46.15,46.4,66338.0,3076753.0
20260310,6116,彩晶,listed,8.71,8.84,8.5,8.59,17119152.0,147580528.0
20260310,6117,迎廣,listed,70.1,70.1,67.5,69.6,342598.0,23708075.0
20260310,6120,達運,listed,12.9,13.2,12.55,12.6,2291120.0,29291904.0
20260310,6128,上福,listed,23.75,23.75,23.1,23.3,114661.0,2689237.0
20260310,6133,金橋,listed,24.75,24.85,23.35,23.55,4153390.0,100111705.0
20260310,6136,富爾特,listed,23.7,23.7,23.5,23.7,83134.0,1960813.0
20260310,6139,亞翔,listed,523.0,525.0,506.0,516.0,1597169.0,825791364.0
20260310,6141,柏承,listed,17.55,18.15,17.45,17.8,2070561.0,37019666.0
20260310,6142,友勁,listed,9.62,9.62,9.39,9.5,197585.0,1878788.0
20260310,6152,百一,listed,20.0,20.0,17.4,18.05,6447910.0,119885331.0
20260310,6153,嘉聯益,listed,14.85,15.85,14.8,15.85,6512194.0,101306456.0
20260310,6155,鈞寶,listed,44.5,44.95,43.25,44.15,808266.0,35769671.0
20260310,6164,華興,listed,11.4,11.4,11.15,11.2,181499.0,2044926.0
20260310,6165,浪凡,listed,40.75,41.7,40.75,41.5,141623.0,5843483.0
20260310,6166,凌華,listed,62.2,62.2,60.9,62.2,311784.0,19260308.0
20260310,6168,宏齊,listed,18.5,18.95,18.5,18.85,258285.0,4845283.0
20260310,6176,瑞儀,listed,101.0,101.0,95.0,95.3,7234616.0,701757162.0
20260310,6177,達麗,listed,45.05,45.75,45.05,45.3,559431.0,25410641.0
20260310,6183,關貿,listed,96.3,96.3,94.6,95.2,57081.0,5428365.0
20260310,6184,大豐電,listed,47.9,48.2,47.5,47.75,81701.0,3923082.0
20260310,6189,豐藝,listed,43.4,43.5,42.2,42.75,1033261.0,44191116.0
20260310,6191,精成科,listed,93.7,95.7,92.8,94.2,4155014.0,391681604.0
20260310,6192,巨路,listed,122.0,125.0,122.0,124.0,331374.0,40953204.0
20260310,6196,帆宣,listed,276.0,281.5,269.0,271.0,1511628.0,414080312.0
20260310,6197,佳必琪,listed,153.0,160.0,149.0,157.0,4660381.0,733208635.0
20260310,6201,亞弘電,listed,51.5,52.8,51.5,52.4,34162.0,1787236.0
20260310,6202,盛群,listed,55.4,56.5,50.7,51.8,5000530.0,263774685.0
20260310,6205,詮欣,listed,50.5,52.4,50.5,50.9,399204.0,20490249.0
20260310,6206,飛捷,listed,98.5,102.5,97.0,101.5,4223872.0,426101600.0
20260310,6209,今國光,listed,52.6,53.2,51.3,51.9,1893125.0,98743330.0
20260310,6213,聯茂,listed,121.0,126.5,120.0,126.5,12208509.0,1527165630.0
20260310,6214,精誠,listed,110.0,111.5,108.5,109.5,566008.0,62395873.0
20260310,6215,和椿,listed,102.0,108.0,101.5,107.5,1821696.0,193184170.0
20260310,6216,居易,listed,25.5,25.8,25.5,25.8,106999.0,2742124.0
20260310,6224,聚鼎,listed,41.15,41.9,41.15,41.45,86488.0,3594325.0
20260310,6225,天瀚,listed,23.0,23.2,22.3,23.2,14255.0,329110.0
20260310,6226,光鼎,listed,8.3,8.56,8.27,8.5,161127.0,1358199.0
20260310,6230,尼得科超眾,listed,188.0,188.0,169.0,169.0,209135.0,37045749.0
20260310,6235,華孚,listed,48.4,49.2,48.15,48.95,470347.0,22939168.0
20260310,6239,力成,listed,212.0,218.0,208.5,214.5,8259062.0,1766169319.0
20260310,6243,迅杰,listed,32.25,32.4,31.55,31.95,123429.0,3938241.0
20260310,6257,矽格,listed,123.5,129.0,121.5,125.5,10362098.0,1298990334.0
20260310,6269,台郡,listed,56.7,57.1,54.2,54.7,2553961.0,141368146.0
20260310,6271,同欣電,listed,148.0,150.0,143.5,147.5,4778578.0,702470974.0
20260310,6272,驊陞,listed,36.4,36.4,35.7,36.2,143480.0,5163841.0
20260310,6277,宏正,listed,58.6,59.0,58.4,58.4,81022.0,4746725.0
20260310,6278,台表科,listed,97.0,97.2,94.7,95.6,912688.0,87541649.0
20260310,6281,全國電,listed,59.5,60.2,59.4,60.1,92431.0,5533350.0
20260310,6282,康舒,listed,44.7,45.4,43.9,45.1,11732602.0,524010298.0
20260310,6283,淳安,listed,20.4,20.85,20.35,20.85,127306.0,2624323.0
20260310,6285,啟��,listed,159.0,159.5,151.0,156.5,14236896.0,2213446930.0
20260310,6405,悅城,listed,30.15,30.55,29.15,29.95,529387.0,15769772.0
20260310,6409,旭隼,listed,845.0,845.0,805.0,819.0,722207.0,590125941.0
20260310,6412,群電,listed,83.8,83.9,80.9,82.2,2921694.0,238720529.0
20260310,6414,樺漢,listed,270.0,272.5,267.5,271.5,492618.0,133136025.0
20260310,6415,矽力*-KY,listed,243.0,256.0,237.5,252.5,3856865.0,956792312.0
20260310,6416,瑞祺電通,listed,77.8,79.0,77.6,78.5,156461.0,12231060.0
20260310,6426,統新,listed,134.0,134.0,121.5,121.5,1234545.0,154076607.0
20260310,6431,光麗-KY,listed,23.65,24.8,23.65,24.45,113214.0,2740146.0
20260310,6438,迅得,listed,144.5,149.0,144.0,147.5,1030986.0,151162540.0
20260310,6442,光聖,listed,1770.0,1770.0,1615.0,1705.0,1309374.0,2170330350.0
20260310,6443,元晶,listed,51.0,52.2,47.15,47.6,160066953.0,7915661703.0
20260310,6446,藥華藥,listed,690.0,690.0,667.0,670.0,1612567.0,1088494551.0
20260310,6449,鈺邦,listed,154.0,157.0,151.0,155.0,423506.0,65241106.0
20260310,6451,訊芯-KY,listed,175.0,177.0,167.5,172.5,2950821.0,509811990.0
20260310,6456,GIS-KY,listed,57.8,60.5,55.8,57.5,15777229.0,908696064.0
20260310,6464,台數科,listed,77.1,77.1,76.0,76.2,17181.0,1313659.0
20260310,6472,保瑞,listed,462.0,468.0,453.0,460.0,456155.0,209631667.0
20260310,6477,安集,listed,37.85,38.3,36.7,36.7,1825142.0,68308450.0
20260310,6491,晶碩,listed,282.0,282.5,278.5,280.0,172160.0,48358608.0
20260310,6504,南六,listed,38.5,39.25,38.5,38.9,59845.0,2323888.0
20260310,6505,台塑化,listed,61.4,61.9,61.4,61.4,35997613.0,2210395388.0
20260310,6515,穎崴,listed,5185.0,5475.0,5155.0,5475.0,514630.0,2759399620.0
20260310,6525,捷敏-KY,listed,77.8,81.9,77.8,80.5,359170.0,28697192.0
20260310,6526,達發,listed,495.5,502.0,481.5,487.0,609769.0,299609791.0
20260310,6531,愛普*,listed,420.0,434.5,417.0,427.5,2329470.0,993233704.0
20260310,6533,晶心科,listed,192.5,194.0,183.0,185.0,691454.0,129571581.0
20260310,6534,正瀚-創,listed,81.7,85.0,81.4,83.7,348617.0,28953296.0
20260310,6541,泰福-KY,listed,43.9,43.9,42.5,42.8,341162.0,14664240.0
20260310,6550,北極星藥業-KY,listed,29.5,29.5,28.4,28.9,1051265.0,30502876.0
20260310,6552,易華電,listed,25.5,26.35,25.5,25.8,166469.0,4340838.0
20260310,6558,興能高,listed,29.7,29.95,28.9,29.7,386422.0,11399064.0
20260310,6573,虹揚-KY,listed,13.3,13.5,13.15,13.4,102283.0,1364775.0
20260310,6579,研揚,listed,106.0,107.5,105.0,106.5,108807.0,11575042.0
20260310,6581,鋼聯,listed,109.0,110.0,109.0,110.0,8066.0,883847.0
20260310,6582,申豐,listed,31.0,31.15,30.8,31.15,35039.0,1085979.0
20260310,6585,鼎基,listed,82.0,83.0,79.4,80.4,119188.0,9673093.0
20260310,6589,台康生技,listed,58.6,58.9,57.3,57.9,462984.0,26911958.0
20260310,6591,動力-KY,listed,63.5,64.0,62.0,62.2,435717.0,27464157.0
20260310,6592,和潤企業,listed,62.0,63.2,61.8,62.7,896065.0,56046234.0
20260310,6598,ABC-KY,listed,23.4,24.5,23.4,23.9,147044.0,3524225.0
20260310,6605,帝寶,listed,134.5,135.0,132.0,132.5,250492.0,33422345.0
20260310,6606,建德工業,listed,24.75,25.05,24.5,25.0,123151.0,3049355.0
20260310,6614,資拓宏宇,listed,42.6,43.0,42.2,42.65,71014.0,3024773.0
20260310,6625,必應,listed,81.3,82.2,80.1,80.3,394134.0,31815132.0
20260310,6641,基士德-KY,listed,19.0,19.3,18.95,19.3,29932.0,569249.0
20260310,6645,金萬林-創,listed,15.5,15.5,14.55,14.6,54829.0,808489.0
20260310,6655,科定,listed,124.5,132.0,124.5,129.5,12190.0,1596414.0
20260310,6657,華安,listed,46.4,46.4,44.45,45.0,199793.0,9011512.0
20260310,6658,聯策,listed,56.5,59.4,56.5,58.6,378388.0,22140104.0
20260310,6666,羅麗芬-KY,listed,41.5,41.5,41.0,41.0,33604.0,1382269.0
20260310,6668,中揚光,listed,34.15,35.5,34.15,35.2,134327.0,4723370.0
20260310,6669,緯穎,listed,4045.0,4090.0,3935.0,3960.0,1454616.0,5826531325.0
20260310,6670,復盛應用,listed,267.0,272.5,267.0,270.5,132660.0,35767202.0
20260310,6671,三能-KY,listed,36.4,36.55,35.5,36.4,67543.0,2448700.0
20260310,6672,騰輝電子-KY,listed,92.0,93.9,91.2,92.4,1037105.0,95910288.0
20260310,6674,鋐寶科技,listed,18.9,18.9,18.35,18.8,30028.0,558020.0
20260310,6689,伊雲谷,listed,69.5,69.7,67.4,68.0,347931.0,23854463.0
20260310,6691,洋基工程,listed,620.0,628.0,601.0,607.0,537971.0,330709979.0
20260310,6695,芯鼎,listed,38.55,39.8,38.55,39.7,178942.0,7051450.0
20260310,6698,旭暉應材,listed,30.9,31.0,30.1,30.35,184204.0,5640550.0
20260310,6706,惠特,listed,111.0,112.5,106.0,109.5,4703774.0,514022767.0
20260310,6715,嘉基,listed,244.5,256.5,243.5,256.5,861186.0,217060683.0
20260310,6719,力智,listed,167.5,169.5,166.0,169.0,232220.0,38948265.0
20260310,6722,輝創,listed,38.8,40.2,38.5,40.0,172180.0,6783914.0
20260310,6742,澤米,listed,39.2,40.35,39.2,39.9,159462.0,6368570.0
20260310,6743,安普新,listed,24.4,24.4,23.85,24.15,166907.0,4027554.0
20260310,6753,龍德造船,listed,132.0,135.5,131.0,132.5,641077.0,85042890.0
20260310,6754,匯僑設計,listed,41.55,43.05,41.0,43.05,40320.0,1679820.0
20260310,6756,威鋒電子,listed,72.5,73.8,71.7,72.3,181682.0,13215984.0
20260310,6757,台灣虎航,listed,50.4,51.4,49.2,51.4,3476653.0,175349968.0
20260310,6768,志強-KY,listed,91.9,91.9,88.3,91.5,787507.0,70707197.0
20260310,6770,力積電,listed,63.8,64.2,60.5,62.2,140297005.0,8807377285.0
20260310,6771,平和環保-創,listed,43.9,44.5,43.85,43.95,16050.0,707242.0
20260310,6776,展�眥篕�,listed,52.9,53.9,52.3,53.5,541013.0,28695395.0
20260310,6781,AES-KY,listed,1000.0,1015.0,984.0,1000.0,1044855.0,1045090649.0
20260310,6782,視陽,listed,196.0,196.0,190.5,190.5,284268.0,54803166.0
20260310,6789,采鈺,listed,323.0,325.0,314.0,319.0,3863773.0,1235639257.0
20260310,6790,永豐實,listed,39.6,40.0,39.45,39.85,262561.0,10447225.0
20260310,6792,詠業,listed,58.4,58.4,57.0,57.3,50752.0,2927740.0
20260310,6794,向榮生技,listed,84.8,84.8,81.9,83.3,35208.0,2920456.0
20260310,6796,晉弘,listed,77.6,80.1,77.6,78.4,55803.0,4397590.0
20260310,6799,來頡,listed,73.8,75.4,73.4,74.1,123057.0,9140980.0
20260310,6805,富世達,listed,1735.0,1820.0,1705.0,1750.0,2507862.0,4430132900.0
20260310,6806,森崴能源,listed,41.35,41.75,39.9,40.25,1369139.0,55508758.0
20260310,6807,峰源-KY,listed,43.65,43.85,43.65,43.85,15013.0,657615.0
20260310,6830,汎銓,listed,404.0,404.0,375.0,377.0,638711.0,243312148.0
20260310,6831,邁科,listed,271.0,287.5,270.0,281.0,877960.0,244545566.0
20260310,6834,天二科技,listed,27.6,28.5,27.35,27.85,171721.0,4794183.0
20260310,6835,圓裕,listed,39.6,39.6,37.3,39.2,484245.0,18399799.0
20260310,6838,台新藥,listed,25.75,26.15,25.65,26.05,100083.0,2593759.0
20260310,6854,錼創科技-KY創,listed,129.0,132.0,125.0,130.0,278660.0,35904776.0
20260310,6861,睿生光電,listed,148.5,149.0,145.5,149.0,564144.0,83869780.0
20260310,6862,三集瑞-KY,listed,186.5,188.0,173.5,177.0,991290.0,179051258.0
20260310,6863,永道-KY,listed,91.3,93.8,91.3,91.8,67428.0,6220741.0
20260310,6869,雲豹能源,listed,106.5,107.0,103.5,105.0,971467.0,102372863.0
20260310,6873,泓德能源,listed,99.2,100.5,97.6,98.0,389654.0,38527546.0
20260310,6885,全福生技,listed,24.9,25.1,24.05,24.7,628808.0,15441896.0
20260310,6887,寶綠特-KY,listed,44.4,44.4,42.95,43.35,16100.0,704025.0
20260310,6890,來億-KY,listed,172.0,174.0,169.0,171.5,410806.0,70154735.0
20260310,6901,鑽石投資,listed,15.35,15.35,14.55,14.8,786854.0,11673656.0
20260310,6902,GOGOLOOK,listed,77.7,78.5,77.0,77.4,51693.0,4018262.0
20260310,6906,現觀科,listed,70.0,71.6,68.0,70.1,45480.0,3159604.0
20260310,6909,創控,listed,38.8,41.35,37.95,40.65,1078080.0,43101380.0
20260310,6914,阜爾運通,listed,141.5,144.0,141.0,143.5,79860.0,11346890.0
20260310,6916,華凌,listed,17.3,18.9,17.3,18.9,323646.0,5975800.0
20260310,6918,愛派司,listed,84.5,84.5,81.9,82.1,36055.0,2985721.0
20260310,6919,康霈*,listed,136.5,140.0,134.0,137.5,4156400.0,571072098.0
20260310,6921,嘉雨思-創,listed,73.1,73.9,72.1,72.4,46048.0,3353912.0
20260310,6923,中台,listed,86.0,88.3,86.0,87.5,113852.0,9957247.0
20260310,6924,榮惠-KY創,listed,60.0,62.5,60.0,62.5,25100.0,1544020.0
20260310,6928,攸泰科技,listed,49.3,50.1,48.75,49.35,53951.0,2661402.0
20260310,6931,青松健康,listed,52.5,52.6,49.7,51.5,373469.0,18958282.0
20260310,6933,AMAX-KY,listed,134.5,134.5,127.5,129.5,91944.0,11921558.0
20260310,6934,心誠鎂,listed,87.0,87.0,77.9,79.8,348827.0,27938684.0
20260310,6936,永鴻生技,listed,34.5,34.85,34.3,34.3,62607.0,2159976.0
20260310,6937,天虹,listed,241.0,254.5,236.5,250.5,1342376.0,336740713.0
20260310,6944,兆聯實業,listed,741.0,750.0,716.0,727.0,961413.0,702293752.0
20260310,6949,沛爾生醫-創,listed,586.0,605.0,558.0,575.0,294798.0,169201091.0
20260310,6951,青新-創,listed,75.5,76.2,75.4,75.7,95850.0,7248965.0
20260310,6952,大武山,listed,39.75,40.05,39.75,40.05,20786.0,830909.0
20260310,6955,邦睿生技-創,listed,167.0,170.0,167.0,169.0,8040.0,1356486.0
20260310,6957,裕慶-KY,listed,165.0,168.0,164.0,166.0,62829.0,10393111.0
20260310,6958,日盛台駿,listed,15.6,16.35,15.6,15.9,101766.0,1634120.0
20260310,6962,奕力-KY,listed,30.35,30.65,29.6,29.95,2398590.0,72061171.0
20260310,6965,中傑-KY,listed,78.4,84.5,78.4,83.3,209941.0,17312869.0
20260310,6969,成信實業*-創,listed,29.0,29.25,28.25,29.0,382643.0,10982317.0
20260310,6988,威力暘-創,listed,14.5,14.75,14.5,14.5,12028.0,175794.0
20260310,6994,富威電力,listed,80.9,81.3,77.3,79.9,1524044.0,120653713.0
20260310,7610,聯友金屬-創,listed,314.0,314.0,305.0,310.0,322115.0,99517168.0
20260310,7631,聚賢研發-創,listed,112.0,112.0,109.5,110.0,15013.0,1663433.0
20260310,7705,三商餐飲,listed,36.05,36.05,35.5,35.55,53370.0,1906742.0
20260310,7711,永擎,listed,199.0,201.0,191.0,194.5,417047.0,80830238.0
20260310,7721,微程式,listed,50.0,50.7,48.75,48.75,90744.0,4479874.0
20260310,7722,LINEPAY,listed,371.0,376.5,359.0,364.0,152743.0,56040643.0
20260310,7730,暉盛-創,listed,119.0,129.5,118.5,128.5,213074.0,26880460.0
20260310,7732,金興精密,listed,36.6,36.6,36.1,36.6,11095.0,406229.0
20260310,7736,虎山,listed,84.0,84.8,82.4,83.1,61074.0,5139266.0
20260310,7740,熙特爾-創,listed,195.0,200.0,187.0,200.0,517691.0,101055859.0
20260310,7749,意騰-KY,listed,397.5,406.0,391.5,404.5,143723.0,57341210.0
20260310,7750,新代,listed,1265.0,1285.0,1185.0,1265.0,324883.0,406343650.0
20260310,7765,中華資安,listed,245.0,245.0,238.5,239.0,141103.0,33966966.0
20260310,7769,鴻勁,listed,4195.0,4260.0,4100.0,4105.0,1035786.0,4329514070.0
20260310,7780,大研生醫*,listed,19.9,20.25,19.1,19.75,10236118.0,201169110.0
20260310,7786,東方風能,listed,149.0,149.0,145.0,146.0,148178.0,21749548.0
20260310,7788,松川精密,listed,156.0,158.0,151.0,155.0,205810.0,31641245.0
20260310,7791,皇家可口,listed,62.8,65.0,62.8,64.8,100568.0,6470188.0
20260310,7795,長廣,listed,388.5,398.0,376.0,396.5,611124.0,234797706.0
20260310,7799,禾榮科,listed,432.0,436.5,410.0,413.0,633143.0,266025011.0
20260310,7823,奧義賽博-KY創,listed,84.9,86.7,82.2,84.4,31712.0,2678246.0
20260310,8011,台通,listed,20.2,20.65,19.4,19.4,2027640.0,40148469.0
20260310,8016,矽創,listed,193.0,196.0,190.5,193.0,409136.0,79215067.0
20260310,8021,尖點,listed,220.0,232.5,216.0,227.5,10850557.0,2440563802.0
20260310,8028,昇陽半導體,listed,165.0,169.5,164.0,168.0,3847061.0,640699776.0
20260310,8033,雷虎,listed,138.5,139.0,134.0,137.0,869589.0,119301418.0
20260310,8039,台虹,listed,100.0,106.0,97.1,106.0,30437880.0,3135975709.0
20260310,8045,達運光電,listed,76.8,78.4,75.9,76.2,180223.0,13832021.0
20260310,8046,南電,listed,434.5,445.0,409.0,428.0,3807587.0,1641027782.0
20260310,8070,長華*,listed,42.3,42.45,41.15,41.5,2027680.0,84285955.0
20260310,8072,陞泰,listed,27.85,27.85,27.25,27.5,109910.0,3023286.0
20260310,8081,致新,listed,232.0,234.0,229.5,232.0,344799.0,79957527.0
20260310,8101,華冠,listed,15.0,15.0,14.8,14.85,10775.0,160580.0
20260310,8103,瀚荃,listed,84.8,88.6,82.8,87.8,2643480.0,227668399.0
20260310,8104,錸寶,listed,34.35,34.7,33.5,34.05,609874.0,20829001.0
20260310,8105,凌巨,listed,12.4,12.7,12.25,12.4,1659910.0,20652970.0
20260310,8110,華東,listed,52.6,54.0,51.6,53.6,12304553.0,651827591.0
20260310,8112,至上,listed,75.0,78.3,74.2,77.7,39033378.0,2994883775.0
20260310,8114,振樺電,listed,174.0,176.5,172.5,174.0,488564.0,85482323.0
20260310,8131,福懋科,listed,61.5,62.8,59.8,61.3,3979202.0,243019503.0
20260310,8150,南茂,listed,61.2,61.5,58.2,59.8,11712099.0,703244268.0
20260310,8162,微矽電子-創,listed,38.0,38.75,37.55,37.7,59296.0,2251874.0
20260310,8163,達方,listed,28.5,28.65,27.85,28.0,614120.0,17250662.0
20260310,8201,無敵,listed,13.1,13.25,13.0,13.1,64780.0,851486.0
20260310,8210,勤誠,listed,902.0,908.0,877.0,887.0,1951279.0,1742405812.0
20260310,8213,志超,listed,36.3,36.8,35.8,36.25,492424.0,17869443.0
20260310,8215,明基材,listed,19.55,19.65,19.3,19.35,327939.0,6381857.0
20260310,8222,寶一,listed,37.1,37.5,36.0,36.65,308115.0,11287777.0
20260310,8249,菱光,listed,52.3,52.6,50.4,50.7,2440394.0,124709396.0
20260310,8261,富鼎,listed,98.2,101.5,97.6,99.1,2961880.0,294375922.0
20260310,8271,宇瞻,listed,126.0,133.5,124.5,131.0,19574236.0,2534314704.0
20260310,8341,日友,listed,76.9,76.9,75.7,76.2,184541.0,14067324.0
20260310,8367,建新國際,listed,45.9,45.9,45.3,45.7,55891.0,2546784.0
20260310,8374,羅昇,listed,71.2,73.5,71.2,72.9,348670.0,25209312.0
20260310,8404,百和興業-KY,listed,20.95,20.95,20.55,20.55,626781.0,12989179.0
20260310,8411,福貞-KY,listed,12.2,12.2,12.0,12.2,68598.0,830364.0
20260310,8422,可寧衛*,listed,30.95,30.95,30.3,30.45,10540239.0,322302664.0
20260310,8429,金麗-KY,listed,7.17,7.17,7.09,7.14,152587.0,1086979.0
20260310,8438,昶昕,listed,70.0,70.2,65.2,65.5,1654782.0,111181770.0
20260310,8442,威宏-KY,listed,61.0,62.5,61.0,61.9,42890.0,2645750.0
20260310,8443,阿瘦,listed,11.55,11.8,11.55,11.8,973269.0,10249437.0
20260310,8454,富邦媒,listed,179.5,183.0,175.5,178.0,398728.0,71072292.0
20260310,8462,柏文,listed,135.0,138.0,134.5,137.5,117173.0,15882468.0
20260310,8463,潤泰材,listed,26.2,26.4,26.2,26.4,50560.0,1333607.0
20260310,8464,億豐,listed,374.5,374.5,365.0,367.0,690564.0,253836371.0
20260310,8466,美吉吉-KY,listed,19.2,19.5,19.2,19.4,18118.0,350955.0
20260310,8467,波力-KY,listed,155.5,159.0,154.5,157.5,46598.0,7292421.0
20260310,8473,山林水,listed,36.8,36.95,36.1,36.2,341363.0,12488115.0
20260310,8476,台境*,listed,19.15,19.5,18.85,19.0,489802.0,9342528.0
20260310,8478,東哥遊艇,listed,163.0,168.5,162.5,168.5,156722.0,26007279.0
20260310,8481,政伸,listed,42.15,42.15,41.95,41.95,22088.0,928704.0
20260310,8482,商億-KY,listed,48.0,48.0,47.95,48.0,7000.0,335950.0
20260310,8487,愛爾達-創,listed,81.3,82.6,80.6,82.0,32101.0,2612250.0
20260310,8488,吉源-KY,listed,9.68,9.92,9.68,9.92,13000.0,127240.0
20260310,8499,鼎炫-KY,listed,262.0,269.0,257.5,269.0,83234.0,21787215.0
20260310,8926,台汽電,listed,45.15,46.05,44.6,45.7,1936353.0,88100108.0
20260310,8940,新天地,listed,19.05,19.2,18.25,18.9,55019.0,1032930.0
20260310,8996,高力,listed,738.0,770.0,738.0,769.0,522139.0,397375383.0
20260310,9103,美德醫療-DR,listed,5.16,5.19,5.09,5.14,683673.0,3511539.0
20260310,9105,泰金寶-DR,listed,5.46,5.57,5.46,5.49,10674026.0,58781933.0
20260310,9110,越南控-DR,listed,3.1,3.16,3.1,3.15,38000.0,119430.0
20260310,9136,巨騰-DR,listed,8.89,9.25,8.85,9.25,8049616.0,74125886.0
20260310,9802,鈺齊-KY,listed,87.0,88.0,85.3,85.9,1031391.0,89122750.0
20260310,9902,台火,listed,15.25,15.45,15.15,15.15,138618.0,2114724.0
20260310,9904,寶成,listed,30.0,30.0,29.15,29.35,7323197.0,215679927.0
20260310,9905,大華,listed,20.55,20.6,20.45,20.55,74345.0,1524672.0
20260310,9906,欣巴巴,listed,40.2,40.2,39.8,39.95,116452.0,4653921.0
20260310,9907,統一實,listed,18.75,18.85,18.6,18.65,2382360.0,44649976.0
20260310,9908,大台北,listed,31.05,31.05,31.05,31.05,2182698.0,67772611.0
20260310,9910,豐泰,listed,90.3,91.0,87.3,88.8,2324629.0,206081806.0
20260310,9911,櫻花,listed,88.6,89.4,88.3,88.6,266241.0,23647223.0
20260310,9912,偉聯,listed,12.15,12.3,12.05,12.3,1670614.0,18452728.0
20260310,9914,美利達,listed,69.8,70.9,68.0,68.7,1210524.0,83694925.0
20260310,9917,中保科,listed,105.0,105.5,104.5,104.5,416093.0,43634313.0
20260310,9918,欣天然,listed,55.2,55.2,55.2,55.2,831441.0,45895469.0
20260310,9919,康那香,listed,15.75,15.8,15.55,15.65,376945.0,5922190.0
20260310,9921,巨大,listed,76.1,77.0,73.6,73.8,2090736.0,156364155.0
20260310,9924,福興,listed,45.4,45.65,45.1,45.1,116730.0,5302580.0
20260310,9925,新保,listed,40.8,41.0,40.8,40.9,210324.0,8602772.0
20260310,9926,新海,listed,51.5,51.5,51.5,51.5,435186.0,22416816.0
20260310,9927,泰銘,listed,67.0,67.6,66.8,67.0,72920.0,4892609.0
20260310,9928,中視,listed,17.7,17.9,17.6,17.7,14162.0,250810.0
20260310,9929,秋雨,listed,10.2,10.45,10.2,10.45,4000.0,41050.0
20260310,9930,中聯資源,listed,70.8,70.8,70.4,70.6,76277.0,5388442.0
20260310,9931,欣高,listed,46.2,46.2,46.2,46.2,435432.0,20121860.0
20260310,9933,中鼎,listed,31.15,31.7,30.6,31.1,6195641.0,192292178.0
20260310,9934,成霖,listed,9.46,9.51,9.37,9.41,401939.0,3795948.0
20260310,9935,慶豐富,listed,18.45,19.1,18.4,18.7,561254.0,10517307.0
20260310,9937,全國,listed,57.7,57.7,56.8,57.7,602246.0,34339425.0
20260310,9938,百和,listed,48.8,49.95,48.8,49.45,1028445.0,50890518.0
20260310,9939,宏全,listed,121.0,124.0,120.5,123.5,1141326.0,139930666.0
20260310,9940,信義,listed,20.25,20.4,20.1,20.2,322994.0,6531648.0
20260310,9941,裕融,listed,75.5,76.5,75.2,76.3,1627263.0,123755502.0
20260310,9942,茂順,listed,115.5,116.0,114.5,114.5,95781.0,11019824.0
20260310,9943,好樂迪,listed,56.2,56.3,55.9,56.3,65447.0,3672514.0
20260310,9944,新麗,listed,16.35,16.55,16.3,16.3,60292.0,988314.0
20260310,9945,潤泰新,listed,27.9,28.05,27.7,27.9,5069351.0,141245035.0
20260310,9946,三發地產,listed,16.9,17.3,16.9,17.2,532178.0,9115329.0
20260310,9955,佳龍,listed,32.9,34.8,32.85,34.45,1619899.0,55086016.0
20260310,9958,世紀鋼,listed,124.0,126.5,123.0,123.5,1161813.0,144364923.0
20260310,0200,兆豐半導體氣候N,otc,20.27,20.27,19.05,19.05,40000.0,796560.0
20260310,1240,茂生農經,otc,58.3,58.4,57.8,58.4,14134.0,822723.0
20260310,1259,安心,otc,57.0,59.0,56.7,59.0,20106.0,1161463.0
20260310,1264,德麥,otc,273.0,273.0,271.5,271.5,35896.0,9780015.0
20260310,1268,漢來美食,otc,159.5,159.5,158.0,158.0,45810.0,7270547.0
20260310,1294,漢田生技,otc,77.8,78.0,77.7,77.7,19303.0,1503072.0
20260310,1295,生合,otc,51.1,51.5,50.6,50.6,44948.0,2292315.0
20260310,1336,台翰,otc,13.65,13.7,13.45,13.45,99532.0,1348332.0
20260310,1565,精華,otc,95.4,95.7,93.5,93.6,440730.0,41621728.0
20260310,1569,濱川,otc,52.1,53.7,51.1,52.0,1409178.0,73546149.0
20260310,1570,力肯,otc,39.8,40.0,39.4,39.4,352540.0,13981401.0
20260310,1580,新麥,otc,123.0,123.0,121.5,122.0,74246.0,9075331.0
20260310,1584,精剛,otc,19.75,19.95,19.45,19.75,780410.0,15352023.0
20260310,1586,和勤,otc,21.8,22.2,21.55,22.0,369879.0,8112576.0
20260310,1591,駿吉-KY,otc,52.9,53.8,50.0,50.6,904697.0,46409615.0
20260310,1593,祺驊,otc,30.95,32.0,30.95,31.2,25154.0,783829.0
20260310,1595,川寶,otc,92.7,92.7,85.0,85.0,965804.0,83714314.0
20260310,1599,宏佳騰,otc,23.7,24.1,23.5,23.85,72885.0,1738012.0
20260310,1742,台蠟,otc,15.2,15.9,15.05,15.05,38619.0,590039.0
20260310,1777,生泰,otc,70.7,70.8,70.5,70.7,29035.0,2052082.0
20260310,1781,合世,otc,10.4,10.5,10.3,10.4,40019.0,417142.0
20260310,1784,訊聯,otc,78.6,78.6,73.0,73.0,337813.0,25414106.0
20260310,1785,光洋科,otc,151.0,159.0,149.5,153.0,26613704.0,4105068522.0
20260310,1788,杏昌,otc,136.0,136.0,135.0,135.5,28196.0,3817322.0
20260310,1796,金穎生技,otc,36.4,36.4,35.6,36.0,9129.0,326996.0
20260310,1799,易威,otc,36.8,37.2,35.75,36.15,133675.0,4843055.0
20260310,1813,寶利徠,otc,12.15,12.2,12.1,12.2,44614.0,541749.0
20260310,1815,富喬,otc,107.5,108.5,102.0,102.5,23524299.0,2467684994.0
20260310,2035,唐榮,otc,28.2,28.2,27.6,27.6,19165.0,537744.0
20260310,2061,風青,otc,21.6,22.0,21.15,21.15,707406.0,15236670.0
20260310,2063,世鎧,otc,25.35,25.35,24.9,25.15,20292.0,508937.0
20260310,2064,晉椿,otc,12.85,12.85,12.8,12.85,33653.0,432195.0
20260310,2065,世豐,otc,33.25,33.7,33.0,33.5,203619.0,6769434.0
20260310,2066,世德,otc,61.1,61.1,57.6,60.7,1229914.0,73614414.0
20260310,2067,嘉鋼,otc,6.92,6.92,6.77,6.87,35031.0,240062.0
20260310,2070,精湛,otc,64.3,67.6,63.8,65.2,949157.0,62184188.0
20260310,2221,大甲,otc,46.1,49.0,46.1,48.1,7636711.0,361054982.0
20260310,2230,泰茂,otc,29.85,30.2,29.05,29.05,305445.0,9022405.0
20260310,2235,謚源,otc,30.05,30.4,30.05,30.4,4202.0,127188.0
20260310,2596,綠意,otc,29.75,29.75,28.5,28.55,148515.0,4277167.0
20260310,2640,大車隊,otc,166.0,166.0,161.5,162.5,19869.0,3257347.0
20260310,2641,正德,otc,17.95,17.95,17.35,17.35,2064371.0,36299230.0
20260310,2643,捷迅,otc,66.8,66.8,65.6,66.5,35606.0,2346501.0
20260310,2718,全心投控,otc,47.05,47.05,46.3,46.4,116130.0,5402628.0
20260310,2719,燦星旅,otc,25.95,25.95,25.55,25.55,12122.0,312236.0
20260310,2724,藝舍-KY,otc,14.5,14.5,14.25,14.45,25068.0,358479.0
20260310,2726,雅茗-KY,otc,9.33,9.63,9.24,9.34,86371.0,806586.0
20260310,2729,瓦城,otc,163.5,165.0,162.5,164.0,45233.0,7393980.0
20260310,2732,六角,otc,65.6,65.8,64.6,65.8,39369.0,2576110.0
20260310,2734,易飛網,otc,15.55,15.85,15.4,15.4,101548.0,1570839.0
20260310,2736,富野,otc,12.35,12.35,12.0,12.0,136959.0,1660444.0
20260310,2740,華軒,otc,37.9,37.9,33.9,37.2,7100.0,252234.0
20260310,2743,山富,otc,69.8,69.8,67.5,67.6,152094.0,10409020.0
20260310,2745,五福,otc,102.5,102.5,100.5,101.0,146132.0,14783908.0
20260310,2751,王座,otc,53.2,53.5,52.9,53.5,18543.0,985967.0
20260310,2752,豆府,otc,183.0,183.0,180.0,182.0,29931.0,5425893.0
20260310,2754,亞洲藏壽司,otc,71.2,71.4,69.3,69.5,24814.0,1738933.0
20260310,2755,揚秦,otc,132.5,133.0,131.5,131.5,26508.0,3506452.0
20260310,2756,聯發國際,otc,60.6,60.7,59.6,60.0,35198.0,2113344.0
20260310,2916,滿心,otc,46.5,47.1,46.45,46.75,58665.0,2735996.0
20260310,2926,誠品生活,otc,35.4,36.0,35.4,35.95,16154.0,576710.0
20260310,2937,集雅社,otc,45.8,46.2,44.3,46.2,17071.0,774349.0
20260310,2941,米斯特,otc,31.05,32.95,30.85,32.9,15003.0,474300.0
20260310,2947,振宇五金,otc,78.5,78.5,78.5,78.5,3382.0,265427.0
20260310,2948,寶陞,otc,37.0,39.45,37.0,39.45,5803.0,219483.0
20260310,2949,欣新網,otc,58.5,63.0,58.5,61.2,43086.0,2664546.0
20260310,3064,泰偉,otc,20.2,20.2,18.3,18.3,12529.0,232270.0
20260310,3066,李洲,otc,18.3,19.75,18.15,19.4,654660.0,12318577.0
20260310,3067,全域,otc,17.25,17.3,17.25,17.3,13000.0,224400.0
20260310,3071,協禧,otc,30.0,30.15,29.0,29.05,568683.0,16868290.0
20260310,3073,天方能源,otc,21.6,22.0,20.85,22.0,172626.0,3765772.0
20260310,3078,僑威,otc,55.0,55.5,53.8,53.9,1894375.0,103188376.0
20260310,3081,聯亞,otc,3000.0,3000.0,2655.0,2655.0,3144828.0,8686195655.0
20260310,3083,網龍,otc,26.45,27.85,26.25,27.35,402218.0,10967008.0
20260310,3085,新零售,otc,12.6,12.6,12.55,12.6,9100.0,114454.0
20260310,3086,華義*,otc,38.7,39.65,37.65,37.85,410884.0,15752622.0
20260310,3088,艾訊,otc,131.5,133.5,128.5,131.0,2270263.0,296603210.0
20260310,3093,港建*,otc,52.2,52.9,49.7,50.5,1490153.0,76185505.0
20260310,3095,及成,otc,45.95,45.95,44.3,45.0,22301.0,999901.0
20260310,3105,穩懋,otc,490.0,492.5,452.0,458.5,28148641.0,13095387461.0
20260310,3114,好德,otc,27.5,28.0,26.9,27.0,934816.0,25869454.0
20260310,3115,富榮綱,otc,9.33,9.38,9.25,9.37,30173.0,280622.0
20260310,3118,進階,otc,33.55,33.65,33.55,33.55,9749.0,329128.0
20260310,3122,笙泉,otc,38.5,39.0,36.25,36.8,724869.0,26943978.0
20260310,3128,昇銳,otc,23.5,23.5,22.7,22.7,89913.0,2066340.0
20260310,3131,弘塑,otc,3060.0,3060.0,2870.0,2870.0,464023.0,1355348435.0
20260310,3141,晶宏,otc,64.2,68.8,64.2,65.5,5734178.0,383117917.0
20260310,3147,大綜,otc,177.5,179.5,171.5,172.0,290704.0,51021313.0
20260310,3152,璟德,otc,175.0,185.0,165.0,166.0,4166253.0,730533496.0
20260310,3158,嘉實,otc,87.5,87.5,87.0,87.1,13501.0,1179016.0
20260310,3162,精確,otc,83.7,86.8,83.5,83.7,3633030.0,308811981.0
20260310,3163,波若威,otc,1020.0,1020.0,950.0,950.0,882389.0,865902433.0
20260310,3169,亞信,otc,114.5,115.5,109.0,110.5,624083.0,69852087.0
20260310,3171,炎洲流通,otc,70.3,70.3,67.5,67.9,35853.0,2488400.0
20260310,3176,基亞,otc,32.95,34.3,32.95,33.6,1943721.0,66088476.0
20260310,3178,公準,otc,68.0,68.6,66.0,66.3,96041.0,6458717.0
20260310,3188,鑫龍騰,otc,25.0,25.0,24.1,24.1,372572.0,9087550.0
20260310,3191,雲嘉南,otc,14.0,14.5,13.7,14.2,91381.0,1292024.0
20260310,3205,佰研,otc,53.0,54.6,52.8,53.1,155513.0,8332431.0
20260310,3206,志豐,otc,38.55,38.95,38.0,38.1,220106.0,8453172.0
20260310,3207,耀勝,otc,57.3,62.9,54.6,62.9,773997.0,44567511.0
20260310,3211,順達,otc,377.0,387.5,357.0,359.5,10131419.0,3748216971.0
20260310,3213,茂訊,otc,116.0,116.5,113.5,114.0,604790.0,69387465.0
20260310,3217,優群,otc,190.0,191.0,183.0,184.0,2724742.0,505097160.0
20260310,3218,大學光,otc,130.5,130.5,127.0,127.0,280954.0,36164366.0
20260310,3219,倚強科,otc,82.6,89.2,81.8,89.2,2247503.0,194136362.0
20260310,3221,台嘉碩,otc,42.2,43.75,40.0,40.55,4538814.0,190235901.0
20260310,3224,三顧,otc,43.6,43.6,41.8,42.0,129519.0,5490948.0
20260310,3226,龍鋒,otc,40.0,41.5,40.0,41.5,5161.0,212109.0
20260310,3227,原相,otc,230.0,233.5,220.0,220.0,2847973.0,646632490.0
20260310,3228,金麗科,otc,210.0,213.5,195.0,199.0,1317831.0,267034982.0
20260310,3230,錦明,otc,31.6,32.0,30.25,30.25,700383.0,21705350.0
20260310,3232,昱捷,otc,20.8,20.8,20.25,20.75,98457.0,2014399.0
20260310,3234,光環,otc,100.0,101.0,95.6,96.5,1983063.0,193000167.0
20260310,3236,千如,otc,39.15,42.7,38.0,38.9,20187051.0,814004129.0
20260310,3252,海灣,otc,18.1,18.2,18.1,18.15,5101.0,92566.0
20260310,3259,鑫創,otc,17.1,17.1,16.5,16.5,62520.0,1045565.0
20260310,3260,威剛,otc,452.0,452.0,424.5,425.0,17143130.0,7451268334.0
20260310,3264,欣銓,otc,232.0,241.0,222.0,226.0,19342641.0,4442983589.0
20260310,3265,台星科,otc,184.5,187.5,180.5,183.5,3756595.0,691998256.0
20260310,3268,海德威,otc,17.25,18.55,17.25,17.3,464260.0,8405466.0
20260310,3272,東碩,otc,18.0,18.0,17.2,17.25,168806.0,2967642.0
20260310,3276,宇環,otc,15.4,15.65,14.7,14.75,508973.0,7659113.0
20260310,3284,太普高,otc,16.0,16.0,15.6,15.65,191345.0,3031023.0
20260310,3285,微端,otc,28.25,29.0,28.0,29.0,60169.0,1715117.0
20260310,3287,廣寰科,otc,31.9,32.9,31.8,32.0,574759.0,18559586.0
20260310,3288,點晶,otc,15.0,15.25,15.0,15.25,7106.0,107829.0
20260310,3289,宜特,otc,169.0,178.0,166.5,167.0,3923393.0,671133967.0
20260310,3290,東浦,otc,48.45,48.8,44.15,45.05,2969438.0,137915868.0
20260310,3293,鈊象,otc,724.0,729.0,717.0,721.0,1783382.0,1285704599.0
20260310,3294,英濟,otc,36.4,36.5,35.7,36.5,2989821.0,108972137.0
20260310,3297,杭特,otc,31.35,31.7,30.3,30.6,116990.0,3596907.0
20260310,3303,岱稜,otc,50.5,50.5,49.1,49.15,398193.0,19741754.0
20260310,3306,鼎天,otc,45.0,45.45,44.45,44.7,220461.0,9922396.0
20260310,3310,佳穎,otc,69.5,69.5,68.2,69.5,23075.0,1591107.0
20260310,3313,斐成,otc,11.3,11.3,11.0,11.05,271454.0,3027516.0
20260310,3317,尼克森,otc,75.0,76.1,71.7,75.3,13856373.0,1036616207.0
20260310,3322,建舜電,otc,13.7,13.8,12.85,12.9,1306121.0,17259518.0
20260310,3323,加百裕,otc,35.8,37.0,34.35,34.7,2413027.0,86300298.0
20260310,3324,雙鴻,otc,1040.0,1050.0,990.0,995.0,2759717.0,2793440220.0
20260310,3325,旭品,otc,12.1,12.35,12.0,12.05,507390.0,6150328.0
20260310,3332,幸康,otc,66.7,67.9,64.2,64.5,17108.0,1112033.0
20260310,3339,泰谷,otc,49.15,53.0,47.6,48.05,3097608.0,154731280.0
20260310,3349,寶德,otc,19.15,19.2,17.15,19.0,271429.0,5062009.0
20260310,3354,律勝,otc,33.7,34.5,32.25,33.0,1306567.0,43546884.0
20260310,3357,臺慶科,otc,221.0,249.5,218.0,220.0,13240307.0,3074920587.0
20260310,3360,尚立,otc,15.6,15.9,14.9,14.9,1339040.0,20299634.0
20260310,3362,先進光,otc,113.0,120.0,111.5,112.5,6612631.0,760991028.0
20260310,3363,上詮,otc,936.0,946.0,836.0,841.0,5946844.0,5240031985.0
20260310,3372,典範,otc,19.35,20.0,19.3,19.55,883923.0,17417084.0
20260310,3373,熱映,otc,16.85,17.0,16.8,16.8,54604.0,920742.0
20260310,3374,精材,otc,279.5,285.0,273.0,278.0,47620022.0,13444690255.0
20260310,3379,彬台,otc,34.15,37.55,34.15,37.55,1007610.0,37185923.0
20260310,3388,崇越電,otc,110.0,110.5,97.2,97.2,5041293.0,508203108.0
20260310,3390,旭軟,otc,28.0,28.95,26.85,26.85,5173415.0,145092383.0
20260310,3402,漢科,otc,140.5,140.5,135.0,135.5,791188.0,108595803.0
20260310,3426,台興,otc,47.7,47.7,47.7,47.7,17003.0,811042.0
20260310,3430,奇鈦科,otc,173.0,187.5,172.5,172.5,6590733.0,1186774250.0
20260310,3434,哲固,otc,28.4,29.05,28.35,28.35,92697.0,2645651.0
20260310,3438,類比科,otc,63.4,67.5,62.7,65.0,995699.0,65161090.0
20260310,3441,聯一光,otc,44.65,46.4,43.1,44.45,5923949.0,265356258.0
20260310,3444,利機,otc,95.9,97.0,91.0,92.5,505353.0,47142473.0
20260310,3455,由田,otc,289.0,289.0,264.0,264.5,500538.0,135669940.0
20260310,3465,進泰電子,otc,27.5,27.85,27.35,27.85,17180.0,472998.0
20260310,3466,德晉,otc,39.45,39.45,37.0,37.0,664919.0,25113856.0
20260310,3467,台灣精材,otc,66.0,67.5,64.6,65.2,267831.0,17634876.0
20260310,3479,安勤,otc,105.0,105.5,102.0,102.0,1012081.0,104760360.0
20260310,3483,力致,otc,88.8,90.2,87.0,87.7,1122659.0,99601904.0
20260310,3484,崧騰,otc,42.75,42.9,42.1,42.35,325444.0,13800651.0
20260310,3485,敘豐,otc,292.0,292.5,271.5,275.0,392890.0,109622470.0
20260310,3489,森寶,otc,22.0,22.2,21.3,21.55,197681.0,4265646.0
20260310,3490,單井,otc,39.2,39.2,35.15,36.9,8333672.0,318297292.0
20260310,3491,昇達科,otc,1650.0,1725.0,1615.0,1690.0,2223617.0,3738830340.0
20260310,3492,長盛,otc,22.7,22.7,22.25,22.25,70650.0,1592877.0
20260310,3498,陽程,otc,141.0,149.0,132.5,149.0,7585878.0,1091590283.0
20260310,3499,環天科,otc,14.65,14.7,14.25,14.5,90698.0,1313533.0
20260310,3508,位速,otc,20.0,20.15,19.35,19.55,392059.0,7733336.0
20260310,3511,矽瑪,otc,20.5,20.9,19.8,19.8,318275.0,6446034.0
20260310,3512,皇龍,otc,20.55,20.55,20.2,20.2,110357.0,2239045.0
20260310,3516,亞帝歐,otc,25.5,25.5,22.9,22.9,2223633.0,52041492.0
20260310,3520,華盈,otc,15.05,15.05,14.7,14.9,198625.0,2949163.0
20260310,3521,台鋼建設,otc,13.2,13.2,13.0,13.1,46316.0,607138.0
20260310,3522,御嵿,otc,12.9,13.2,12.6,12.65,167905.0,2158445.0
20260310,3523,迎輝,otc,11.65,11.65,10.5,10.55,128535.0,1372301.0
20260310,3526,凡甲,otc,385.0,385.0,373.5,374.0,839896.0,318719589.0
20260310,3527,聚積,otc,62.3,62.5,60.0,60.0,172232.0,10495469.0
20260310,3529,力旺,otc,3960.0,4025.0,3800.0,3830.0,509287.0,1982027565.0
20260310,3531,先益,otc,23.4,23.4,23.4,23.4,1014.0,23721.0
20260310,3537,堡達,otc,51.5,56.5,51.4,53.0,4683357.0,253322165.0
20260310,3540,曜越,otc,26.9,26.9,26.0,26.2,364207.0,9541014.0
20260310,3541,西柏,otc,22.8,22.9,22.8,22.8,84733.0,1937007.0
20260310,3546,宇峻,otc,78.6,78.7,78.6,78.7,751742.0,59138020.0
20260310,3548,兆利,otc,94.6,96.7,92.8,93.0,629387.0,59673321.0
20260310,3551,世禾,otc,217.0,217.0,205.0,206.5,1576816.0,330289429.0
20260310,3552,同致,otc,55.5,56.6,53.0,53.0,524105.0,28557133.0
20260310,3555,博士旺,otc,216.0,224.0,205.0,205.0,275367.0,58823155.0
20260310,3556,禾瑞亞,otc,54.3,55.0,52.2,52.2,428052.0,22867923.0
20260310,3558,神準,otc,111.5,121.0,111.5,121.0,656181.0,78389194.0
20260310,3564,其陽,otc,42.0,42.0,41.0,41.0,148289.0,6129346.0
20260310,3567,逸昌,otc,28.5,29.5,28.25,28.35,131996.0,3784414.0
20260310,3570,大塚,otc,174.5,174.5,171.0,171.5,40925.0,7074467.0
20260310,3577,泓格,otc,113.0,119.5,105.5,108.0,3323696.0,371527926.0
20260310,3580,友威科,otc,96.0,105.0,94.5,105.0,6425036.0,657439645.0
20260310,3581,博磊,otc,226.0,226.0,204.0,210.0,369740.0,78476495.0
20260310,3587,閎康,otc,370.0,377.0,350.0,353.0,4087089.0,1471972363.0
20260310,3594,磐儀,otc,53.0,53.3,49.7,49.7,2839047.0,145276911.0
20260310,3597,映興,otc,27.5,27.85,26.85,26.85,94448.0,2572124.0
20260310,3609,三一東林,otc,27.95,28.25,25.1,27.35,871010.0,23063027.0
20260310,3611,鼎翰,otc,191.0,191.0,187.5,188.0,41731.0,7877768.0
20260310,3615,安可,otc,36.25,39.5,35.35,37.25,12587370.0,472892114.0
20260310,3623,富晶通,otc,23.0,23.2,22.65,22.8,44750.0,1022393.0
20260310,3624,光頡,otc,74.1,80.5,71.4,76.2,33811522.0,2625955732.0
20260310,3625,西勝,otc,14.5,14.65,13.65,13.9,759141.0,10645273.0
20260310,3628,盈正,otc,64.6,64.8,62.9,62.9,242723.0,15468269.0
20260310,3630,新鉅科,otc,25.5,27.0,25.3,25.6,1841771.0,48059177.0
20260310,3631,晟楠,otc,39.0,39.5,38.1,38.1,184365.0,7097456.0
20260310,3632,研勤,otc,8.23,8.23,8.22,8.22,30205.0,248794.0
20260310,3646,艾恩特,otc,24.45,24.6,23.3,23.8,95423.0,2271958.0
20260310,3663,鑫科,otc,68.8,72.6,67.7,69.0,3634712.0,253938716.0
20260310,3664,安瑞-KY,otc,9.23,9.23,9.23,9.23,90960.0,839556.0
20260310,3666,光耀,otc,29.0,29.1,28.3,28.65,152314.0,4376661.0
20260310,3672,康聯訊,otc,11.05,11.25,11.0,11.0,8015.0,88755.0
20260310,3675,德微,otc,259.0,267.0,240.5,242.0,2240042.0,559110837.0
20260310,3680,家登,otc,592.0,592.0,557.0,568.0,3254170.0,1865277445.0
20260310,3684,榮昌,otc,58.3,60.1,58.3,59.3,183469.0,10923591.0
20260310,3685,元創精密,otc,28.15,28.15,27.0,27.5,237020.0,6478066.0
20260310,3687,歐買尬,otc,63.2,64.2,62.5,62.5,90781.0,5729196.0
20260310,3689,湧德,otc,124.0,126.0,118.5,119.0,3281073.0,398533032.0
20260310,3691,碩禾,otc,152.5,152.5,146.5,152.5,5168488.0,781776449.0
20260310,3693,營邦,otc,567.0,567.0,544.0,546.0,1094076.0,603841590.0
20260310,3707,漢磊,otc,85.0,87.5,79.2,80.4,50909662.0,4216660856.0
20260310,3709,鑫聯大投控,otc,82.3,84.5,79.8,81.1,2683461.0,219658206.0
20260310,3710,連展投控,otc,6.22,6.23,6.09,6.18,340288.0,2093975.0
20260310,3713,新晶投控,otc,13.55,13.55,12.95,13.25,288314.0,3811432.0
20260310,4102,永日,otc,17.2,17.2,16.9,17.0,73530.0,1252743.0
20260310,4105,東洋,otc,76.2,76.4,74.5,75.1,697385.0,52531711.0
20260310,4107,邦特,otc,119.0,119.5,118.5,118.5,59175.0,7046012.0
20260310,4109,加捷生醫,otc,11.2,11.3,11.0,11.05,331261.0,3685395.0
20260310,4111,濟生,otc,30.2,30.6,30.0,30.15,124024.0,3755632.0
20260310,4113,聯上,otc,14.4,14.6,14.35,14.6,241925.0,3501049.0
20260310,4114,健喬,otc,30.75,31.25,30.65,30.65,1423744.0,43961512.0
20260310,4116,明基醫,otc,38.3,38.3,38.25,38.25,25150.0,963106.0
20260310,4120,友華,otc,46.25,46.75,46.2,46.2,126981.0,5871312.0
20260310,4121,優盛,otc,13.95,13.95,13.7,13.7,97119.0,1335169.0
20260310,4123,晟德,otc,39.75,39.75,38.3,38.3,4069225.0,158243299.0
20260310,4126,太醫,otc,80.0,80.5,79.9,80.0,26359.0,2109162.0
20260310,4127,天良,otc,41.25,41.25,39.05,39.1,2597766.0,101893127.0
20260310,4128,中天,otc,15.4,15.4,14.55,14.6,2041000.0,30253166.0
20260310,4129,聯合,otc,91.9,93.6,91.9,93.2,238104.0,22129652.0
20260310,4130,健亞,otc,28.2,28.2,27.5,27.6,124562.0,3462325.0
20260310,4131,浩泰,otc,35.35,35.35,34.85,35.3,51006.0,1791708.0
20260310,4138,曜亞,otc,51.3,51.5,51.2,51.2,54928.0,2818246.0
20260310,4139,馬光-KY,otc,23.9,24.4,23.5,24.4,8120.0,192408.0
20260310,4147,中裕,otc,52.8,54.0,50.5,51.1,1540757.0,80392471.0
20260310,4153,鈺緯,otc,30.7,31.4,30.25,30.5,37647.0,1147288.0
20260310,4154,樂威科-KY,otc,14.45,14.45,13.3,13.3,67201.0,941816.0
20260310,4157,太景*-KY,otc,9.24,9.39,9.13,9.17,880760.0,8099456.0
20260310,4160,訊聯基因,otc,43.1,43.5,41.5,41.85,117870.0,5057970.0
20260310,4161,聿新科,otc,23.1,23.5,22.6,23.4,149181.0,3454552.0
20260310,4162,智擎,otc,56.2,56.3,55.0,55.0,414162.0,23012129.0
20260310,4163,鐿鈦,otc,114.0,118.0,113.5,118.0,390568.0,45716623.0
20260310,4166,友霖,otc,26.2,26.4,25.65,25.7,230588.0,6000084.0
20260310,4167,松瑞藥,otc,19.3,19.3,18.85,18.9,909915.0,17393827.0
20260310,4168,醣聯,otc,22.65,24.9,22.65,24.5,1079441.0,26436405.0
20260310,4171,瑞基,otc,18.05,18.2,17.75,17.75,122753.0,2197896.0
20260310,4173,久裕,otc,18.8,18.8,18.3,18.4,126226.0,2332328.0
20260310,4174,浩鼎,otc,33.5,33.6,32.5,32.5,441778.0,14580243.0
20260310,4175,杏一,otc,53.4,53.9,53.0,53.0,35457.0,1900247.0
20260310,4183,福永生技,otc,13.25,13.25,13.25,13.25,10005.0,132566.0
20260310,4188,安克,otc,11.5,11.55,11.45,11.55,14865.0,170920.0
20260310,4198,欣大健康,otc,37.0,37.15,37.0,37.15,4397.0,162505.0
20260310,4205,中華食,otc,73.1,73.1,72.9,73.0,33175.0,2421879.0
20260310,4207,環泰,otc,19.05,19.05,18.65,18.85,415690.0,7812326.0
20260310,4303,信立,otc,48.55,49.2,47.0,47.0,1271197.0,61126004.0
20260310,4304,勝昱,otc,29.8,30.0,28.3,28.9,31000.0,901600.0
20260310,4305,世坤,otc,44.3,44.45,43.9,44.0,16002.0,706438.0
20260310,4401,東隆興,otc,14.15,14.8,14.0,14.8,343586.0,4985749.0
20260310,4402,郡都開發,otc,11.7,12.65,11.4,12.25,165278.0,1958853.0
20260310,4406,新昕纖,otc,10.0,10.0,9.81,9.91,486108.0,4814470.0
20260310,4413,飛寶企業,otc,18.15,18.4,18.1,18.4,4225.0,76872.0
20260310,4416,三圓,otc,12.35,12.35,11.5,11.55,266002.0,3138334.0
20260310,4417,金洲,otc,46.0,46.0,45.05,45.1,230077.0,10434900.0
20260310,4419,皇家美食,otc,46.1,47.0,45.05,46.3,16248.0,748168.0
20260310,4420,光明,otc,41.0,41.0,40.45,40.45,77881.0,3159263.0
20260310,4430,耀億,otc,16.55,17.15,16.55,17.0,24920.0,420111.0
20260310,4432,銘旺實,otc,18.0,18.2,16.95,17.4,826219.0,14507899.0
20260310,4433,興采,otc,20.1,21.55,20.1,21.55,271902.0,5743268.0
20260310,4442,竣邦-KY,otc,53.0,53.0,49.55,51.0,110280.0,5627944.0
20260310,4502,健信,otc,15.8,16.1,15.3,16.1,57254.0,900348.0
20260310,4503,金雨,otc,44.45,44.8,43.4,43.4,274191.0,12124426.0
20260310,4506,崇友,otc,118.5,119.5,118.5,118.5,67271.0,8002400.0
20260310,4510,高鋒,otc,46.85,49.0,46.5,48.55,7229210.0,349093770.0
20260310,4513,福裕,otc,14.85,15.05,14.4,14.4,484260.0,7090612.0
20260310,4523,永彰,otc,29.0,29.0,28.05,28.1,244600.0,6961763.0
20260310,4527,方土霖,otc,43.7,43.7,43.25,43.25,38582.0,1673888.0
20260310,4528,江興鍛,otc,16.0,16.0,15.75,15.75,32490.0,514317.0
20260310,4529,淳紳,otc,5.15,5.47,4.9,5.47,160950.0,829140.0
20260310,4530,宏易,otc,25.3,26.2,25.3,26.2,7177.0,182815.0
20260310,4533,協易機,otc,31.2,32.65,30.6,32.2,5948323.0,190718070.0
20260310,4534,慶騰,otc,23.3,24.15,22.2,22.8,619370.0,14389219.0
20260310,4535,至興,otc,27.55,27.55,27.55,27.55,1215.0,33354.0
20260310,4538,大詠城,otc,18.6,18.6,18.15,18.3,13155.0,241846.0
20260310,4541,晟田,otc,45.55,46.55,44.05,44.1,1813245.0,82285925.0
20260310,4542,科嶠,otc,214.0,217.0,205.0,205.0,320389.0,67309230.0
20260310,4543,萬在,otc,36.9,37.8,36.9,37.3,261899.0,9794052.0
20260310,4549,桓達,otc,98.4,99.1,94.1,94.6,255791.0,24614881.0
20260310,4550,長佳,otc,24.35,24.7,24.25,24.7,43342.0,1057572.0
20260310,4554,橙的,otc,31.15,31.3,30.05,30.15,337690.0,10345906.0
20260310,4556,旭然,otc,42.15,42.65,38.4,38.55,1179937.0,46676887.0
20260310,4558,寶緯,otc,20.2,20.3,19.55,20.1,72045.0,1441508.0
20260310,4561,健椿,otc,49.2,49.4,47.6,48.1,365679.0,17832378.0
20260310,4563,百德,otc,46.8,49.5,46.65,47.3,521396.0,25049183.0
20260310,4568,科際精密,otc,41.05,41.05,40.05,40.1,13055.0,525362.0
20260310,4577,達航科技,otc,135.0,139.0,128.0,129.0,1065383.0,141444947.0
20260310,4580,捷流閥業,otc,82.0,82.8,81.3,81.6,85624.0,7024706.0
20260310,4584,君帆,otc,40.75,42.6,40.75,41.95,8400.0,348800.0
20260310,4609,唐鋒,otc,5.67,5.67,5.37,5.63,117453.0,665024.0
20260310,4702,中美實,otc,9.67,9.96,9.67,9.79,237680.0,2344187.0
20260310,4706,大恭,otc,31.7,32.0,31.7,32.0,12156.0,388272.0
20260310,4707,磐亞,otc,15.05,15.1,14.6,14.75,1216259.0,18063241.0
20260310,4711,永純,otc,16.5,17.15,16.5,16.85,186329.0,3136077.0
20260310,4714,永捷,otc,13.85,13.85,13.25,13.25,1644058.0,22206461.0
20260310,4716,大立,otc,15.0,15.4,15.0,15.15,450138.0,6811700.0
20260310,4721,美琪瑪,otc,94.4,94.4,89.4,89.8,1648771.0,150511574.0
20260310,4726,永昕,otc,29.0,29.45,28.0,28.25,505911.0,14487827.0
20260310,4728,雙美,otc,384.5,384.5,384.5,384.5,5029.0,1933568.0
20260310,4729,熒茂,otc,20.45,21.2,20.45,20.75,310368.0,6435710.0
20260310,4735,豪展,otc,30.9,30.9,30.7,30.75,18460.0,568077.0
20260310,4741,泓瀚,otc,64.4,65.0,58.1,58.2,1870876.0,114732292.0
20260310,4743,合一,otc,52.3,52.3,50.2,50.3,2550227.0,129952068.0
20260310,4744,皇將,otc,33.5,33.85,33.05,33.1,467643.0,15612747.0
20260310,4745,合富-KY,otc,19.95,19.95,18.55,18.7,145955.0,2781928.0
20260310,4747,強生,otc,56.5,58.0,56.5,58.0,102569.0,5875350.0
20260310,4749,新應材,otc,1140.0,1145.0,1010.0,1015.0,4648196.0,4875012320.0
20260310,4754,國碳科,otc,38.5,38.7,38.5,38.5,47308.0,1823483.0
20260310,4760,勤凱,otc,317.0,320.0,289.5,299.0,2412256.0,733778085.0
20260310,4767,誠泰科技,otc,26.85,27.0,26.45,26.65,23116.0,619245.0
20260310,4768,晶呈科技,otc,470.0,470.0,424.0,430.5,1639287.0,726020964.0
20260310,4772,台特化,otc,309.5,310.5,296.0,299.5,1949912.0,589359510.0
20260310,4806,桂田文創,otc,10.0,10.2,10.0,10.15,7610.0,76903.0
20260310,4903,聯光通,otc,50.0,50.2,47.05,48.6,6646768.0,320854389.0
20260310,4905,台聯電,otc,78.3,80.0,78.2,78.2,21006.0,1655613.0
20260310,4907,富宇,otc,39.2,39.3,38.6,38.85,23230.0,905891.0
20260310,4908,前鼎,otc,245.0,249.0,236.0,242.5,686169.0,166312641.0
20260310,4909,新復興,otc,52.0,52.5,49.05,49.2,1594595.0,80412002.0
20260310,4911,德英,otc,31.0,31.6,31.0,31.0,51537.0,1606169.0
20260310,4923,力士,otc,38.7,39.4,36.4,36.65,500970.0,18797663.0
20260310,4924,欣厚-KY,otc,10.7,11.45,10.6,10.75,308434.0,3459675.0
20260310,4931,新盛力,otc,199.0,213.5,182.5,183.5,24882526.0,4928768501.0
20260310,4933,友輝,otc,69.8,69.9,67.3,67.4,627133.0,42908114.0
20260310,4939,亞電,otc,38.5,40.0,37.55,37.9,3058863.0,118036378.0
20260310,4946,辣椒,otc,106.0,106.0,103.5,103.5,27647.0,2881689.0
20260310,4950,金耘國際,otc,17.5,17.5,16.7,16.75,15614.0,264539.0
20260310,4951,精拓科,otc,130.0,130.0,120.0,120.5,648388.0,78706556.0
20260310,4953,緯軟,otc,118.5,120.0,116.5,117.0,384509.0,45393771.0
20260310,4966,譜瑞-KY,otc,813.0,813.0,738.0,800.0,3411033.0,2627573587.0
20260310,4971,IET-KY,otc,785.0,787.0,705.0,705.0,2775061.0,2051630815.0
20260310,4972,湯石照明,otc,16.4,16.45,16.4,16.4,36892.0,605690.0
20260310,4973,廣穎,otc,119.0,121.5,114.0,117.0,7542968.0,885001455.0
20260310,4974,亞泰,otc,74.7,76.6,74.5,74.6,501275.0,37826856.0
20260310,4979,華星光,otc,600.0,600.0,531.0,531.0,2824650.0,1549733019.0
20260310,4987,科誠,otc,81.6,81.6,81.5,81.6,28084.0,2289797.0
20260310,4991,環宇-KY,otc,716.0,716.0,638.0,642.0,750665.0,497204402.0
20260310,4995,晶達,otc,45.45,45.45,44.1,44.3,78516.0,3519026.0
20260310,5009,榮剛,otc,37.5,38.95,37.15,37.3,5376756.0,204090400.0
20260310,5011,久陽,otc,15.7,15.7,15.05,15.1,630121.0,9622629.0
20260310,5013,強新,otc,27.3,27.5,27.25,27.25,6025.0,164781.0
20260310,5014,建錩,otc,10.1,10.2,10.1,10.15,310237.0,3147676.0
20260310,5015,華祺,otc,22.25,22.25,22.05,22.2,27369.0,606152.0
20260310,5016,松和,otc,25.1,25.2,24.6,25.0,103188.0,2568661.0
20260310,5201,凱衛,otc,30.05,30.05,28.9,29.4,58321.0,1714634.0
20260310,5202,力新,otc,12.6,12.65,12.0,12.1,243635.0,3022712.0
20260310,5205,中茂,otc,22.5,22.5,20.8,21.75,3051.0,66197.0
20260310,5206,坤悅,otc,23.5,23.6,22.8,22.85,120288.0,2782615.0
20260310,5209,新鼎,otc,166.0,166.0,164.5,165.0,16155.0,2667913.0
20260310,5210,寶碩,otc,25.6,27.1,25.5,25.9,305995.0,8031724.0
20260310,5211,蒙恬,otc,20.45,20.45,19.6,19.75,85581.0,1710133.0
20260310,5212,凌網,otc,48.0,48.0,47.75,47.75,3310.0,158212.0
20260310,5213,亞昕,otc,25.75,25.95,25.7,25.75,440969.0,11372107.0
20260310,5220,萬達光電,otc,22.95,23.1,22.15,22.75,161240.0,3640830.0
20260310,5223,安力-KY,otc,24.55,24.75,23.95,24.15,29001.0,706274.0
20260310,5227,立凱-KY,otc,22.7,23.95,22.7,23.25,975429.0,23056638.0
20260310,5228,鈺鎧,otc,49.2,54.8,48.35,49.15,3603005.0,183906048.0
20260310,5230,雷笛克光學,otc,16.8,17.95,16.75,16.75,434537.0,7506414.0
20260310,5236,凌陽創新,otc,165.0,166.5,160.5,161.0,460152.0,75063517.0
20260310,5245,智晶,otc,25.1,27.15,25.1,25.15,594694.0,15680367.0
20260310,5251,天鉞電,otc,27.65,27.7,26.85,27.0,142266.0,3882931.0
20260310,5263,智崴,otc,103.0,105.5,100.0,102.0,286983.0,29549307.0
20260310,5272,笙科,otc,22.85,23.45,22.25,22.3,352394.0,8090500.0
20260310,5274,信驊,otc,18200.0,18450.0,17195.0,17195.0,246404.0,4375632630.0
20260310,5276,達輝-KY,otc,21.65,21.65,20.25,20.3,44548.0,923516.0
20260310,5278,尚凡*,otc,24.55,24.6,23.25,23.45,791399.0,18815483.0
20260310,5287,數字,otc,149.5,151.0,149.0,150.0,53583.0,8048302.0
20260310,5289,宜鼎,otc,1865.0,1875.0,1760.0,1760.0,5067235.0,9149835670.0
20260310,5291,邑昇,otc,68.6,69.1,66.0,66.7,864578.0,57765344.0
20260310,5299,杰力,otc,104.0,106.0,98.0,99.4,1065654.0,108798296.0
20260310,5301,寶得利,otc,7.32,7.55,7.0,7.45,7028.0,50739.0
20260310,5302,太欣,otc,10.55,10.75,10.2,10.25,561130.0,5848409.0
20260310,5309,系統電,otc,64.8,67.7,63.5,64.9,8898400.0,580723583.0
20260310,5310,天剛,otc,25.5,25.5,23.45,23.8,47001.0,1112624.0
20260310,5312,寶島科,otc,95.0,96.0,95.0,95.2,43017.0,4118405.0
20260310,5314,世紀*,otc,67.2,68.6,66.9,67.3,4178207.0,281835960.0
20260310,5315,光聯,otc,22.1,22.15,21.75,21.8,532092.0,11679717.0
20260310,5321,美而快,otc,23.25,25.0,23.25,24.25,313925.0,7639730.0
20260310,5324,士開,otc,11.5,11.5,11.4,11.5,285913.0,3279502.0
20260310,5328,華容,otc,29.4,31.45,28.25,28.6,28585471.0,855506265.0
20260310,5340,建榮,otc,108.0,108.5,102.0,103.0,2406492.0,252274838.0
20260310,5344,立衛,otc,16.7,16.85,16.1,16.2,99713.0,1641362.0
20260310,5345,馥鴻,otc,20.75,20.75,20.7,20.7,5001.0,104118.0
20260310,5347,世界,otc,181.0,183.5,173.0,176.5,49783035.0,8875005227.0
20260310,5348,正能量智能,otc,15.3,15.3,15.3,15.3,1070.0,16423.0
20260310,5351,鈺創,otc,89.7,90.0,85.5,87.5,40014518.0,3503334500.0
20260310,5353,台林,otc,26.0,26.25,25.8,26.0,63061.0,1639540.0
20260310,5355,佳總,otc,6.23,6.57,6.21,6.56,62019.0,392966.0
20260310,5356,協益,otc,26.5,26.65,26.05,26.35,101794.0,2677496.0
20260310,5364,力麗店,otc,9.31,9.4,9.13,9.21,136531.0,1263125.0
20260310,5371,中光電,otc,69.0,70.9,68.2,68.6,4197795.0,293167381.0
20260310,5381,光譜,otc,26.8,26.8,25.4,25.4,1623437.0,42095782.0
20260310,5386,青雲,otc,446.5,446.5,415.0,415.0,447689.0,190219054.0
20260310,5392,能率,otc,43.0,44.5,41.9,42.7,12142348.0,526861153.0
20260310,5398,慕康生醫,otc,20.0,20.0,19.8,19.9,69050.0,1373085.0
20260310,5403,中菲,otc,88.0,88.3,85.5,85.5,471620.0,40992864.0
20260310,5410,國眾,otc,37.85,37.85,36.7,36.95,665711.0,24782441.0
20260310,5425,台半,otc,73.0,77.0,71.9,72.0,14528289.0,1077772414.0
20260310,5426,振發,otc,18.1,18.25,17.8,17.8,353470.0,6360967.0
20260310,5432,新門,otc,143.5,146.0,142.0,142.0,106078.0,15301181.0
20260310,5438,東友,otc,18.65,18.8,18.55,18.55,85507.0,1594046.0
20260310,5439,高技,otc,428.0,439.0,389.5,391.0,13208541.0,5460685347.0
20260310,5443,均豪,otc,128.0,135.0,126.5,131.0,15707540.0,2066499478.0
20260310,5450,南良,otc,12.65,12.9,12.65,12.8,27329.0,349035.0
20260310,5452,佶優,otc,33.4,33.6,31.55,31.7,2107382.0,68176834.0
20260310,5455,昇益,otc,24.35,25.85,24.3,24.95,127051.0,3183714.0
20260310,5457,宣德,otc,34.45,34.85,33.3,33.3,800489.0,27165295.0
20260310,5460,同協,otc,15.25,15.4,15.0,15.05,102477.0,1545875.0
20260310,5464,霖宏,otc,60.2,60.2,53.6,57.1,1423151.0,80221686.0
20260310,5465,富驊,otc,24.7,24.7,24.45,24.5,132245.0,3246806.0
20260310,5468,凱鈺,otc,17.95,17.95,17.65,17.65,68204.0,1210108.0
20260310,5474,聰泰,otc,171.0,173.0,161.0,164.0,1033182.0,172836938.0
20260310,5475,德宏,otc,294.5,315.0,294.0,299.0,4109555.0,1233761884.0
20260310,5478,智冠,otc,100.0,100.5,97.7,97.8,186675.0,18459880.0
20260310,5481,新華,otc,19.3,20.1,19.3,19.95,39789.0,790593.0
20260310,5483,中美晶,otc,152.5,153.0,139.5,140.5,18782358.0,2717303119.0
20260310,5487,通泰,otc,28.1,28.25,26.4,27.2,102217.0,2778896.0
20260310,5488,松普,otc,10.6,10.6,10.15,10.2,780905.0,8014977.0
20260310,5489,彩富,otc,40.3,40.45,40.05,40.05,37155.0,1496834.0
20260310,5490,同亨,otc,28.85,29.7,28.3,28.4,1161782.0,33666580.0
20260310,5493,三聯,otc,95.3,97.0,92.4,95.1,1107305.0,105162036.0
20260310,5498,凱崴,otc,75.5,75.9,68.2,70.5,17102674.0,1209917511.0
20260310,5508,永信建,otc,48.4,48.65,47.6,47.75,597346.0,28724202.0
20260310,5511,德昌,otc,72.0,72.5,71.9,72.4,172647.0,12475006.0
20260310,5512,力麒,otc,6.83,6.83,6.72,6.75,1765311.0,11938413.0
20260310,5514,三豐,otc,15.3,15.3,15.3,15.3,2218.0,33232.0
20260310,5516,雙喜,otc,11.0,11.0,10.55,10.7,44153.0,472091.0
20260310,5520,力泰,otc,82.0,82.0,82.0,82.0,1049.0,86018.0
20260310,5523,豐謙,otc,30.05,30.25,29.95,30.25,243081.0,7319823.0
20260310,5529,鉅陞,otc,21.1,23.0,21.0,21.5,163530.0,3608326.0
20260310,5530,龍巖,otc,50.2,50.8,48.1,48.1,1117077.0,54883473.0
20260310,5536,聖暉*,otc,1035.0,1055.0,1000.0,1025.0,2778119.0,2851988855.0
20260310,5543,桓鼎-KY,otc,29.3,29.75,28.9,28.9,34008.0,996334.0
20260310,5547,久舜,otc,21.35,21.6,21.3,21.35,42326.0,903582.0
20260310,5548,安倉,otc,23.25,23.5,23.25,23.45,38810.0,907227.0
20260310,5601,台聯櫃,otc,35.6,35.6,35.45,35.45,6000.0,213450.0
20260310,5603,陸海,otc,15.7,16.1,15.55,16.1,111313.0,1753672.0
20260310,5604,中連,otc,31.6,32.0,31.6,31.65,12815.0,406816.0
20260310,5609,中菲行,otc,80.3,80.3,79.1,79.2,313217.0,24941297.0
20260310,5701,劍湖山,otc,3.25,3.44,3.25,3.44,124906.0,418971.0
20260310,5703,亞都,otc,14.0,14.0,14.0,14.0,4000.0,56000.0
20260310,5704,老爺知,otc,21.35,21.5,21.25,21.35,24340.0,520305.0
20260310,5864,致和證,otc,31.05,31.95,29.85,30.2,6404797.0,197524160.0
20260310,5878,台名,otc,40.6,40.6,40.6,40.6,1704.0,69585.0
20260310,5902,德記,otc,38.0,38.0,37.75,37.75,5000.0,189600.0
20260310,5903,全家,otc,189.0,189.5,189.0,189.5,18913.0,3577361.0
20260310,5904,寶雅,otc,550.0,558.0,535.0,546.0,745367.0,406824648.0
20260310,5905,南仁湖,otc,8.33,8.33,7.94,8.06,919239.0,7397892.0
20260310,6015,宏遠證,otc,15.35,15.5,14.7,14.8,3267530.0,49344194.0
20260310,6016,康和證,otc,22.4,23.35,22.05,22.1,8503234.0,193000314.0
20260310,6020,大展證,otc,21.6,21.6,20.9,21.0,64881.0,1375890.0
20260310,6021,美好證,otc,32.45,32.65,31.5,31.55,204782.0,6591219.0
20260310,6023,元大期,otc,99.0,99.3,98.3,98.7,179037.0,17668172.0
20260310,6026,福邦證,otc,15.5,15.9,15.35,15.4,3374696.0,52520023.0
20260310,6028,公勝保經,otc,82.2,82.2,80.7,80.8,21691.0,1768597.0
20260310,6101,寬魚國際,otc,38.45,38.45,37.9,38.1,41437.0,1577007.0
20260310,6103,合邦,otc,37.65,37.65,37.65,37.65,1000.0,37650.0
20260310,6104,創惟,otc,99.2,103.0,96.4,96.6,2992221.0,298840475.0
20260310,6109,亞元,otc,11.3,11.55,11.05,11.05,433228.0,4860908.0
20260310,6111,光聚晶電,otc,48.0,50.3,47.65,48.75,1213658.0,59702529.0
20260310,6113,亞矽,otc,24.2,24.3,23.7,23.75,224864.0,5382571.0
20260310,6114,久威,otc,30.4,31.7,30.3,30.4,50896.0,1579445.0
20260310,6118,建達,otc,18.7,19.15,17.4,17.5,5119071.0,94247639.0
20260310,6121,新普,otc,372.5,377.0,363.5,368.0,957512.0,353574050.0
20260310,6122,擎邦,otc,47.55,47.55,46.8,46.9,513088.0,24159214.0
20260310,6123,上奇,otc,44.05,44.2,43.95,44.1,55100.0,2432028.0
20260310,6124,業強,otc,29.15,30.0,28.35,28.9,93930.0,2744462.0
20260310,6125,廣運,otc,58.9,60.7,58.5,58.7,2381788.0,142317282.0
20260310,6126,信音,otc,32.85,34.35,32.6,32.7,2541619.0,85153047.0
20260310,6127,九豪,otc,47.6,50.5,45.25,46.45,13840435.0,660758819.0
20260310,6129,普誠,otc,15.55,15.85,15.15,15.2,791534.0,12221131.0
20260310,6130,上亞科技,otc,23.1,23.15,22.4,22.4,137239.0,3093280.0
20260310,6134,萬旭,otc,32.45,32.45,30.2,30.35,1165096.0,36073562.0
20260310,6138,茂達,otc,308.5,308.5,282.0,284.5,2514070.0,739292277.0
20260310,6140,訊達,otc,20.4,20.4,19.6,19.85,158808.0,3169585.0
20260310,6143,振曜,otc,98.6,98.8,95.1,95.1,1880810.0,181662379.0
20260310,6144,得利影,otc,14.25,14.25,13.8,14.25,37112.0,522016.0
20260310,6146,耕興,otc,223.5,223.5,212.0,214.5,668418.0,143889006.0
20260310,6147,頎邦,otc,190.0,205.0,176.0,205.0,82576212.0,15830068763.0
20260310,6148,驊宏資,otc,29.0,29.85,28.35,28.35,255260.0,7429724.0
20260310,6150,撼訊,otc,69.5,72.0,67.7,68.4,1411439.0,98250593.0
20260310,6151,晉倫,otc,41.95,42.4,40.85,41.45,1200613.0,50190729.0
20260310,6154,順發,otc,13.2,13.3,13.1,13.1,44547.0,586510.0
20260310,6156,松上,otc,19.3,19.3,18.4,18.55,1190895.0,22442387.0
20260310,6158,禾昌,otc,17.8,18.0,17.65,17.9,84896.0,1510576.0
20260310,6160,欣技,otc,16.6,16.8,16.15,16.35,134164.0,2200879.0
20260310,6161,捷波,otc,45.9,46.7,44.3,45.55,776987.0,35418318.0
20260310,6163,華電網,otc,58.5,58.5,54.5,54.8,6040220.0,340548419.0
20260310,6167,久正,otc,11.9,12.0,11.35,11.35,754299.0,8716950.0
20260310,6169,昱泉,otc,14.75,14.75,14.35,14.5,69703.0,1010238.0
20260310,6170,統振,otc,50.4,50.7,50.1,50.3,184646.0,9300519.0
20260310,6171,大城地產,otc,24.0,24.0,23.6,23.6,22399.0,532010.0
20260310,6173,信昌電,otc,172.0,175.0,155.0,155.0,3038481.0,488534974.0
20260310,6174,安碁,otc,39.5,40.3,36.15,37.25,2084330.0,79974844.0
20260310,6175,立敦,otc,71.0,75.9,70.8,73.9,20870882.0,1555339592.0
20260310,6179,亞通,otc,23.65,25.7,23.6,24.95,4484518.0,111855814.0
20260310,6180,橘子,otc,38.9,39.15,38.4,38.4,346940.0,13459870.0
20260310,6182,合晶,otc,59.3,59.3,55.0,55.2,12329699.0,692831529.0
20260310,6185,幃翔,otc,13.9,13.95,13.7,13.8,218441.0,3017342.0
20260310,6186,新潤,otc,39.55,40.5,38.75,39.05,1469314.0,58175205.0
20260310,6187,萬潤,otc,1190.0,1210.0,1105.0,1125.0,2950142.0,3388400060.0
20260310,6188,廣明,otc,83.5,87.8,83.5,84.3,5072394.0,436444087.0
20260310,6190,萬泰科,otc,78.7,79.5,77.0,77.3,5952896.0,463250781.0
20260310,6194,育富,otc,32.35,32.5,32.0,32.2,162916.0,5254390.0
20260310,6195,詩肯,otc,27.1,27.1,26.5,26.5,83325.0,2229338.0
20260310,6198,瑞築,otc,21.8,22.35,21.75,22.0,28662.0,626101.0
20260310,6199,天品,otc,103.5,103.5,97.4,97.4,775529.0,77528663.0
20260310,6203,海韻電,otc,70.0,70.1,67.9,68.1,308106.0,21230434.0
20260310,6204,艾華,otc,85.0,88.6,82.6,82.7,1394700.0,120181477.0
20260310,6207,雷科,otc,73.2,77.2,72.3,77.2,9070182.0,689719286.0
20260310,6208,日揚,otc,106.0,108.5,97.5,99.8,7371442.0,763542244.0
20260310,6210,慶生,otc,21.25,21.25,21.05,21.15,39745.0,839561.0
20260310,6212,理銘,otc,28.25,28.25,28.25,28.25,2000.0,56500.0
20260310,6217,中探針,otc,324.5,326.5,300.0,300.0,11664849.0,3611669887.0
20260310,6218,豪勉,otc,41.5,43.25,40.25,40.8,3440158.0,141992446.0
20260310,6219,富旺,otc,12.2,12.3,11.85,12.0,699884.0,8406685.0
20260310,6220,岳豐,otc,30.0,30.1,29.9,30.0,252640.0,7578335.0
20260310,6221,晉泰,otc,23.05,23.45,22.5,22.55,674792.0,15433860.0
20260310,6222,立軒,otc,21.05,21.05,21.05,21.05,4535.0,93647.0
20260310,6223,旺矽,otc,6280.0,6665.0,5895.0,5895.0,2197825.0,13717994480.0
20260310,6227,茂綸,otc,118.0,124.5,117.0,124.5,2632979.0,324118333.0
20260310,6228,全譜,otc,22.7,22.7,20.5,22.45,73151.0,1599124.0
20260310,6229,研通,otc,29.3,29.3,27.1,27.1,904456.0,25157624.0
20260310,6231,系微,otc,292.0,295.5,281.0,282.5,1055280.0,303508430.0
20260310,6233,旺玖,otc,26.05,26.25,25.2,25.3,445500.0,11421033.0
20260310,6234,高僑,otc,56.5,56.5,52.3,52.5,1527366.0,82817401.0
20260310,6237,驊訊,otc,47.85,52.0,45.7,45.7,8190291.0,399516889.0
20260310,6240,松崗,otc,17.3,17.9,17.05,17.8,24100.0,422474.0
20260310,6241,鑫永洋,otc,11.45,11.45,10.6,10.8,1139978.0,12629529.0
20260310,6242,立康,otc,37.2,37.75,37.2,37.4,12252.0,458474.0
20260310,6244,茂迪,otc,28.5,28.8,27.25,27.55,5092809.0,142537751.0
20260310,6245,立端,otc,82.0,83.8,81.3,82.5,1548000.0,127928837.0
20260310,6246,臺龍,otc,15.9,16.0,15.0,15.0,137762.0,2106329.0
20260310,6248,沛波,otc,18.55,18.65,18.4,18.55,79670.0,1479026.0
20260310,6259,百徽,otc,24.55,25.4,23.45,23.45,1084735.0,26618160.0
20260310,6261,久元,otc,120.5,122.0,112.5,114.5,6417744.0,745894373.0
20260310,6263,普萊德,otc,187.0,187.0,169.0,171.0,628388.0,111432146.0
20260310,6264,富裔,otc,6.08,6.1,6.02,6.09,80201.0,485865.0
20260310,6265,方土昶,otc,46.2,46.35,44.3,45.0,13192790.0,597362965.0
20260310,6266,泰詠,otc,27.0,27.0,26.3,26.4,384905.0,10220991.0
20260310,6270,倍微,otc,26.65,26.85,25.8,25.85,378187.0,9912050.0
20260310,6274,台燿,otc,1440.0,1440.0,1305.0,1305.0,1538577.0,2084573060.0
20260310,6275,元山,otc,47.15,48.0,46.7,46.85,458334.0,21667938.0
20260310,6276,安鈦克,otc,30.6,30.6,29.0,29.15,69130.0,2042842.0
20260310,6279,胡連,otc,117.5,118.5,115.5,115.5,663844.0,77295232.0
20260310,6284,佳邦,otc,86.1,89.8,83.7,84.5,3954468.0,344097555.0
20260310,6290,良維,otc,277.5,279.0,267.5,271.0,6148680.0,1676234925.0
20260310,6291,沛亨,otc,505.0,509.0,458.5,462.5,2444682.0,1163610922.0
20260310,6292,迅德,otc,52.5,53.9,52.5,52.6,216884.0,11490266.0
20260310,6294,智基,otc,28.55,28.55,27.5,27.5,49063.0,1367504.0
20260310,6411,晶焱,otc,86.5,86.7,81.0,82.6,1078749.0,90710362.0
20260310,6417,韋僑,otc,138.0,138.0,123.0,124.5,420626.0,53913040.0
20260310,6418,詠昇,otc,31.0,31.0,30.0,30.0,242524.0,7359082.0
20260310,6419,京晨科,otc,178.5,194.5,177.0,194.5,1184586.0,223940937.0
20260310,6423,億而得,otc,113.0,113.0,101.5,103.0,420247.0,44134103.0
20260310,6425,易發,otc,94.0,94.9,84.5,89.0,6849580.0,613806131.0
20260310,6432,今展科,otc,50.1,54.5,50.0,51.1,4732470.0,251558495.0
20260310,6435,大中,otc,250.5,250.5,226.5,228.0,1215899.0,285817983.0
20260310,6441,廣錠,otc,25.6,25.8,24.6,24.8,308481.0,7728029.0
20260310,6461,益得,otc,16.55,16.6,16.15,16.2,237146.0,3865726.0
20260310,6462,神盾,otc,131.5,140.0,128.5,134.0,5419001.0,732124443.0
20260310,6465,威潤,otc,48.3,49.4,45.3,45.3,1003598.0,47833583.0
20260310,6469,大樹,otc,72.3,72.3,70.0,70.1,905969.0,64086134.0
20260310,6470,宇智,otc,46.2,46.9,46.2,46.4,72457.0,3364499.0
20260310,6474,華豫寧,otc,38.9,38.95,38.0,38.0,74371.0,2849275.0
20260310,6482,弘煜科,otc,28.4,29.2,28.4,28.65,27000.0,774850.0
20260310,6485,點序,otc,98.2,98.2,98.2,98.2,1408404.0,138305225.0
20260310,6486,互動,otc,82.9,83.1,82.0,82.0,170474.0,14057484.0
20260310,6488,環球晶,otc,797.0,797.0,710.0,710.0,3847642.0,2804824258.0
20260310,6492,生華科,otc,48.3,48.8,47.65,47.85,298727.0,14397703.0
20260310,6494,九齊,otc,54.4,55.8,52.1,52.1,520010.0,28069110.0
20260310,6496,科懋,otc,23.75,24.0,23.55,23.8,19048.0,452321.0
20260310,6498,久禾光,otc,111.5,114.0,103.5,105.0,1436863.0,156358684.0
20260310,6499,益安,otc,83.9,86.4,82.6,83.6,609756.0,51419740.0
20260310,6506,雙邦,otc,19.75,19.75,19.3,19.3,314941.0,6114689.0
20260310,6508,惠光,otc,24.15,24.15,23.9,24.0,42105.0,1010672.0
20260310,6509,聚和,otc,47.85,47.95,45.75,45.85,3856425.0,179119085.0
20260310,6510,精測,otc,4200.0,4200.0,3735.0,3735.0,1164546.0,4559503755.0
20260310,6516,勤崴國際,otc,56.2,57.8,56.2,56.7,109015.0,6180466.0
20260310,6517,保勝光學,otc,58.2,62.4,58.1,60.0,1178630.0,71738992.0
20260310,6523,達爾膚,otc,98.8,98.9,98.6,98.7,31013.0,3064454.0
20260310,6527,明達醫,otc,69.9,71.0,69.9,71.0,25683.0,1818688.0
20260310,6530,創威,otc,116.0,116.5,108.5,109.0,2122143.0,237805107.0
20260310,6532,瑞耘,otc,115.0,122.5,109.0,109.0,4692349.0,540188494.0
20260310,6535,順藥,otc,128.5,135.0,127.0,132.0,187357.0,24442024.0
20260310,6538,倉和,otc,86.5,92.4,85.3,88.8,1490819.0,135061184.0
20260310,6542,隆中,otc,46.6,46.65,46.0,46.0,5450.0,252395.0
20260310,6546,正基,otc,70.5,70.5,66.8,66.8,376910.0,25852013.0
20260310,6547,高端疫苗,otc,49.1,49.85,47.9,47.9,2332964.0,113631108.0
20260310,6548,長科*,otc,50.2,51.2,48.85,49.05,4689570.0,233513473.0
20260310,6556,勝品,otc,69.9,70.0,69.6,69.6,10100.0,705050.0
20260310,6560,欣普羅,otc,37.7,38.5,37.45,37.7,62035.0,2343072.0
20260310,6561,是方,otc,349.5,350.0,338.0,338.5,167162.0,57208848.0
20260310,6568,宏觀,otc,217.0,217.0,205.0,207.5,482887.0,101454465.0
20260310,6569,醫揚,otc,99.1,100.5,97.5,99.1,59110.0,5882335.0
20260310,6570,維田,otc,43.75,43.95,42.7,42.7,118606.0,5153643.0
20260310,6574,霈方,otc,124.5,124.5,112.5,112.5,203274.0,23835658.0
20260310,6576,逸達,otc,78.9,79.3,78.1,79.0,118600.0,9340658.0
20260310,6577,勁豐,otc,79.2,79.8,77.6,77.6,70504.0,5527313.0
20260310,6578,達邦蛋白,otc,16.6,16.6,16.2,16.2,119170.0,1955964.0
20260310,6584,南俊國際,otc,667.0,671.0,655.0,658.0,1027554.0,680878285.0
20260310,6588,東典光電,otc,134.0,136.0,128.0,129.0,994645.0,130057483.0
20260310,6590,普鴻,otc,67.2,67.2,67.0,67.2,6475.0,434978.0
20260310,6593,台灣銘板,otc,35.25,35.25,34.8,35.0,121577.0,4256887.0
20260310,6596,寬宏藝術,otc,98.9,98.9,97.3,97.5,219286.0,21465256.0
20260310,6597,立誠,otc,77.0,79.0,73.0,73.0,41127.0,3146529.0
20260310,6603,富強鑫,otc,22.65,22.65,21.7,21.8,1222626.0,26913815.0
20260310,6609,瀧澤科,otc,40.8,42.6,40.8,41.1,514198.0,21499885.0
20260310,6612,奈米醫材,otc,67.0,67.2,66.9,66.9,35189.0,2358924.0
20260310,6613,朋億*,otc,256.0,264.5,250.0,252.5,753232.0,192939182.0
20260310,6615,慧智,otc,32.8,32.8,32.7,32.75,15013.0,492927.0
20260310,6616,特昇-KY,otc,9.39,9.68,9.35,9.65,38001.0,362189.0
20260310,6617,共信-KY,otc,64.0,64.0,61.7,62.3,150839.0,9465255.0
20260310,6620,漢達,otc,69.6,70.3,69.0,70.0,401594.0,27907600.0
20260310,6624,萬年清,otc,46.95,46.95,45.0,46.65,42352.0,1938680.0
20260310,6629,泰金-KY,otc,137.0,137.0,126.5,130.0,208663.0,27473167.0
20260310,6637,醫影,otc,66.7,66.9,65.6,65.8,47210.0,3121597.0
20260310,6640,均華,otc,1495.0,1530.0,1350.0,1370.0,877562.0,1258481550.0
20260310,6642,富致,otc,63.8,69.8,63.8,69.8,536014.0,36807973.0
20260310,6643,M31,otc,645.0,666.0,607.0,619.0,1776001.0,1125684703.0
20260310,6649,台生材,otc,39.6,39.8,39.05,39.05,70901.0,2800358.0
20260310,6651,全宇昕,otc,132.0,132.5,118.5,118.5,911105.0,113078583.0
20260310,6654,天正國際,otc,99.0,101.0,95.3,95.3,74223.0,7199720.0
20260310,6661,威健生技,otc,17.35,17.35,17.2,17.2,4000.0,69250.0
20260310,6662,樂斯科,otc,29.85,29.85,29.5,29.5,5000.0,148100.0
20260310,6664,群翊,otc,446.0,448.5,417.5,417.5,3406847.0,1455549376.0
20260310,6667,信紘科,otc,255.0,256.0,248.5,248.5,464644.0,117443084.0
20260310,6679,鈺太,otc,315.5,322.5,305.0,305.0,494583.0,154863905.0
20260310,6680,鑫創電子,otc,54.4,54.4,53.2,53.2,3143.0,168677.0
20260310,6683,雍智科技,otc,1895.0,1930.0,1735.0,1735.0,1270743.0,2322307825.0
20260310,6684,安格,otc,46.45,47.4,45.0,45.15,260296.0,12023078.0
20260310,6690,安碁資訊,otc,168.0,169.0,167.5,167.5,36858.0,6188483.0
20260310,6692,進能服,otc,29.45,29.45,27.8,28.55,74936.0,2164304.0
20260310,6693,廣閎科,otc,147.0,147.5,140.0,141.0,747075.0,106880994.0
20260310,6697,東捷資訊,otc,40.4,41.0,40.3,40.5,33708.0,1365330.0
20260310,6703,軒郁,otc,113.0,116.0,112.0,114.0,78917.0,8992268.0
20260310,6708,天擎,otc,43.05,43.05,41.0,42.35,55094.0,2304737.0
20260310,6712,長聖,otc,130.5,130.5,128.0,128.0,203704.0,26244821.0
20260310,6716,應廣,otc,94.4,96.9,90.5,92.0,604435.0,56428975.0
20260310,6720,久昌,otc,160.0,162.0,154.5,158.5,118097.0,18715714.0
20260310,6721,信實,otc,57.9,57.9,57.7,57.8,4066.0,235119.0
20260310,6725,矽科宏晟,otc,310.0,315.5,295.0,295.5,440930.0,132746973.0
20260310,6727,亞泰金屬,otc,526.0,569.0,523.0,557.0,5074687.0,2835016613.0
20260310,6728,上洋,otc,111.5,114.0,111.0,111.0,35482.0,3965225.0
20260310,6730,常廣,otc,37.5,37.5,37.3,37.5,201000.0,7536400.0
20260310,6732,昇佳電子,otc,175.0,175.5,165.5,166.5,300950.0,51259716.0
20260310,6733,博晟生醫,otc,27.75,28.25,27.3,27.3,265203.0,7393113.0
20260310,6735,美達科技,otc,130.0,132.0,124.0,124.0,2774959.0,351116972.0
20260310,6739,竹陞科技,otc,1350.0,1380.0,1280.0,1285.0,403071.0,531293010.0
20260310,6741,91APP*-KY,otc,65.3,65.3,60.9,60.9,1360827.0,84875497.0
20260310,6751,智聯服務,otc,47.8,47.8,46.1,46.1,96423.0,4513717.0
20260310,6752,叡揚,otc,100.0,100.5,97.5,98.1,116955.0,11580729.0
20260310,6761,穩得,otc,190.0,192.5,180.0,181.0,820608.0,151160146.0
20260310,6762,達亞,otc,173.0,184.5,173.0,184.5,33442.0,6062463.0
20260310,6763,綠界科技*,otc,46.25,46.6,45.0,45.0,451311.0,20672777.0
20260310,6767,台微醫,otc,26.95,26.95,26.45,26.95,4040.0,108340.0
20260310,6785,昱展新藥,otc,133.0,133.5,126.5,127.0,214058.0,27688033.0
20260310,6788,華景電,otc,445.5,448.0,403.0,408.0,2264271.0,949572241.0
20260310,6791,虎門科技,otc,116.5,119.5,112.0,117.5,82101.0,9429893.0
20260310,6803,崑鼎,otc,286.5,287.5,286.0,287.0,44079.0,12637398.0
20260310,6804,明係,otc,15.15,15.45,15.0,15.05,82469.0,1256189.0
20260310,6811,宏碁資訊,otc,208.0,210.0,205.0,205.5,86126.0,17863435.0
20260310,6821,聯寶,otc,50.0,50.4,48.75,48.95,292197.0,14433272.0
20260310,6823,濾能,otc,81.1,82.7,80.6,82.0,274865.0,22405639.0
20260310,6829,千附精密,otc,205.0,214.0,198.0,198.0,2153080.0,443326323.0
20260310,6840,東研信超,otc,61.8,63.4,61.5,62.0,100848.0,6270880.0
20260310,6841,長佳智能,otc,59.5,61.0,59.5,60.1,303656.0,18326755.0
20260310,6843,進典,otc,45.05,45.05,44.0,44.0,32511.0,1439870.0
20260310,6844,諾貝兒,otc,64.2,65.0,64.0,65.0,27515.0,1775331.0
20260310,6846,綠茵,otc,69.0,70.1,68.5,69.7,26040.0,1802660.0
20260310,6855,數泓科,otc,105.0,105.5,105.0,105.0,6503.0,683209.0
20260310,6856,鑫傳,otc,49.3,49.3,47.2,48.75,11210.0,538632.0
20260310,6859,伯特光,otc,118.0,119.5,116.0,118.5,50564.0,5941895.0
20260310,6865,偉康科技,otc,31.45,31.5,29.7,29.85,74496.0,2245298.0
20260310,6870,騰雲,otc,194.0,194.5,184.0,188.0,244623.0,46186737.0
20260310,6872,浩宇生醫,otc,18.2,18.95,18.1,18.2,30000.0,547600.0
20260310,6874,倍力,otc,83.3,83.3,81.3,82.1,32775.0,2697524.0
20260310,6875,國邑*,otc,39.0,39.55,37.45,37.5,156914.0,5949545.0
20260310,6877,鏵友益,otc,159.0,161.0,151.0,158.0,628640.0,97439187.0
20260310,6881,潤德,otc,270.0,271.0,270.0,270.0,13054.0,3532474.0
20260310,6884,海柏特,otc,33.7,33.7,33.4,33.6,8000.0,268800.0
20260310,6894,衛司特,otc,355.0,356.0,341.5,344.0,112072.0,39039703.0
20260310,6895,宏碩系統,otc,155.0,156.0,150.0,152.0,124050.0,18867541.0
20260310,6899,創為精密,otc,64.2,65.0,60.2,60.2,310736.0,19499813.0
20260310,6903,巨漢,otc,412.0,414.0,382.0,386.5,2021508.0,800713505.0
20260310,6904,伯鑫,otc,113.0,116.0,113.0,116.0,6020.0,687294.0
20260310,6907,雅特力-KY,otc,124.0,124.0,117.5,118.0,933206.0,111769160.0
20260310,6910,德鴻,otc,27.15,27.15,26.75,26.75,34647.0,931887.0
20260310,6913,鴻呈,otc,133.0,140.5,133.0,138.0,1238490.0,169898139.0
20260310,6922,宸曜,otc,185.5,198.0,184.5,189.5,548624.0,105606650.0
20260310,6925,意藍,otc,63.9,63.9,60.6,60.8,50365.0,3076762.0
20260310,6929,佑全,otc,23.7,23.7,23.15,23.6,26696.0,623867.0
20260310,6953,家碩,otc,260.0,263.0,253.0,253.5,130455.0,33533851.0
20260310,6961,旅天下,otc,59.0,59.1,58.6,58.8,35098.0,2062317.0
20260310,6967,汎瑋材料,otc,73.1,73.8,72.0,72.1,73148.0,5315613.0
20260310,6968,萬達寵物,otc,43.6,43.65,43.2,43.25,40906.0,1774293.0
20260310,6971,惠民實業,otc,26.5,26.5,26.05,26.1,71481.0,1878518.0
20260310,6982,大井泵浦,otc,53.5,53.5,51.2,52.0,58424.0,3034952.0
20260310,6996,力領科技,otc,190.0,191.5,182.0,183.0,190805.0,35416455.0
20260310,6997,博弘,otc,73.9,73.9,70.0,72.0,19042.0,1363928.0
20260310,7000,系統電永豐58購01,otc,0.66,0.66,0.6,0.6,41000.0,25860.0
20260310,7001,華景電統一61購01,otc,1.63,1.63,1.54,1.54,30000.0,47250.0
20260310,7002,信昌電國票57購01,otc,23.3,23.3,20.7,21.4,100000.0,2189000.0
20260310,7003,系微凱基57購01,otc,0.63,0.63,0.63,0.63,1000.0,630.0
20260310,7004,聖暉*兆豐56購01,otc,0.77,0.81,0.77,0.81,15000.0,11950.0
20260310,7005,原相元大5A購01,otc,1.16,1.25,1.03,1.03,643000.0,718520.0
20260310,7006,營邦統一6A購01,otc,2.5,2.5,2.26,2.49,37000.0,87110.0
20260310,7007,良維群益58購01,otc,5.05,5.05,5.05,5.05,10000.0,50500.0
20260310,7008,力旺統一6A購01,otc,1.58,1.58,1.58,1.58,10000.0,15800.0
20260310,7009,臺慶科國泰55購02,otc,2.66,4.1,2.66,2.75,31000.0,90110.0
20260310,7010,雙鴻元大57購01,otc,0.21,0.21,0.16,0.16,340000.0,62200.0
20260310,7011,威剛元大58購02,otc,6.4,6.4,6.4,6.4,1000.0,6400.0
20260310,7012,三聯群益59購01,otc,0.75,0.75,0.73,0.73,50000.0,36700.0
20260310,7013,新應材元大5B購02,otc,1.46,1.46,1.0,1.0,30000.0,37170.0
20260310,7014,佳邦國票56購01,otc,0.22,0.22,0.22,0.22,235000.0,51700.0
20260310,7015,金益鼎群益56購01,otc,4.16,4.24,4.16,4.16,21000.0,87600.0
20260310,7016,宜鼎統一6B購01,otc,3.65,3.83,3.54,3.57,363000.0,1325070.0
20260310,7017,威剛凱基57購02,otc,11.0,11.0,11.0,11.0,1000.0,11000.0
20260310,7018,信驊元大55購03,otc,17.6,17.6,17.6,17.6,5000.0,88000.0
20260310,7019,智通*群益55購01,otc,0.25,0.25,0.25,0.25,10000.0,2500.0
20260310,7020,千附精國票57購01,otc,3.85,4.01,3.85,4.01,13000.0,51660.0
20260310,7021,立碁凱基58購01,otc,0.29,0.29,0.17,0.17,41000.0,7090.0
20260310,7022,華電網元大56購01,otc,0.32,0.32,0.32,0.32,6000.0,1920.0
20260310,7023,新普國票57購01,otc,0.45,0.45,0.45,0.45,41000.0,18450.0
20260310,7024,高技元大59購01,otc,1.16,1.25,0.86,0.96,1015000.0,1066500.0
20260310,7025,IET元大56購02,otc,10.2,10.2,9.65,9.65,18000.0,175350.0
20260310,7026,世禾群益56購02,otc,0.04,0.04,0.04,0.04,20000.0,800.0
20260310,7027,新應材凱基56購06,otc,2.9,2.9,2.82,2.82,30000.0,86200.0
20260310,7028,茂迪永豐58購01,otc,1.87,1.87,1.87,1.87,90000.0,168300.0
20260310,7029,順達永豐57購01,otc,1.9,2.04,1.5,1.5,53000.0,98300.0
20260310,7030,宜鼎永豐56購02,otc,110.0,110.0,109.0,109.0,5000.0,549000.0
20260310,7031,雙鴻國泰57購03,otc,0.94,0.94,0.94,0.94,1000.0,940.0
20260310,7032,台星科元大57購01,otc,1.88,1.88,1.88,1.88,70000.0,131600.0
20260310,7033,順達元富61購01,otc,1.85,2.06,1.63,1.63,149000.0,283650.0
20260310,7034,台星科群益59購01,otc,2.7,2.83,2.58,2.65,185000.0,497140.0
20260310,7035,世禾國票59購01,otc,0.92,0.92,0.75,0.75,108000.0,89220.0
20260310,7036,宜鼎群益58購01,otc,17.9,18.5,17.9,18.5,3000.0,54300.0
20260310,7037,聖暉*群益57購03,otc,2.13,2.35,2.13,2.35,36000.0,77780.0
20260310,7038,矽科元富57購01,otc,1.41,1.41,1.41,1.41,10000.0,14100.0
20260310,7039,鈊象凱基57購02,otc,0.82,0.82,0.82,0.82,2000.0,1640.0
20260310,7040,信昌電統一64購01,otc,2.38,2.38,2.36,2.36,52000.0,122920.0
20260310,7041,璟德永豐57購01,otc,0.34,0.42,0.22,0.24,1061000.0,324440.0
20260310,7042,聖暉*統一67購01,otc,0.99,1.03,0.94,0.96,1165000.0,1141110.0
20260310,7043,廣運元大57購03,otc,0.61,0.61,0.53,0.53,204000.0,124120.0
20260310,7044,精材元大61購03,otc,2.55,2.55,2.55,2.55,36000.0,91800.0
20260310,7045,均華元大57購03,otc,4.69,5.0,3.95,3.95,42000.0,186350.0
20260310,7046,中美晶元大58購01,otc,0.98,0.98,0.76,0.76,304000.0,248120.0
20260310,7047,世界元大58購05,otc,1.16,1.16,1.06,1.06,101000.0,107160.0
20260310,7048,長科*統一61購01,otc,0.39,0.42,0.39,0.42,100000.0,40500.0
20260310,7049,雙鴻元大61購02,otc,0.53,0.53,0.53,0.53,10000.0,5300.0
20260310,7050,雙鴻統一62購03,otc,0.45,0.45,0.41,0.41,245000.0,108970.0
20260310,7051,凡甲國票59購01,otc,3.78,3.78,3.48,3.48,158000.0,592990.0
20260310,7052,富喬凱基58購04,otc,1.53,1.53,1.38,1.38,35000.0,49800.0
20260310,7053,穩懋統一62購01,otc,1.71,1.71,1.54,1.54,51000.0,83280.0
20260310,7054,光頡永豐5A購01,otc,1.42,1.43,1.15,1.17,173000.0,213670.0
20260310,7055,雙鴻元大61購07,otc,0.51,0.51,0.47,0.47,4003000.0,1957080.0
20260310,7056,聚和凱基5A購01,otc,1.66,1.67,1.47,1.47,219000.0,340970.0
20260310,7057,廣運元富59購02,otc,1.11,1.11,1.11,1.11,40000.0,44400.0
20260310,7058,旺矽凱基5B購01,otc,10.8,13.0,10.8,13.0,5000.0,60500.0
20260310,7059,旺矽群益5B購02,otc,11.5,11.5,11.5,11.5,1000.0,11500.0
20260310,7060,旺矽富邦5B購02,otc,2.66,2.66,2.66,2.66,40000.0,106400.0
20260310,7061,雙鴻元大59購15,otc,0.46,0.48,0.44,0.44,764000.0,344020.0
20260310,7062,M31元大59購02,otc,3.2,3.4,2.76,2.76,112000.0,316300.0
20260310,7063,原相國票59購01,otc,1.81,1.81,1.58,1.58,122000.0,205570.0
20260310,7064,頎邦群益59購01,otc,19.1,19.1,19.1,19.1,1000.0,19100.0
20260310,7065,弘塑凱基59購07,otc,2.33,2.43,2.11,2.19,51000.0,115870.0
20260310,7066,穩得永豐61購01,otc,1.18,1.18,1.18,1.18,28000.0,33040.0
20260310,7067,立碁統一63購01,otc,0.63,0.63,0.6,0.6,15000.0,9300.0
20260310,7068,宜特凱基59購06,otc,2.73,3.17,2.73,2.84,154000.0,445140.0
20260310,7069,均豪群益62購01,otc,1.37,1.44,1.36,1.43,106000.0,147420.0
20260310,7070,倚強群益5A購01,otc,1.71,2.15,1.71,2.15,325000.0,628590.0
20260310,7071,華景電統一68購01,otc,0.9,0.9,0.84,0.84,20000.0,17400.0
20260310,7072,台燿元大61購06,otc,2.01,2.08,1.7,1.7,454000.0,875870.0
20260310,7073,勤凱元大5A購03,otc,2.01,2.01,1.68,1.74,113000.0,202680.0
20260310,7074,矽科元大61購01,otc,0.45,0.45,0.42,0.42,2506000.0,1105300.0
20260310,7075,蜜望實統一74購02,otc,0.89,0.94,0.89,0.94,116000.0,103590.0
20260310,7076,意德士統一65購01,otc,0.7,0.7,0.7,0.7,5000.0,3500.0
20260310,7077,家登凱基5A購01,otc,4.04,4.13,4.04,4.04,33000.0,134310.0
20260310,7078,宏捷科富邦61購02,otc,0.65,0.7,0.57,0.58,949000.0,594050.0
20260310,7079,聖暉*永豐5C購02,otc,0.78,0.85,0.77,0.77,982000.0,812150.0
20260310,7080,台星科國票5C購01,otc,1.36,1.39,1.3,1.31,88000.0,119850.0
20260310,7081,精材元大61購06,otc,2.5,2.5,2.37,2.37,366000.0,896580.0
20260310,7082,台星科永豐61購01,otc,1.01,1.04,0.98,1.04,28000.0,28070.0
20260310,7083,優群台新5B購01,otc,1.2,1.22,1.15,1.15,375000.0,448080.0
20260310,7084,環球晶元大64購01,otc,0.76,0.76,0.76,0.76,25000.0,19000.0
20260310,7085,群聯元大5B購12,otc,1.39,1.48,1.37,1.37,279000.0,406560.0
20260310,7086,新盛力富邦62購01,otc,1.06,1.07,0.92,0.92,51000.0,52110.0
20260310,7201,正淩統一56購02,otc,0.33,0.36,0.33,0.36,206000.0,71770.0
20260310,7224,雷科統一57購01,otc,0.25,0.25,0.19,0.19,33000.0,6870.0
20260310,7225,晟德統一58購01,otc,0.09,0.09,0.09,0.09,5000.0,450.0
20260310,7227,雙鴻統一58購01,otc,0.4,0.4,0.38,0.38,200000.0,77000.0
20260310,7228,宏捷科統一58購01,otc,0.42,0.43,0.34,0.34,377000.0,142830.0
20260310,7232,神盾統一58購01,otc,0.1,0.1,0.1,0.1,499000.0,49900.0
20260310,7234,良維群益59售01,otc,0.16,0.17,0.16,0.17,313000.0,53150.0
20260310,7235,翔名統一58購02,otc,0.47,0.53,0.46,0.53,78000.0,38300.0
20260310,7236,雷科元富58購01,otc,0.52,0.64,0.52,0.64,47000.0,26300.0
20260310,7237,IET群益56售01,otc,0.01,0.01,0.01,0.01,10000.0,100.0
20260310,7238,中光電國票57售03,otc,1.1,1.22,1.1,1.22,13000.0,15060.0
20260310,7239,雍智群益56售01,otc,0.01,0.01,0.01,0.01,1000.0,10.0
20260310,7240,湧德統一59購01,otc,0.39,0.39,0.37,0.37,51000.0,19870.0
20260310,7241,能率統一59購01,otc,0.43,0.43,0.41,0.41,160000.0,65680.0
20260310,7243,聰泰統一59購01,otc,0.2,0.22,0.13,0.22,201000.0,26290.0
20260310,7244,正基統一59購02,otc,0.33,0.33,0.31,0.31,10000.0,3140.0
20260310,7248,信驊群益5B售01,otc,0.05,0.06,0.05,0.06,512000.0,27810.0
20260310,7249,訊聯國票56售02,otc,0.95,0.95,0.95,0.95,10000.0,9500.0
20260310,7250,雙鴻國票56售01,otc,0.36,0.36,0.36,0.36,1000.0,360.0
20260310,7252,系統電國票56售01,otc,0.07,0.07,0.07,0.07,519000.0,36330.0
20260310,7253,信驊國票58售01,otc,0.01,0.02,0.01,0.02,323000.0,3280.0
20260310,7254,昇達科凱基55售03,otc,0.05,0.05,0.05,0.05,1000.0,50.0
20260310,7255,廣明國票56售02,otc,0.7,0.7,0.7,0.7,10000.0,7000.0
20260310,7257,新復興統一5A購01,otc,0.46,0.46,0.46,0.46,5000.0,2300.0
20260310,7258,鈊象元富5A購01,otc,0.1,0.1,0.1,0.1,10000.0,1000.0
20260310,7259,昇達科群益58售02,otc,0.58,0.58,0.07,0.07,12000.0,1650.0
20260310,7260,富喬國票57售02,otc,0.31,0.39,0.31,0.38,703000.0,266270.0
20260310,7261,譜瑞凱基56售01,otc,0.13,0.13,0.13,0.13,50000.0,6500.0
20260310,7262,櫃200群益5B售02,otc,0.29,0.31,0.29,0.31,70000.0,21300.0
20260310,7263,譜瑞群益5C售01,otc,0.72,0.72,0.72,0.72,10000.0,7200.0
20260310,7264,雙鴻凱基56售06,otc,1.01,1.01,1.01,1.01,29000.0,29290.0
20260310,7265,家登群益56售04,otc,3.0,3.0,3.0,3.0,1000.0,3000.0
20260310,7266,威剛國票58售03,otc,0.08,0.08,0.08,0.08,2000.0,160.0
20260310,7267,弘塑群益57售06,otc,0.08,0.08,0.08,0.08,215000.0,17200.0
20260310,7268,信驊元大57售03,otc,0.03,0.03,0.02,0.03,411000.0,12220.0
20260310,7269,穩懋凱基59售04,otc,0.14,0.15,0.14,0.15,55000.0,7850.0
20260310,7270,高鋒統一5A購01,otc,0.18,0.19,0.18,0.19,8000.0,1450.0
20260310,7271,信驊凱基59售01,otc,0.11,0.11,0.11,0.11,198000.0,21780.0
20260310,7272,精材國票59售01,otc,0.08,0.08,0.08,0.08,1000.0,80.0
20260310,7273,世界國票59售03,otc,0.08,0.09,0.08,0.09,320000.0,28700.0
20260310,7274,精測群益62售04,otc,1.02,1.02,1.02,1.02,5000.0,5100.0
20260310,7275,新應材群益58售04,otc,0.94,0.94,0.93,0.93,134000.0,125340.0
20260310,7276,穩懋元富58售03,otc,0.31,0.35,0.3,0.34,161000.0,52600.0
20260310,7277,穩懋元大59售08,otc,0.85,0.96,0.84,0.93,2128000.0,1954760.0
20260310,7278,神盾群益59售01,otc,0.31,0.33,0.31,0.33,180000.0,56400.0
20260310,7279,台特化國票5A售02,otc,0.92,1.0,0.9,1.0,120000.0,116100.0
20260310,7280,萬泰科國票5A售02,otc,0.16,0.16,0.15,0.15,53000.0,8280.0
20260310,7281,信驊永豐5C售01,otc,0.29,0.3,0.29,0.3,75000.0,21760.0
20260310,7282,宏捷科群益5C售01,otc,0.79,0.79,0.79,0.79,110000.0,86900.0
20260310,7283,台燿中信59售08,otc,0.05,0.05,0.05,0.05,100000.0,5000.0
20260310,7284,印能凱基5A售04,otc,0.07,0.07,0.07,0.07,45000.0,3150.0
20260310,7285,雙鴻元大5A售06,otc,1.0,1.08,0.98,1.07,755000.0,762330.0
20260310,7286,富喬群益5C售01,otc,1.32,1.36,1.32,1.36,11000.0,14920.0
20260310,7287,世界凱基5B售02,otc,0.97,1.02,0.94,1.0,175000.0,173350.0
20260310,7288,精材群益5B售05,otc,0.88,0.88,0.73,0.78,314000.0,230670.0
20260310,7289,驊訊統一61購01,otc,0.28,0.34,0.24,0.25,421000.0,118040.0
20260310,7291,華星光統一61購02,otc,3.38,3.4,2.6,2.6,52000.0,175190.0
20260310,7293,神盾統一57購02,otc,0.06,0.06,0.06,0.06,100000.0,6000.0
20260310,7295,聖暉*統一58購01,otc,2.0,2.07,2.0,2.07,56000.0,113050.0
20260310,7296,華星光統一56購01,otc,2.89,2.89,2.38,2.38,9000.0,24210.0
20260310,7297,金益鼎統一58購01,otc,0.97,1.05,0.97,1.04,60000.0,60900.0
20260310,7298,廣積統一59購01,otc,0.1,0.1,0.1,0.1,30000.0,3000.0
20260310,7299,新漢統一58購01,otc,0.15,0.15,0.14,0.14,22000.0,3200.0
20260310,7300,金益鼎統一56購01,otc,0.84,1.02,0.84,1.02,101000.0,85020.0
20260310,7301,鑫科統一58購01,otc,0.29,0.29,0.29,0.29,90000.0,26100.0
20260310,7302,群聯統一58購01,otc,13.2,13.2,12.8,12.8,3000.0,38800.0
20260310,7303,M31統一58購01,otc,0.15,0.15,0.12,0.12,12000.0,1590.0
20260310,7304,昇達科統一5C購01,otc,4.7,4.7,4.63,4.63,39000.0,181830.0
20260310,7306,萬潤統一58購02,otc,2.96,2.96,2.96,2.96,399000.0,1181040.0
20260310,7307,原相統一5B購01,otc,0.14,0.14,0.14,0.14,150000.0,21000.0
20260310,7311,兆利統一59購01,otc,0.11,0.11,0.1,0.1,4000.0,420.0
20260310,7314,英濟統一5B購01,otc,0.29,0.44,0.28,0.44,151000.0,61620.0
20260310,7315,群聯統一5B購01,otc,9.25,9.25,8.3,8.3,44000.0,376050.0
20260310,7316,茂綸統一59購01,otc,0.43,0.53,0.43,0.53,671000.0,303950.0
20260310,7318,鈊象統一59購01,otc,0.18,0.18,0.18,0.18,2000.0,360.0
20260310,7319,茂綸統一59購02,otc,0.25,0.25,0.25,0.25,539000.0,134750.0
20260310,7320,博智統一59購01,otc,2.36,2.36,2.36,2.36,20000.0,47200.0
20260310,7322,萬泰科統一59購01,otc,1.34,1.34,1.34,1.34,3000.0,4020.0
20260310,7323,M31統一63購02,otc,0.54,0.54,0.49,0.49,276000.0,142490.0
20260310,7324,神盾統一56購03,otc,0.31,0.31,0.31,0.31,10000.0,3100.0
20260310,7325,晟德統一5A購01,otc,0.54,0.54,0.51,0.51,323000.0,170340.0
20260310,7331,振曜群益59購01,otc,0.24,0.24,0.19,0.19,257000.0,53030.0
20260310,7332,宇峻統一5B購01,otc,0.15,0.19,0.15,0.19,71000.0,11770.0
20260310,7333,大宇資統一5B購01,otc,0.13,0.13,0.13,0.13,25000.0,3250.0
20260310,7334,營邦統一5B購01,otc,1.95,1.95,1.93,1.93,115000.0,222650.0
20260310,7335,旺矽統一55購02,otc,16.0,16.0,16.0,16.0,3000.0,48000.0
20260310,7336,高端統一5B購01,otc,0.6,0.61,0.58,0.58,198000.0,119740.0
20260310,7337,漢磊統一55購01,otc,3.02,3.02,3.02,3.02,30000.0,90600.0
20260310,7338,神盾統一55購02,otc,0.33,0.33,0.3,0.3,16000.0,5200.0
20260310,7339,兆利兆豐56購01,otc,0.02,0.05,0.02,0.05,40000.0,1550.0
20260310,7340,波若威統一56購02,otc,10.6,10.6,10.4,10.4,6000.0,63000.0
20260310,7341,環球晶統一56購01,otc,5.1,5.1,5.1,5.1,1000.0,5100.0
20260310,7342,鈦昇統一59購01,otc,4.6,4.8,3.68,4.16,398000.0,1581040.0
20260310,7343,鈦昇兆豐56購01,otc,10.2,11.0,10.2,11.0,14000.0,149100.0
20260310,7344,精材統一56購01,otc,2.81,2.81,2.77,2.78,7000.0,19560.0
20260310,7345,鑫科統一56購03,otc,0.19,0.21,0.16,0.16,1210000.0,229600.0
20260310,7346,新漢統一56購01,otc,0.01,0.01,0.01,0.01,100000.0,1000.0
20260310,7347,鴻呈統一56購02,otc,0.34,0.34,0.34,0.34,100000.0,34000.0
20260310,7348,M31統一56購01,otc,0.3,0.3,0.21,0.23,820000.0,183740.0
20260310,7349,新應材統一62購01,otc,0.78,0.79,0.67,0.67,1366000.0,953290.0
20260310,7350,均豪統一56購03,otc,0.5,0.58,0.5,0.58,711000.0,390440.0
20260310,7351,鴻呈統一56購03,otc,0.16,0.16,0.16,0.16,40000.0,6400.0
20260310,7352,雙鴻元大55購01,otc,3.12,3.21,2.69,2.86,63000.0,183270.0
20260310,7353,M31統一56購02,otc,0.23,0.23,0.23,0.23,100000.0,23000.0
20260310,7354,大國鋼元富57購01,otc,0.45,0.53,0.44,0.47,385000.0,195070.0
20260310,7355,新應材元富57購01,otc,3.38,3.38,3.13,3.14,14000.0,44420.0
20260310,7356,精材統一57購01,otc,1.53,1.53,1.48,1.48,2000.0,3010.0
20260310,7357,高鋒統一57購01,otc,0.14,0.14,0.14,0.14,3000.0,420.0
20260310,7358,智通*統一56購03,otc,0.95,0.95,0.91,0.91,111000.0,104610.0
20260310,7359,宇峻元大57購01,otc,0.18,0.18,0.1,0.12,142000.0,15640.0
20260310,7360,閎康統一57購02,otc,2.16,2.16,2.15,2.15,20000.0,43100.0
20260310,7361,順達統一57購02,otc,0.85,0.85,0.6,0.6,28000.0,22460.0
20260310,7362,華景電統一57購02,otc,0.99,0.99,0.8,0.8,23000.0,19340.0
20260310,7363,閎康統一5B購01,otc,1.45,1.56,1.45,1.45,80000.0,119300.0
20260310,7364,廣運統一61購01,otc,0.19,0.19,0.19,0.19,40000.0,7600.0
20260310,7365,漢磊統一58購01,otc,2.96,2.96,2.5,2.59,98000.0,268730.0
20260310,7366,元債20凱基67購01,otc,2.48,2.48,2.48,2.48,160000.0,396800.0
20260310,7367,華星光兆豐57購01,otc,11.8,11.8,11.8,11.8,2000.0,23600.0
20260310,7368,華星光群益56購01,otc,20.2,20.2,20.2,20.2,10000.0,202000.0
20260310,7369,華景電統一59購01,otc,1.4,1.4,1.4,1.4,10000.0,14000.0
20260310,7370,茂訊國票58購01,otc,0.13,0.13,0.13,0.13,5000.0,650.0
20260310,7371,智通*國票5B購01,otc,2.53,2.53,2.37,2.45,143000.0,346790.0
20260310,7372,元債20元大58購01,otc,0.22,0.22,0.22,0.22,100000.0,22000.0
20260310,7373,雙鴻統一58購03,otc,1.21,1.21,1.21,1.21,100000.0,121000.0
20260310,7374,譜瑞元大57購01,otc,0.96,0.97,0.95,0.95,25000.0,23920.0
20260310,7376,系統電永豐56購01,otc,0.68,0.68,0.68,0.68,6000.0,4080.0
20260310,7377,鈦昇國票58購01,otc,14.9,14.9,14.9,14.9,1000.0,14900.0
20260310,7378,漢磊國票5B購01,otc,7.0,8.7,6.1,7.0,51000.0,357850.0
20260310,7379,能率凱基56購01,otc,0.2,0.2,0.2,0.2,10000.0,2000.0
20260310,7380,譜瑞凱基57購01,otc,1.32,1.39,0.94,1.39,146000.0,188290.0
20260310,7381,譜瑞統一58購01,otc,0.17,0.17,0.17,0.17,1000.0,170.0
20260310,7382,譜瑞統一56購02,otc,0.15,0.15,0.14,0.14,250000.0,36000.0
20260310,7383,新應材元大57購01,otc,1.11,1.2,0.84,0.84,333000.0,301830.0
20260310,7384,倚強國票57購01,otc,0.05,0.27,0.05,0.08,1309000.0,71430.0
20260310,7385,譜瑞元大59購02,otc,1.38,1.42,0.91,1.41,444000.0,517560.0
20260310,7386,元太元大57購01,otc,0.03,0.04,0.03,0.04,466000.0,14350.0
20260310,7387,優群統一58購01,otc,0.32,0.32,0.31,0.31,140000.0,44500.0
20260310,7388,國債20群益58購01,otc,0.26,0.26,0.26,0.26,43000.0,11180.0
20260310,7389,精測統一65購01,otc,2.52,2.52,2.16,2.16,33000.0,81180.0
20260310,7390,旺矽國票5A購01,otc,26.5,26.5,26.5,26.5,1000.0,26500.0
20260310,7391,譜瑞永豐56購02,otc,0.35,0.35,0.35,0.35,18000.0,6300.0
20260310,7392,群聯元大57購01,otc,22.4,23.4,21.1,21.1,51000.0,1117400.0
20260310,7393,德微凱基57購01,otc,2.39,2.39,2.39,2.39,30000.0,71700.0
20260310,7394,中美晶群益57購01,otc,1.27,1.27,0.82,0.82,50000.0,49800.0
20260310,7395,中美晶國票59購02,otc,1.18,1.18,0.93,0.93,13000.0,14410.0
20260310,7396,威剛群益55購04,otc,28.5,28.5,28.5,28.5,7000.0,199500.0
20260310,7397,雙鴻兆豐55購01,otc,0.13,0.13,0.13,0.13,3000.0,390.0
20260310,7398,振曜富邦56購01,otc,0.2,0.2,0.2,0.2,78000.0,15600.0
20260310,7399,均豪元大56購02,otc,0.45,0.45,0.37,0.4,221000.0,87120.0
20260310,7402,邑錡,otc,102.0,104.0,100.5,101.0,495925.0,50643903.0
20260310,7547,碩網,otc,69.7,71.3,69.2,71.0,67406.0,4722749.0
20260310,7556,意德士,otc,277.5,300.0,275.0,285.0,843728.0,244280451.0
20260310,7584,樂意,otc,27.9,28.55,27.45,28.4,16230.0,452605.0
20260310,7642,昶瑞機電,otc,68.2,71.0,68.2,71.0,24661.0,1721238.0
20260310,7703,銳澤,otc,215.5,224.0,211.0,212.0,241150.0,52330633.0
20260310,7704,明遠精密,otc,75.4,75.6,68.0,69.8,1330794.0,96101925.0
20260310,7708,全家餐飲,otc,93.8,94.2,93.8,93.9,11377.0,1068595.0
20260310,7709,榮田,otc,78.0,79.0,76.1,76.2,260852.0,20148096.0
20260310,7712,博盛半導體,otc,170.5,173.0,151.5,151.5,3499207.0,560365826.0
20260310,7713,威力德生醫,otc,67.4,68.2,67.4,68.1,13000.0,881200.0
20260310,7714,創泓科技,otc,126.5,128.5,125.0,125.5,91115.0,11529454.0
20260310,7715,裕山,otc,29.25,29.25,28.85,28.85,45740.0,1327502.0
20260310,7716,昱臺國際,otc,24.2,24.4,24.2,24.4,41269.0,1005088.0
20260310,7717,萊德光電-KY,otc,635.0,638.0,601.0,606.0,414423.0,254132555.0
20260310,7718,友鋮,otc,49.0,49.0,48.3,48.3,7166.0,348632.0
20260310,7723,築間,otc,26.35,26.35,24.75,24.75,285131.0,7234353.0
20260310,7728,光焱科技,otc,751.0,751.0,707.0,709.0,154627.0,112113888.0
20260310,7734,印能科技,otc,3960.0,4080.0,3710.0,3750.0,767189.0,3012143235.0
20260310,7738,東聯互動,otc,170.0,170.0,160.0,166.5,230074.0,38221485.0
20260310,7743,金利食安,otc,19.35,19.45,19.35,19.4,15112.0,293238.0
20260310,7744,崴寶,otc,592.0,592.0,548.0,548.0,457678.0,253833893.0
20260310,7751,竑騰,otc,1600.0,1625.0,1395.0,1625.0,534765.0,796261630.0
20260310,7753,星亞,otc,41.8,42.0,41.55,41.7,36439.0,1518593.0
20260310,7757,金色三麥,otc,103.5,104.0,103.5,103.5,24262.0,2512773.0
20260310,7767,仁大資訊,otc,44.45,44.45,43.7,43.7,16000.0,700550.0
20260310,7770,君曜,otc,45.4,45.4,44.1,45.4,12448.0,560986.0
20260310,7772,耀穎,otc,167.0,172.5,153.0,155.0,686702.0,108084797.0
20260310,7777,能率亞洲,otc,36.2,37.1,34.4,35.8,16806444.0,598598132.0
20260310,7782,光速火箭,otc,26.3,26.8,26.25,26.8,36602.0,965262.0
20260310,7792,安葆,otc,306.5,306.5,289.5,293.0,281074.0,83203599.0
20260310,7794,宏碁智新,otc,30.05,30.2,29.6,29.6,45018.0,1347391.0
20260310,7805,威聯通,otc,733.0,733.0,702.0,709.0,149760.0,106520915.0
20260310,7810,捷創科技,otc,235.0,250.0,234.5,240.5,381042.0,92815989.0
20260310,7811,民盛,otc,78.9,82.0,78.6,80.9,77230.0,6253196.0
20260310,7820,立盈,otc,138.0,143.5,133.5,134.0,126395.0,17248402.0
20260310,7828,創新服務,otc,1300.0,1305.0,1180.0,1195.0,303857.0,374702490.0
20260310,7842,天能綠電,otc,110.5,112.0,110.0,110.0,133570.0,14774541.0
20260310,8024,佑華,otc,12.1,12.35,12.0,12.2,162983.0,1983176.0
20260310,8027,鈦昇,otc,268.0,278.5,242.5,247.0,5912446.0,1539354342.0
20260310,8032,光菱,otc,42.05,42.5,41.0,41.5,117035.0,4885089.0
20260310,8034,榮群,otc,24.0,24.2,23.75,23.8,454159.0,10868725.0
20260310,8038,長園科,otc,41.7,42.9,40.65,40.65,375910.0,15722720.0
20260310,8040,九暘,otc,87.9,89.2,83.0,84.5,2447345.0,211119718.0
20260310,8042,金山電,otc,107.5,107.5,98.1,98.1,1904302.0,191855516.0
20260310,8043,蜜望實,otc,113.0,113.0,108.5,113.0,9804252.0,1103246476.0
20260310,8044,網家,otc,23.95,25.55,23.5,25.55,3549304.0,89825634.0
20260310,8047,星雲,otc,53.9,53.9,51.2,51.2,128578.0,6679771.0
20260310,8048,德勝,otc,62.1,65.2,61.6,61.8,537025.0,33932448.0
20260310,8049,晶采,otc,26.3,26.9,25.8,25.8,378937.0,9917389.0
20260310,8050,廣積,otc,49.55,49.55,46.85,47.0,1644102.0,79109900.0
20260310,8054,安國,otc,102.5,108.5,101.0,102.5,3234820.0,338864998.0
20260310,8059,凱碩,otc,19.55,19.95,18.55,18.65,540043.0,10233300.0
20260310,8064,東捷,otc,118.5,127.0,117.5,120.0,6214844.0,760278943.0
20260310,8066,來思達,otc,16.35,16.4,16.0,16.05,90284.0,1461564.0
20260310,8067,志旭,otc,12.9,12.9,12.35,12.65,7610.0,96715.0
20260310,8068,全達,otc,21.4,22.5,21.0,21.0,511995.0,11125240.0
20260310,8069,元太,otc,226.0,226.0,208.0,210.0,9356738.0,2005466604.0
20260310,8071,能率網通,otc,18.15,19.25,18.0,19.0,3466619.0,64691919.0
20260310,8074,鉅橡,otc,80.0,80.1,73.8,75.6,4415194.0,334891726.0
20260310,8076,伍豐,otc,25.05,25.2,23.9,23.9,2072714.0,50561057.0
20260310,8080,泰霖,otc,28.0,28.0,27.3,27.4,142044.0,3930291.0
20260310,8083,瑞穎,otc,174.0,174.0,171.0,171.5,50295.0,8644583.0
20260310,8084,巨虹,otc,44.45,44.95,42.3,43.3,60937.0,2631860.0
20260310,8085,福華,otc,11.8,12.0,11.2,11.45,730149.0,8388843.0
20260310,8086,宏捷科,otc,155.5,160.0,148.5,150.0,7733493.0,1185160856.0
20260310,8087,麗升能源,otc,34.3,35.5,34.1,34.1,99641.0,3481326.0
20260310,8088,品安,otc,56.3,56.3,53.8,54.0,2967614.0,162752637.0
20260310,8089,康全電訊,otc,20.5,20.8,20.0,20.0,154827.0,3146651.0
20260310,8091,翔名,otc,215.5,237.0,212.5,237.0,2902556.0,675257714.0
20260310,8092,建暐,otc,16.0,16.15,15.35,15.8,91010.0,1431162.0
20260310,8093,保銳,otc,18.6,18.95,18.05,18.05,39437.0,723556.0
20260310,8096,擎亞,otc,97.8,98.1,93.2,95.9,11234542.0,1072889900.0
20260310,8097,常珵,otc,52.7,54.6,52.7,53.7,211793.0,11392170.0
20260310,8099,大世科,otc,59.4,61.9,57.6,59.5,203112.0,12030672.0
20260310,8102,傑霖科技,otc,63.4,63.4,62.0,62.0,30120.0,1882640.0
20260310,8107,大億金茂,otc,11.65,11.65,11.45,11.5,63254.0,730093.0
20260310,8109,博大,otc,113.0,114.5,112.5,113.0,136298.0,15451066.0
20260310,8111,立碁,otc,65.1,65.7,62.4,62.4,2184562.0,138708493.0
20260310,8121,越峰,otc,36.0,37.0,33.6,34.0,3289040.0,115448828.0
20260310,8147,正淩,otc,185.0,197.5,184.0,189.0,3746930.0,713115009.0
20260310,8155,博智,otc,423.0,424.0,393.0,399.0,2666385.0,1081675771.0
20260310,8171,天宇,otc,23.6,23.9,22.9,22.9,171539.0,3996080.0
20260310,8176,智捷,otc,10.5,10.65,10.1,10.15,274233.0,2801542.0
20260310,8182,加高,otc,35.1,36.15,34.0,34.05,796764.0,27842158.0
20260310,8183,精星,otc,30.8,31.25,29.95,30.1,466303.0,14205558.0
20260310,8227,巨有科技,otc,212.0,215.0,207.0,208.0,994454.0,210073026.0
20260310,8234,新漢,otc,68.1,73.3,68.1,70.8,3515085.0,250943520.0
20260310,8240,華宏,otc,65.6,66.3,62.2,62.6,1664280.0,105348374.0
20260310,8255,朋程,otc,146.0,149.5,138.0,141.0,1515924.0,218398634.0
20260310,8272,全景軟體,otc,76.0,76.0,72.5,74.9,7870.0,580091.0
20260310,8277,商丞,otc,6.53,6.73,6.52,6.58,160805.0,1056985.0
20260310,8279,生展,otc,98.6,98.6,97.0,97.0,11300.0,1100560.0
20260310,8284,三竹,otc,63.6,63.8,63.5,63.8,24543.0,1564540.0
20260310,8289,泰藝,otc,54.6,56.2,53.1,54.0,3413868.0,186184178.0
20260310,8291,尚茂,otc,56.8,56.8,56.8,56.8,157983.0,8973423.0
20260310,8299,群聯,otc,2850.0,2850.0,2650.0,2650.0,13037341.0,35862892335.0
20260310,8342,益張,otc,91.0,91.1,89.8,89.8,4004.0,363354.0
20260310,8349,恒耀甲特,otc,47.5,47.5,47.4,47.4,5029.0,238674.0
20260310,8354,冠好,otc,17.2,18.05,17.05,17.3,162862.0,2857720.0
20260310,8358,金居,otc,417.0,417.0,388.0,389.5,3179658.0,1291144042.0
20260310,8383,千附,otc,55.0,56.0,54.3,54.5,1024213.0,56514166.0
20260310,8390,金益鼎,otc,112.5,122.0,111.5,119.5,3467324.0,411120215.0
20260310,8401,白紗科,otc,24.4,24.4,23.85,23.95,66929.0,1603211.0
20260310,8403,盛弘,otc,20.0,20.0,19.65,19.7,587405.0,11626881.0
20260310,8409,商之器,otc,19.2,19.2,19.0,19.15,13629.0,260112.0
20260310,8410,森田,otc,35.75,35.8,35.1,35.5,71378.0,2527967.0
20260310,8415,大國鋼,otc,35.15,35.95,34.85,35.35,1931063.0,68371134.0
20260310,8416,實威,otc,173.5,174.0,173.5,173.5,7043.0,1222359.0
20260310,8421,旭源,otc,13.75,13.75,13.45,13.55,37655.0,510788.0
20260310,8423,保綠-KY,otc,17.8,18.0,17.75,17.75,36728.0,654766.0
20260310,8424,惠普,otc,73.4,73.4,73.2,73.2,4680.0,342841.0
20260310,8426,紅木-KY,otc,21.2,21.6,21.1,21.3,67172.0,1428373.0
20260310,8431,匯鑽科,otc,58.2,61.5,58.0,58.5,928803.0,55301320.0
20260310,8432,東生華,otc,49.15,49.55,49.15,49.25,10341.0,509590.0
20260310,8433,弘帆,otc,53.1,53.1,52.2,52.2,43149.0,2268680.0
20260310,8435,鉅邁,otc,55.8,56.2,55.8,55.9,7822.0,437220.0
20260310,8436,大江,otc,119.5,120.5,118.0,118.0,436284.0,52045755.0
20260310,8437,大地-KY,otc,11.25,11.25,11.0,11.2,73814.0,819631.0
20260310,8440,綠電,otc,25.2,25.35,23.0,23.05,1818049.0,43667665.0
20260310,8444,綠河-KY,otc,8.1,9.64,8.1,9.02,49104.0,453894.0
20260310,8446,華研,otc,83.7,84.6,83.7,84.0,158485.0,13336459.0
20260310,8450,霹靂,otc,16.2,16.2,15.6,15.8,14932.0,235647.0
20260310,8455,大拓-KY,otc,32.85,32.85,32.85,32.85,49839.0,1637206.0
20260310,8472,夠麻吉,otc,70.0,71.9,70.0,71.9,16091.0,1145706.0
20260310,8477,創業家,otc,17.0,17.0,15.55,16.5,181779.0,2906219.0
20260310,8489,三貝德,otc,24.15,24.65,24.15,24.4,20772.0,507232.0
20260310,8905,裕國,otc,29.35,29.9,29.35,29.7,11432.0,337745.0
20260310,8906,花王,otc,24.3,24.45,23.5,23.95,48092.0,1147270.0
20260310,8908,欣雄,otc,40.4,40.4,39.7,40.25,186305.0,7461789.0
20260310,8916,光隆,otc,46.9,46.9,46.25,46.6,63921.0,2975855.0
20260310,8917,欣泰,otc,53.4,53.4,53.2,53.2,4822.0,256886.0
20260310,8921,沈氏,otc,17.8,17.8,17.8,17.8,2359.0,41987.0
20260310,8923,時報,otc,19.3,19.3,19.3,19.3,10004.0,193074.0
20260310,8924,大田,otc,64.7,64.7,64.1,64.2,92557.0,5950420.0
20260310,8927,北基,otc,19.4,19.4,18.55,18.65,1133854.0,21302746.0
20260310,8928,鉅明,otc,21.55,22.5,21.5,21.85,165148.0,3626806.0
20260310,8929,富堡,otc,14.35,14.4,14.3,14.3,17664.0,253620.0
20260310,8930,青鋼,otc,29.0,29.0,28.6,28.6,81020.0,2326956.0
20260310,8931,大汽電,otc,42.45,42.7,42.1,42.1,96772.0,4093744.0
20260310,8932,智通*,otc,102.0,103.5,98.2,98.4,4385311.0,437492461.0
20260310,8933,愛地雅,otc,5.57,5.68,5.5,5.54,446772.0,2482320.0
20260310,8935,邦泰,otc,19.15,20.95,19.15,19.8,2365186.0,47664846.0
20260310,8936,國統,otc,50.0,50.2,49.5,49.95,2636722.0,131483806.0
20260310,8937,合騏*,otc,32.1,33.0,31.0,31.45,451160.0,14174966.0
20260310,8938,明安,otc,55.0,55.5,54.7,54.8,314496.0,17337527.0
20260310,8941,關中,otc,44.3,44.75,44.3,44.75,2756.0,121834.0
20260310,8942,森鉅,otc,42.5,43.4,41.8,42.5,587194.0,24903737.0
20260310,9949,琉園,otc,23.55,23.8,23.55,23.7,15614.0,371218.0
20260310,9950,萬國通,otc,11.6,11.6,11.6,11.6,342594.0,3974084.0
20260310,9951,皇田,otc,53.5,53.5,52.5,52.5,132390.0,7010660.0
20260310,9960,邁達康,otc,35.1,35.3,34.6,34.7,173642.0,6079847.0
20260310,9962,有益,otc,9.7,9.7,9.46,9.53,105345.0,1002730.0
