# PRICE_WINDOW_35

columns=date,open,high,low,close,volume,ma5,ema23,ma20,ma60,ma120,return_1d,return_5d,return_20d,volume_ratio,distance_to_ema23_pct,distance_to_ma20_pct,distance_to_high_60_pct

PRICE_WINDOW_180_ROW_001=20260522,45.22,45.27,45.16,45.27,259341.0,,,,,,,,,,,,

PRICE_WINDOW_180_ROW_002=20260525,46.5,47.16,46.5,47.08,472412.0,,,,,,3.9982,,,,,,

PRICE_WINDOW_180_ROW_003=20260526,47.08,47.08,46.68,46.85,133983.0,,,,,,-0.4885,,,,,,

PRICE_WINDOW_180_ROW_004=20260527,46.74,46.8,46.64,46.64,130674.0,,,,,,-0.4482,,,,,,

PRICE_WINDOW_180_ROW_005=20260528,46.43,46.43,45.88,45.95,130222.0,46.358,45.6581,46.358,46.358,46.358,-1.4794,,,0.5779,0.6392,-0.8801,-2.5657

PRICE_WINDOW_180_ROW_006=20260529,46.71,46.82,46.68,46.82,129639.0,46.668,45.755,46.435,46.435,46.435,1.8934,3.4239,,0.6192,2.3277,0.8291,-0.7209

PRICE_WINDOW_180_ROW_007=20260601,48.46,49.12,48.46,49.08,339929.0,47.068,46.032,46.8129,46.8129,46.8129,4.827,4.2481,,1.4907,6.6214,4.843,-0.0814

PRICE_WINDOW_180_ROW_008=20260602,50.7,51.5,50.7,51.5,277206.0,47.998,46.4877,47.3988,47.3988,47.3988,4.9307,9.9253,,1.1838,10.782,8.6527,0.0

PRICE_WINDOW_180_ROW_009=20260603,51.6,51.75,51.5,51.55,305259.0,48.98,46.9096,47.86,47.86,47.86,0.0971,10.5274,,1.261,9.8923,7.71,-0.3865

PRICE_WINDOW_180_ROW_010=20260604,50.5,50.5,48.8,48.99,688287.0,49.588,47.0829,47.973,47.973,47.973,-4.9661,6.6159,,2.4008,4.0504,2.1199,-5.3333

PRICE_WINDOW_180_ROW_011=20260605,49.18,49.82,49.18,49.62,802857.0,50.148,47.2944,48.1227,48.1227,48.1227,1.286,5.9804,,2.4065,4.9174,3.1114,-4.1159

PRICE_WINDOW_180_ROW_012=20260608,48.12,48.22,47.99,48.01,602094.0,49.934,47.354,48.1133,48.1133,48.1133,-3.2447,-2.1801,,1.6913,1.3853,-0.2148,-7.2271

PRICE_WINDOW_180_ROW_013=20260609,47.87,47.88,47.5,47.79,35527.0,49.192,47.3903,48.0885,48.0885,48.0885,-0.4582,-7.2039,,0.1072,0.8434,-0.6207,-7.6522

PRICE_WINDOW_180_ROW_014=20260610,47.0,47.0,46.41,46.48,386353.0,48.178,47.3145,47.9736,47.9736,47.9736,-2.7412,-9.8351,,1.1524,-1.7637,-3.1133,-10.1836

PRICE_WINDOW_180_ROW_015=20260611,46.2,46.66,46.2,46.66,33742.0,47.712,47.2599,47.886,47.886,47.886,0.3873,-4.7561,,0.1071,-1.2694,-2.5602,-9.8357

PRICE_WINDOW_180_ROW_016=20260612,47.05,47.25,47.05,47.22,125509.0,47.232,47.2566,47.8444,47.8444,47.8444,1.2002,-4.8368,,0.4138,-0.0775,-1.305,-8.7536

PRICE_WINDOW_180_ROW_017=20260615,47.65,47.72,47.6,47.66,428716.0,47.162,47.2902,47.8335,47.8335,47.8335,0.9318,-0.729,,1.3799,0.7819,-0.3628,-7.9034

PRICE_WINDOW_180_ROW_018=20260616,47.66,47.66,47.2,47.38,29458.0,47.08,47.2977,47.8083,47.8083,47.8083,-0.5875,-0.8579,,0.0998,0.174,-0.8959,-8.4444

PRICE_WINDOW_180_ROW_019=20260617,46.97,47.06,46.95,47.06,82540.0,47.196,47.2779,47.7689,47.7689,47.7689,-0.6754,1.2478,,0.2908,-0.4609,-1.4841,-9.0628

PRICE_WINDOW_180_ROW_020=20260618,46.27,46.8,46.27,46.6,52881.0,47.184,47.2214,47.7105,47.7105,47.7105,-0.9775,-0.1286,,0.1942,-1.3159,-2.3276,-9.9517

PRICE_WINDOW_180_ROW_021=20260622,46.5,46.5,46.29,46.39,217675.0,47.018,47.1521,47.7665,47.6476,47.6476,-0.4506,-1.7577,2.474,0.8055,-1.6163,-2.8817,-10.3575

PRICE_WINDOW_180_ROW_022=20260623,45.95,46.0,45.41,45.41,209496.0,46.568,47.0069,47.683,47.5459,47.5459,-2.1125,-4.7209,-3.5472,0.8148,-3.3972,-4.7669,-12.2512

PRICE_WINDOW_180_ROW_023=20260624,46.44,46.6,46.31,46.6,139270.0,46.412,46.973,47.6705,47.5048,47.5048,2.6206,-1.6463,-0.5336,0.5411,-0.7941,-2.2456,-9.9517

PRICE_WINDOW_180_ROW_024=20260625,46.32,46.61,46.28,46.61,409894.0,46.322,46.9428,47.669,47.4675,47.4675,0.0215,-0.9562,-0.0643,1.5107,-0.7089,-2.2216,-9.9324

PRICE_WINDOW_180_ROW_025=20260626,46.61,46.61,46.3,46.4,122105.0,46.282,46.8975,47.6915,47.4248,47.4248,-0.4505,-0.4292,0.9793,0.4507,-1.0609,-2.708,-10.3382

PRICE_WINDOW_180_ROW_026=20260629,48.8,48.81,48.67,48.72,253693.0,46.748,47.0494,47.7865,47.4746,47.4746,5.0,5.0226,4.0581,0.9154,3.5507,1.9535,-5.8551

PRICE_WINDOW_180_ROW_027=20260630,50.05,50.4,50.05,50.35,487000.0,47.736,47.3245,47.85,47.5811,47.5811,3.3456,10.8787,2.5876,1.7119,6.3932,5.2247,-2.7053

PRICE_WINDOW_180_ROW_028=20260701,50.75,50.8,50.7,50.75,68000.0,48.566,47.6099,47.8125,47.6943,47.6943,0.7944,8.9056,-1.4563,0.2482,6.5954,6.1438,-1.9324

PRICE_WINDOW_180_ROW_029=20260702,51.45,51.75,51.45,51.65,252000.0,49.574,47.9466,47.8175,47.8307,47.8307,1.7734,10.8131,0.194,0.9287,7.724,8.0148,-0.1932

PRICE_WINDOW_180_ROW_030=20260703,51.65,51.75,51.35,51.6,273497.0,50.614,48.251,47.948,47.9563,47.9563,-0.0968,11.2069,5.3276,1.0913,6.9407,7.6166,-0.2899

PRICE_WINDOW_180_ROW_031=20260706,51.7,51.85,51.6,51.85,60000.0,51.24,48.551,48.0595,48.0819,48.0819,0.4845,6.4245,4.4942,0.2811,6.795,7.8871,0.0

PRICE_WINDOW_180_ROW_032=20260707,52.85,53.0,52.65,52.65,126239.0,51.7,48.8925,48.2915,48.2247,48.2247,1.5429,4.568,9.6647,0.6655,7.6851,9.0254,-0.6604

PRICE_WINDOW_180_ROW_033=20260708,53.2,53.3,52.9,52.9,64868.0,52.13,49.2265,48.547,48.3664,48.3664,0.4748,4.2365,10.6926,0.3394,7.4624,8.9666,-0.7505

PRICE_WINDOW_180_ROW_034=20260709,52.65,52.65,52.25,52.35,40330.0,52.27,49.4868,48.8405,48.4835,48.4835,-1.0397,1.3553,12.6291,0.232,5.7858,7.1856,-1.7824

PRICE_WINDOW_180_ROW_035=20260713,53.0,53.9,52.25,52.25,423558.0,52.4,49.7171,49.12,48.5911,48.5911,-0.191,1.2597,11.9803,2.1908,5.0947,6.3721,-3.0612
