# PRICE_WINDOW_44

columns=date,open,high,low,close,volume,ma5,ema23,ma20,ma60,ma120,return_1d,return_5d,return_20d,volume_ratio,distance_to_ema23_pct,distance_to_ma20_pct,distance_to_high_60_pct

PRICE_WINDOW_180_ROW_001=20260603,9.9,9.93,9.87,9.88,10000.0,,,,,,,,,,,,

PRICE_WINDOW_180_ROW_002=20260604,9.68,9.7,9.63,9.64,10000.0,,,,,,-2.4291,,,,,,

PRICE_WINDOW_180_ROW_003=20260605,9.64,9.77,9.64,9.65,10000.0,,,,,,0.1037,,,,,,

PRICE_WINDOW_180_ROW_004=20260608,8.97,9.3,8.97,9.19,2044000.0,,,,,,-4.7668,,,,,,

PRICE_WINDOW_180_ROW_005=20260609,9.28,9.44,9.28,9.4,865000.0,9.552,9.7558,9.552,9.552,9.552,2.2851,,,1.4716,-3.6469,-1.5913,-5.3374

PRICE_WINDOW_180_ROW_006=20260610,9.4,9.4,9.28,9.29,1215000.0,9.434,9.717,9.5083,9.5083,9.5083,-1.1702,-5.9717,,1.7549,-4.394,-2.2962,-6.4451

PRICE_WINDOW_180_ROW_007=20260611,9.2,9.2,9.09,9.13,1952000.0,9.332,9.6681,9.4543,9.4543,9.4543,-1.7223,-5.2905,,2.2378,-5.5653,-3.43,-8.0564

PRICE_WINDOW_180_ROW_008=20260612,9.3,9.45,9.3,9.38,1815000.0,9.278,9.644,9.445,9.445,9.445,2.7382,-2.7979,,1.8331,-2.7379,-0.6882,-5.5388

PRICE_WINDOW_180_ROW_009=20260615,9.5,9.62,9.5,9.6,1834000.0,9.36,9.6404,9.4622,9.4622,9.4622,2.3454,4.4614,,1.6921,-0.4188,1.4561,-3.3233

PRICE_WINDOW_180_ROW_010=20260616,9.71,9.77,9.58,9.71,1738000.0,9.422,9.6462,9.487,9.487,9.487,1.1458,3.2979,,1.5122,0.6616,2.3506,-2.2155

PRICE_WINDOW_180_ROW_011=20260617,9.82,9.89,9.82,9.88,1702000.0,9.54,9.6657,9.5227,9.5227,9.5227,1.7508,6.3509,,1.4189,2.2175,3.7518,-0.5035

PRICE_WINDOW_180_ROW_012=20260618,9.88,9.91,9.86,9.86,2612000.0,9.686,9.6819,9.5508,9.5508,9.5508,-0.2024,7.9956,,1.9829,1.8399,3.2371,-0.7049

PRICE_WINDOW_180_ROW_013=20260622,9.9,9.99,9.86,9.97,4022000.0,9.804,9.7059,9.5831,9.5831,9.5831,1.1156,6.29,,2.6368,2.7213,4.0376,-0.2002

PRICE_WINDOW_180_ROW_014=20260623,9.95,9.95,9.79,9.79,1734000.0,9.842,9.7129,9.5979,9.5979,9.5979,-1.8054,1.9792,,1.1258,0.794,2.0019,-2.002

PRICE_WINDOW_180_ROW_015=20260624,9.79,9.89,9.72,9.88,1705000.0,9.876,9.7268,9.6167,9.6167,9.6167,0.9193,1.7508,,1.0991,1.5749,2.7383,-1.1011

PRICE_WINDOW_180_ROW_016=20260625,9.82,9.84,9.77,9.8,1160000.0,9.86,9.7329,9.6281,9.6281,9.6281,-0.8097,-0.8097,,0.7598,0.6893,1.7851,-1.9019

PRICE_WINDOW_180_ROW_017=20260626,9.7,9.82,9.55,9.56,1423000.0,9.8,9.7185,9.6241,9.6241,9.6241,-2.449,-3.0426,,0.9358,-1.6309,-0.6662,-4.3043

PRICE_WINDOW_180_ROW_018=20260629,9.8,9.93,9.71,9.92,2438000.0,9.79,9.7353,9.6406,9.6406,9.6406,3.7657,-0.5015,,1.5513,1.8973,2.8986,-0.7007

PRICE_WINDOW_180_ROW_019=20260630,9.92,9.95,9.81,9.9,1638000.0,9.812,9.749,9.6542,9.6542,9.6542,-0.2016,1.1236,,1.0399,1.5487,2.5459,-0.9009

PRICE_WINDOW_180_ROW_020=20260701,9.89,9.89,9.75,9.79,511000.0,9.794,9.7524,9.661,9.661,9.661,-1.1111,-0.9109,,0.3358,0.3852,1.3353,-2.002

PRICE_WINDOW_180_ROW_021=20260702,9.81,9.89,9.81,9.82,933000.0,9.798,9.7581,9.658,9.6686,9.6686,0.3064,0.2041,-0.6073,0.595,0.6347,1.6774,-1.7017

PRICE_WINDOW_180_ROW_022=20260703,9.85,9.89,9.82,9.85,560000.0,9.856,9.7657,9.6685,9.6768,9.6768,0.3055,3.0335,2.1784,0.351,0.863,1.8772,-1.4014

PRICE_WINDOW_180_ROW_023=20260706,9.85,9.85,9.8,9.84,652000.0,9.84,9.7719,9.678,9.6839,9.6839,-0.1015,-0.8065,1.9689,0.4006,0.6968,1.6739,-1.5015

PRICE_WINDOW_180_ROW_024=20260707,9.9,10.01,9.9,9.91,5066000.0,9.842,9.7834,9.714,9.6933,9.6933,0.7114,0.101,7.8346,2.8481,1.2938,2.0177,-0.999

PRICE_WINDOW_180_ROW_025=20260708,9.9,9.9,9.68,9.71,488000.0,9.826,9.7773,9.7295,9.694,9.694,-2.0182,-0.8172,3.2979,0.2773,-0.6884,-0.2004,-2.997

PRICE_WINDOW_180_ROW_026=20260709,9.89,9.89,9.72,9.73,469000.0,9.808,9.7734,9.7515,9.6954,9.6954,0.206,-0.9165,4.7363,0.2723,-0.4437,-0.2205,-2.7972

PRICE_WINDOW_180_ROW_027=20260713,9.73,9.73,9.68,9.68,246000.0,9.774,9.7656,9.779,9.6948,9.6948,-0.5139,-1.7259,6.0241,0.1502,-0.8763,-1.0124,-3.2967

PRICE_WINDOW_180_ROW_028=20260714,9.68,9.68,9.6,9.61,518000.0,9.728,9.7526,9.7905,9.6918,9.6918,-0.7231,-2.3374,2.452,0.3294,-1.4623,-1.8436,-3.996

PRICE_WINDOW_180_ROW_029=20260715,9.64,9.75,9.63,9.72,272000.0,9.69,9.7499,9.7965,9.6928,9.6928,1.1446,-1.9173,1.25,0.182,-0.3066,-0.7809,-2.8971

PRICE_WINDOW_180_ROW_030=20260716,9.72,9.86,9.72,9.85,716000.0,9.718,9.7582,9.8035,9.698,9.698,1.3374,1.4418,1.4418,0.4961,0.9403,0.4743,-1.5984

PRICE_WINDOW_180_ROW_031=20260717,9.69,9.69,9.5,9.53,732000.0,9.678,9.7392,9.786,9.6926,9.6926,-3.2487,-2.0555,-3.5425,0.5248,-2.1482,-2.616,-4.7952

PRICE_WINDOW_180_ROW_032=20260720,9.53,9.53,9.43,9.48,487000.0,9.638,9.7176,9.767,9.6859,9.6859,-0.5247,-2.0661,-3.854,0.378,-2.4452,-2.9385,-5.2947

PRICE_WINDOW_180_ROW_033=20260721,9.57,9.78,9.57,9.77,509000.0,9.67,9.722,9.757,9.6885,9.6885,3.0591,1.6649,-2.006,0.4574,0.4939,0.1332,-2.3976

PRICE_WINDOW_180_ROW_034=20260722,9.91,9.96,9.91,9.94,2319000.0,9.714,9.7402,9.7645,9.6959,9.6959,1.74,2.2634,1.5322,2.0305,2.0518,1.7973,-0.6993

PRICE_WINDOW_180_ROW_035=20260723,9.93,9.93,9.87,9.87,686000.0,9.718,9.751,9.764,9.7009,9.7009,-0.7042,0.203,-0.1012,0.6287,1.2207,1.0856,-1.3986

PRICE_WINDOW_180_ROW_036=20260724,9.87,9.92,9.86,9.9,1188000.0,9.792,9.7634,9.769,9.7064,9.7064,0.304,3.8825,1.0204,1.0874,1.3992,1.341,-1.0989

PRICE_WINDOW_180_ROW_037=20260727,9.9,9.9,9.74,9.8,93000.0,9.856,9.7664,9.781,9.7089,9.7089,-1.0101,3.3755,2.5105,0.0906,0.3436,0.1943,-2.0979

PRICE_WINDOW_180_ROW_038=20260728,9.8,9.8,9.71,9.71,1214000.0,9.844,9.7617,9.7705,9.7089,9.7089,-0.9184,-0.6141,-2.1169,1.2582,-0.53,-0.6192,-2.997

PRICE_WINDOW_180_ROW_039=20260729,9.54,9.73,9.54,9.7,815000.0,9.796,9.7566,9.7605,9.7087,9.7087,-0.103,-2.4145,-2.0202,0.8823,-0.5801,-0.6198,-3.0969

PRICE_WINDOW_180_ROW_040=20260730,9.5,9.5,9.44,9.44,115000.0,9.71,9.7302,9.743,9.702,9.702,-2.6804,-4.3566,-3.5751,0.1272,-2.9826,-3.1099,-5.6943

PRICE_WINDOW_180_ROW_041=20260731,9.65,9.86,9.65,9.83,745000.0,9.696,9.7385,9.7435,9.7051,9.7051,4.1314,-0.7071,0.1018,0.8329,0.9393,0.8878,-1.7982

PRICE_WINDOW_180_ROW_042=20260803,9.65,9.73,9.57,9.71,228000.0,9.678,9.7361,9.7365,9.7052,9.7052,-1.2208,-0.9184,-1.4213,0.2597,-0.2686,-0.2722,-2.997

PRICE_WINDOW_180_ROW_043=20260804,9.7,9.86,9.7,9.85,595000.0,9.706,9.7456,9.737,9.7086,9.7086,1.4418,1.4418,0.1016,0.68,1.0709,1.1605,-1.5984

PRICE_WINDOW_180_ROW_044=20260805,9.87,9.87,9.83,9.86,620000.0,9.738,9.7552,9.7345,9.712,9.712,0.1015,1.6495,-0.5045,0.9498,1.0746,1.2892,-1.4985
