# PRICE_WINDOW_180

columns=date,open,high,low,close,volume,ma5,ema23,ma20,ma60,ma120,return_1d,return_5d,return_20d,volume_ratio,distance_to_ema23_pct,distance_to_ma20_pct,distance_to_high_60_pct

PRICE_WINDOW_180_ROW_001=20251124,19.6,19.6,19.6,19.6,6170.0,19.62,19.6496,19.6375,19.7167,19.7562,0.0,-0.5076,-0.7595,0.1778,-0.2524,-0.191,-1.0101

PRICE_WINDOW_180_ROW_002=20251125,19.6,19.6,19.5,19.6,21666.0,19.61,19.6455,19.6325,19.7158,19.7467,0.0,-0.2545,-0.5076,0.6366,-0.2314,-0.1655,-1.0101

PRICE_WINDOW_180_ROW_003=20251126,19.6,19.65,19.6,19.65,25178.0,19.61,19.6458,19.63,19.715,19.7338,0.2551,0.0,-0.2538,0.7228,0.0212,0.1019,-0.7576

PRICE_WINDOW_180_ROW_004=20251127,19.65,19.65,19.5,19.6,7235.0,19.61,19.642,19.625,19.7142,19.7304,-0.2545,0.0,-0.5076,0.2082,-0.2139,-0.1274,-1.0101

PRICE_WINDOW_180_ROW_005=20251128,19.45,19.6,19.45,19.6,9051.0,19.61,19.6385,19.6225,19.7125,19.7262,0.0,0.0,-0.2545,0.2622,-0.1962,-0.1147,-1.0101

PRICE_WINDOW_180_ROW_006=20251201,19.6,19.6,19.6,19.6,4231.0,19.61,19.6353,19.6175,19.7108,19.7254,0.0,0.0,-0.5076,0.1481,-0.1798,-0.0892,-1.0101

PRICE_WINDOW_180_ROW_007=20251202,19.6,19.65,19.6,19.6,14115.0,19.61,19.6324,19.6125,19.7083,19.725,0.0,0.0,-0.5076,0.5302,-0.1649,-0.0637,-1.0101

PRICE_WINDOW_180_ROW_008=20251203,19.55,19.6,19.5,19.6,18000.0,19.6,19.6297,19.61,19.7058,19.7242,0.0,-0.2545,-0.2545,0.6742,-0.1512,-0.051,-1.0101

PRICE_WINDOW_180_ROW_009=20251204,19.55,19.6,19.55,19.6,24155.0,19.6,19.6272,19.6075,19.7033,19.7238,0.0,0.0,-0.2545,0.8883,-0.1386,-0.0383,-1.0101

PRICE_WINDOW_180_ROW_010=20251205,19.6,19.6,19.55,19.55,6562.0,19.59,19.6208,19.6,19.6992,19.7208,-0.2551,-0.2551,-0.7614,0.2457,-0.3607,-0.2551,-1.2626

PRICE_WINDOW_180_ROW_011=20251208,19.6,19.6,19.5,19.55,41393.0,19.58,19.6149,19.6,19.695,19.7188,0.0,-0.2551,0.0,1.6547,-0.3307,-0.2551,-1.2626

PRICE_WINDOW_180_ROW_012=20251209,19.5,19.55,19.5,19.5,14254.0,19.56,19.6053,19.6,19.6908,19.7171,-0.2558,-0.5102,0.0,0.5789,-0.5371,-0.5102,-1.5152

PRICE_WINDOW_180_ROW_013=20251210,19.5,19.5,19.4,19.5,50742.0,19.54,19.5965,19.5975,19.6858,19.7129,0.0,-0.5102,-0.2558,2.0577,-0.4925,-0.4975,-1.5152

PRICE_WINDOW_180_ROW_014=20251211,19.5,19.55,19.5,19.5,26056.0,19.52,19.5885,19.595,19.6817,19.7112,0.0,-0.5102,-0.2558,1.0898,-0.4517,-0.4848,-1.5152

PRICE_WINDOW_180_ROW_015=20251212,19.5,19.55,19.5,19.55,25131.0,19.52,19.5853,19.59,19.6783,19.7117,0.2564,0.0,-0.5089,1.158,-0.1801,-0.2042,-1.2626

PRICE_WINDOW_180_ROW_016=20251215,19.5,19.55,19.4,19.55,32409.0,19.52,19.5823,19.5825,19.6758,19.7129,0.0,0.0,-0.7614,1.5443,-0.1651,-0.166,-1.2626

PRICE_WINDOW_180_ROW_017=20251216,19.4,19.55,19.4,19.5,38877.0,19.52,19.5755,19.575,19.6725,19.7121,-0.2558,0.0,-0.7634,1.7934,-0.3855,-0.3831,-1.5152

PRICE_WINDOW_180_ROW_018=20251217,19.5,19.55,19.5,19.55,19056.0,19.53,19.5733,19.57,19.6692,19.7117,0.2564,0.2564,-0.5089,0.8726,-0.1193,-0.1022,-1.2626

PRICE_WINDOW_180_ROW_019=20251218,19.55,19.55,19.5,19.55,30252.0,19.54,19.5714,19.5675,19.665,19.7096,0.0,0.2564,-0.2551,1.3416,-0.1094,-0.0894,-1.2626

PRICE_WINDOW_180_ROW_020=20251219,19.55,19.55,19.55,19.55,13087.0,19.54,19.5696,19.565,19.6608,19.7079,0.0,0.0,-0.2551,0.6121,-0.1003,-0.0767,-1.2626

PRICE_WINDOW_180_ROW_021=20251222,19.5,19.55,19.5,19.55,18924.0,19.54,19.568,19.5625,19.6567,19.7067,0.0,0.0,-0.2551,0.8595,-0.0919,-0.0639,-1.2626

PRICE_WINDOW_180_ROW_022=20251223,19.5,19.55,19.5,19.55,17353.0,19.55,19.5665,19.56,19.6525,19.7054,0.0,0.2564,-0.2551,0.7959,-0.0843,-0.0511,-1.2626

PRICE_WINDOW_180_ROW_023=20251224,19.55,19.55,19.25,19.45,52925.0,19.53,19.5568,19.55,19.6467,19.7029,-0.5115,-0.5115,-1.0178,2.2822,-0.546,-0.5115,-1.7677

PRICE_WINDOW_180_ROW_024=20251226,19.5,19.5,19.5,19.5,28990.0,19.52,19.552,19.545,19.6417,19.6992,0.2571,-0.2558,-0.5102,1.1941,-0.2662,-0.2302,-1.5152

PRICE_WINDOW_180_ROW_025=20251229,19.5,19.5,19.4,19.5,22884.0,19.51,19.5477,19.54,19.6367,19.695,0.0,-0.2558,-0.5102,0.9165,-0.2441,-0.2047,-1.5152

PRICE_WINDOW_180_ROW_026=20251230,19.4,19.5,19.35,19.5,25091.0,19.5,19.5437,19.535,19.6317,19.6921,0.0,-0.2558,-0.5102,0.9646,-0.2238,-0.1792,-1.5152

PRICE_WINDOW_180_ROW_027=20251231,19.45,19.45,19.4,19.45,13388.0,19.48,19.5359,19.5275,19.6267,19.6883,-0.2564,-0.5115,-0.7653,0.5154,-0.4398,-0.3969,-1.7677

PRICE_WINDOW_180_ROW_028=20260102,19.4,19.5,19.35,19.5,34141.0,19.49,19.5329,19.5225,19.6225,19.6867,0.2571,0.2571,-0.5102,1.2747,-0.1686,-0.1153,-1.5152

PRICE_WINDOW_180_ROW_029=20260105,19.45,19.5,19.3,19.5,23000.0,19.49,19.5302,19.5175,19.6183,19.6842,0.0,0.0,-0.5102,0.8606,-0.1546,-0.0897,-1.5152

PRICE_WINDOW_180_ROW_030=20260106,19.5,19.5,19.45,19.45,15174.0,19.48,19.5235,19.5125,19.6125,19.6812,-0.2564,-0.2564,-0.5115,0.5588,-0.3765,-0.3203,-1.7677

PRICE_WINDOW_180_ROW_031=20260107,19.45,19.45,19.45,19.45,39672.0,19.47,19.5174,19.5075,19.6067,19.6783,0.0,-0.2564,-0.5115,1.4655,-0.3452,-0.2948,-1.7677

PRICE_WINDOW_180_ROW_032=20260108,19.45,19.5,19.4,19.5,30159.0,19.48,19.5159,19.5075,19.6025,19.6767,0.2571,0.2571,0.0,1.0823,-0.0816,-0.0384,-1.5152

PRICE_WINDOW_180_ROW_033=20260109,19.5,19.5,19.35,19.45,20385.0,19.47,19.5104,19.505,19.5975,19.6742,-0.2564,-0.2564,-0.2564,0.7737,-0.3098,-0.282,-1.7677

PRICE_WINDOW_180_ROW_034=20260112,19.4,19.45,18.5,18.95,243429.0,19.36,19.4637,19.4775,19.585,19.6679,-2.5707,-2.8205,-2.8205,6.5409,-2.6394,-2.7083,-4.2929

PRICE_WINDOW_180_ROW_035=20260113,18.9,19.2,18.8,19.0,110663.0,19.27,19.4251,19.45,19.5717,19.6617,0.2639,-2.3136,-2.8133,2.667,-2.1883,-2.3136,-4.0404

PRICE_WINDOW_180_ROW_036=20260114,19.0,19.0,18.85,18.95,62304.0,19.17,19.3855,19.42,19.5575,19.655,-0.2632,-2.5707,-3.0691,1.4493,-2.2465,-2.4202,-4.2929

PRICE_WINDOW_180_ROW_037=20260115,18.95,18.95,18.75,18.9,45046.0,19.05,19.345,19.39,19.5442,19.6467,-0.2639,-3.0769,-3.0769,1.0404,-2.3005,-2.5271,-4.5455

PRICE_WINDOW_180_ROW_038=20260116,18.9,18.9,18.85,18.85,49910.0,18.93,19.3038,19.355,19.5292,19.6388,-0.2646,-3.0848,-3.5806,1.1131,-2.3508,-2.6091,-4.798

PRICE_WINDOW_180_ROW_039=20260119,18.75,18.8,18.65,18.7,94814.0,18.88,19.2535,19.3125,19.5117,19.6288,-0.7958,-1.3193,-4.3478,1.9725,-2.8747,-3.1715,-5.5556

PRICE_WINDOW_180_ROW_040=20260120,18.5,18.7,18.5,18.65,88856.0,18.81,19.2032,19.2675,19.4925,19.62,-0.2674,-1.8421,-4.6036,1.7135,-2.8807,-3.2049,-5.5696

PRICE_WINDOW_180_ROW_041=20260121,18.6,18.65,18.4,18.6,53130.0,18.74,19.1529,19.22,19.4733,19.6108,-0.2681,-1.847,-4.8593,0.9919,-2.8869,-3.2258,-5.8228

PRICE_WINDOW_180_ROW_042=20260122,18.6,18.9,18.6,18.9,122690.0,18.74,19.1318,19.1875,19.46,19.6042,1.6129,0.0,-3.3248,2.0854,-1.2118,-1.4984,-4.0609

PRICE_WINDOW_180_ROW_043=20260123,18.9,19.2,18.6,19.2,50285.0,18.81,19.1375,19.175,19.4517,19.5988,1.5873,1.8568,-1.2853,0.8566,0.3265,0.1304,-2.5381

PRICE_WINDOW_180_ROW_044=20260126,19.0,19.2,18.85,19.15,36458.0,18.9,19.1386,19.1575,19.4425,19.5929,-0.2604,2.4064,-1.7949,0.6172,0.0598,-0.0391,-2.7919

PRICE_WINDOW_180_ROW_045=20260127,19.2,19.2,19.0,19.0,45343.0,18.97,19.127,19.1325,19.4317,19.5863,-0.7833,1.8767,-2.5641,0.7532,-0.6641,-0.6925,-3.5533

PRICE_WINDOW_180_ROW_046=20260128,19.15,19.15,18.5,18.7,91907.0,18.99,19.0914,19.0925,19.415,19.5775,-1.5789,0.5376,-4.1026,1.4465,-2.0503,-2.0558,-5.0761

PRICE_WINDOW_180_ROW_047=20260129,18.6,18.75,18.55,18.75,87470.0,18.96,19.063,19.0575,19.3992,19.5692,0.2674,-0.7937,-3.599,1.3008,-1.6418,-1.6135,-4.8223

PRICE_WINDOW_180_ROW_048=20260130,18.75,18.75,18.6,18.75,43506.0,18.87,19.0369,19.02,19.3842,19.5608,0.0,-2.3438,-3.8462,0.6425,-1.507,-1.4196,-4.8223

PRICE_WINDOW_180_ROW_049=20260202,18.75,18.75,18.55,18.75,46396.0,18.79,19.013,18.9825,19.3692,19.5529,0.0,-2.0888,-3.8462,0.6736,-1.3832,-1.2248,-4.8223

PRICE_WINDOW_180_ROW_050=20260203,18.75,18.8,18.55,18.65,64756.0,18.72,18.9827,18.9425,19.3517,19.5446,-0.5333,-1.8421,-4.1131,0.9075,-1.7528,-1.5441,-5.3299

PRICE_WINDOW_180_ROW_051=20260204,18.6,18.65,18.55,18.65,21383.0,18.71,18.955,18.9025,19.3367,19.5358,0.0,-0.2674,-4.1131,0.3035,-1.6091,-1.3358,-5.3299

PRICE_WINDOW_180_ROW_052=20260205,18.5,18.8,18.5,18.8,35350.0,18.72,18.9421,18.8675,19.325,19.5279,0.8043,0.2667,-3.5897,0.5,-0.7501,-0.3578,-4.5685

PRICE_WINDOW_180_ROW_053=20260206,18.55,18.8,18.55,18.65,35646.0,18.7,18.9178,18.8275,19.31,19.5188,-0.7979,-0.5333,-4.1131,0.4988,-1.4153,-0.9428,-5.3299

PRICE_WINDOW_180_ROW_054=20260209,18.65,18.75,18.55,18.75,20392.0,18.7,18.9038,18.8175,19.2967,19.5104,0.5362,0.0,-1.0554,0.3381,-0.8134,-0.3587,-4.8223

PRICE_WINDOW_180_ROW_055=20260210,18.55,18.75,18.5,18.55,31620.0,18.68,18.8743,18.795,19.2783,19.5008,-1.0667,-0.5362,-2.3684,0.561,-1.7182,-1.3035,-5.8376

PRICE_WINDOW_180_ROW_056=20260211,18.55,18.75,18.55,18.75,40698.0,18.7,18.8639,18.785,19.2625,19.4929,1.0782,0.5362,-1.0554,0.7362,-0.604,-0.1863,-4.5802

PRICE_WINDOW_180_ROW_057=20260223,18.7,18.75,18.6,18.75,57181.0,18.69,18.8544,18.7775,19.2475,19.4846,0.0,-0.266,-0.7937,1.0231,-0.5539,-0.1465,-4.5802

PRICE_WINDOW_180_ROW_058=20260224,18.75,18.75,18.45,18.7,44800.0,18.7,18.8416,18.77,19.2317,19.4771,-0.2667,0.2681,-0.7958,0.8053,-0.7514,-0.3729,-4.8346

PRICE_WINDOW_180_ROW_059=20260225,18.7,18.7,18.45,18.65,37471.0,18.68,18.8256,18.7675,19.2158,19.4679,-0.2674,-0.5333,-0.2674,0.7101,-0.9328,-0.6261,-5.0891

PRICE_WINDOW_180_ROW_060=20260226,18.5,18.7,18.45,18.7,53330.0,18.71,18.8151,18.77,19.2008,19.4596,0.2681,0.8086,0.2681,1.0459,-0.6119,-0.3729,-4.8346

PRICE_WINDOW_180_ROW_061=20260302,18.6,18.65,18.3,18.65,27852.0,18.69,18.8014,18.7725,19.185,19.4508,-0.2674,-0.5333,0.2688,0.5601,-0.8051,-0.6526,-5.0891

PRICE_WINDOW_180_ROW_062=20260303,18.45,18.7,18.45,18.5,85295.0,18.64,18.7763,18.7525,19.1667,19.4412,-0.8043,-1.3333,-2.1164,1.7823,-1.4713,-1.3465,-5.8524

PRICE_WINDOW_180_ROW_063=20260304,18.3,18.7,18.0,18.65,112987.0,18.63,18.7657,18.725,19.15,19.4325,0.8108,-0.2674,-2.8646,2.2158,-0.6168,-0.4005,-5.0891

PRICE_WINDOW_180_ROW_064=20260305,18.4,18.65,18.4,18.65,69467.0,18.63,18.7561,18.7,19.1342,19.4242,0.0,0.0,-2.611,1.3196,-0.5657,-0.2674,-5.0891

PRICE_WINDOW_180_ROW_065=20260306,18.4,18.7,18.4,18.7,81541.0,18.63,18.7514,18.685,19.1192,19.4158,0.2681,0.0,-1.5789,1.4975,-0.2742,0.0803,-4.8346

PRICE_WINDOW_180_ROW_066=20260309,18.3,18.6,18.0,18.35,134770.0,18.57,18.718,18.6675,19.0983,19.4046,-1.8717,-1.6086,-1.8717,2.3813,-1.9659,-1.7008,-6.6158

PRICE_WINDOW_180_ROW_067=20260310,18.6,18.6,18.45,18.6,72607.0,18.59,18.7081,18.66,19.0817,19.395,1.3624,0.5405,-0.8,1.3,-0.578,-0.3215,-5.102

PRICE_WINDOW_180_ROW_068=20260311,18.6,18.65,18.55,18.65,83314.0,18.59,18.7033,18.655,19.0658,19.3858,0.2688,0.0,-0.5333,1.4404,-0.2849,-0.0268,-4.8469

PRICE_WINDOW_180_ROW_069=20260312,18.65,18.65,18.5,18.55,50347.0,18.57,18.6905,18.645,19.0483,19.3758,-0.5362,-0.5362,-1.0667,0.8674,-0.7518,-0.5095,-5.3571

PRICE_WINDOW_180_ROW_070=20260313,18.55,18.6,18.5,18.55,61686.0,18.54,18.6788,18.64,19.0317,19.3654,0.0,-0.8021,-0.5362,1.0656,-0.6896,-0.4828,-5.3571

PRICE_WINDOW_180_ROW_071=20260316,18.65,18.65,18.6,18.6,54147.0,18.59,18.6722,18.6375,19.0158,19.3554,0.2695,1.3624,-0.2681,0.9097,-0.3869,-0.2012,-4.8593

PRICE_WINDOW_180_ROW_072=20260317,18.65,18.8,18.65,18.75,78451.0,18.62,18.6787,18.635,19.0033,19.3471,0.8065,0.8065,-0.266,1.2719,0.3816,0.6171,-4.0921

PRICE_WINDOW_180_ROW_073=20260318,18.75,19.1,18.75,19.1,96516.0,18.71,18.7138,18.6575,18.9967,19.3413,1.8667,2.4129,2.4129,1.4912,2.0636,2.3717,-2.3018

PRICE_WINDOW_180_ROW_074=20260319,19.1,19.2,19.0,19.2,61822.0,18.84,18.7543,18.68,18.9917,19.3367,0.5236,3.504,2.4,0.9255,2.3763,2.7837,-1.7903

PRICE_WINDOW_180_ROW_075=20260320,19.05,19.1,18.9,19.1,34770.0,18.95,18.7831,18.7075,18.9842,19.3312,-0.5208,2.965,2.965,0.5193,1.6869,2.0981,-2.3018

PRICE_WINDOW_180_ROW_076=20260323,19.1,19.25,18.9,19.15,65386.0,19.06,18.8137,18.7275,18.9775,19.3267,0.2618,2.957,2.1333,0.9589,1.7874,2.256,-2.046

PRICE_WINDOW_180_ROW_077=20260324,19.15,19.15,18.85,19.0,44103.0,19.11,18.8292,18.74,18.9692,19.3208,-0.7833,1.3333,1.3333,0.6531,0.9069,1.3874,-2.8133

PRICE_WINDOW_180_ROW_078=20260325,19.0,19.1,18.8,19.1,139916.0,19.11,18.8518,18.76,18.9617,19.3154,0.5263,0.0,2.139,1.9355,1.3166,1.8124,-2.3018

PRICE_WINDOW_180_ROW_079=20260326,19.1,19.4,19.1,19.25,48362.0,19.12,18.885,18.79,18.9567,19.3108,0.7853,0.2604,3.2172,0.664,1.9328,2.4481,-1.5345

PRICE_WINDOW_180_ROW_080=20260327,19.1,19.3,19.0,19.1,51886.0,19.12,18.9029,18.81,18.9492,19.305,-0.7792,0.0,2.139,0.7131,1.0427,1.5417,-2.3018

PRICE_WINDOW_180_ROW_081=20260330,18.95,21.0,18.95,21.0,446916.0,19.49,19.0777,18.9275,18.9733,19.315,9.9476,9.6606,12.6005,4.7689,10.0764,10.9497,0.0

PRICE_WINDOW_180_ROW_082=20260331,23.1,23.1,23.1,23.1,886767.0,20.31,19.4129,19.1575,19.0325,19.3425,10.0,21.5789,24.8649,6.6281,18.9933,20.5794,0.0

PRICE_WINDOW_180_ROW_083=20260401,20.8,22.3,20.8,21.2,1412510.0,20.73,19.5618,19.285,19.0617,19.3542,-8.2251,10.9948,13.6729,7.1065,8.3746,9.93,-8.2251

PRICE_WINDOW_180_ROW_084=20260402,21.1,23.3,21.0,23.3,962697.0,21.54,19.8733,19.5175,19.125,19.3833,9.9057,21.039,24.933,3.9548,17.2427,19.38,0.0

PRICE_WINDOW_180_ROW_085=20260407,23.8,25.55,23.8,24.65,1961564.0,22.65,20.2714,19.815,19.2108,19.4238,5.794,29.0576,31.8182,5.8133,21.6001,24.4007,-3.5225

PRICE_WINDOW_180_ROW_086=20260408,24.05,24.05,22.2,22.2,1071924.0,22.89,20.4321,20.0075,19.2558,19.4438,-9.9391,5.7143,20.9809,2.7894,8.6527,10.9584,-13.1115

PRICE_WINDOW_180_ROW_087=20260409,22.5,22.95,21.9,21.9,428715.0,22.65,20.5544,20.1725,19.2967,19.4617,-1.3514,-5.1948,17.7419,1.0662,6.5465,8.5636,-14.2857

PRICE_WINDOW_180_ROW_088=20260410,21.95,21.95,21.45,21.75,160775.0,22.76,20.654,20.3275,19.3342,19.4783,-0.6849,2.5943,16.622,0.396,5.3063,6.9979,-14.8728

PRICE_WINDOW_180_ROW_089=20260413,22.45,22.8,22.15,22.5,379584.0,22.6,20.8079,20.525,19.3842,19.5013,3.4483,-3.4335,21.2938,0.8986,8.1322,9.6224,-11.9374

PRICE_WINDOW_180_ROW_090=20260414,22.55,22.55,21.7,21.8,212939.0,22.03,20.8905,20.6875,19.4233,19.5179,-3.1111,-11.5619,17.5202,0.4952,4.3534,5.3776,-14.6771

PRICE_WINDOW_180_ROW_091=20260415,21.9,21.9,21.2,21.4,197979.0,21.87,20.933,20.8275,19.4558,19.5312,-1.8349,-3.6036,15.0538,0.4529,2.2309,2.7488,-16.2427

PRICE_WINDOW_180_ROW_092=20260416,21.7,21.7,21.15,21.3,107237.0,21.75,20.9636,20.955,19.4858,19.5442,-0.4673,-2.7397,13.6,0.2445,1.6048,1.6464,-16.6341

PRICE_WINDOW_180_ROW_093=20260417,21.3,21.45,20.8,21.0,170487.0,21.6,20.9666,21.05,19.5117,19.5546,-1.4085,-3.4483,9.9476,0.3854,0.1592,-0.2375,-17.8082

PRICE_WINDOW_180_ROW_094=20260420,20.95,20.95,20.8,20.9,102729.0,21.28,20.9611,21.135,19.5442,19.5646,-0.4762,-7.1111,8.8542,0.2312,-0.2913,-1.1119,-18.1996

PRICE_WINDOW_180_ROW_095=20260421,20.75,20.85,20.55,20.65,115187.0,21.05,20.9351,21.2125,19.5717,19.5717,-1.1962,-5.2752,8.1152,0.2569,-1.362,-2.6517,-19.1781

PRICE_WINDOW_180_ROW_096=20260422,20.65,20.65,20.15,20.25,105226.0,20.82,20.8781,21.2675,19.5933,19.5754,-1.937,-5.3738,5.7441,0.2336,-3.0082,-4.7843,-20.7436

PRICE_WINDOW_180_ROW_097=20260423,20.05,22.25,19.8,22.25,1027710.0,21.01,20.9924,21.43,19.6492,19.5967,9.8765,4.4601,17.1053,2.0572,5.9908,3.8264,-12.9159

PRICE_WINDOW_180_ROW_098=20260424,22.15,22.7,21.1,22.25,1234183.0,21.26,21.0972,21.5875,19.7058,19.6175,0.0,5.9524,16.4921,2.2267,5.4643,3.0689,-12.9159

PRICE_WINDOW_180_ROW_099=20260427,22.1,22.1,20.6,21.0,394934.0,21.28,21.0891,21.675,19.7442,19.6279,-5.618,0.4785,9.0909,0.6909,-0.4224,-3.1142,-17.8082

PRICE_WINDOW_180_ROW_100=20260428,21.05,21.55,20.65,20.7,164590.0,21.29,21.0567,21.755,19.7783,19.6354,-1.4286,0.2421,8.377,0.2851,-1.6938,-4.8495,-18.9824

PRICE_WINDOW_180_ROW_101=20260429,20.65,21.0,20.4,20.45,100183.0,21.33,21.0061,21.7275,19.8092,19.6412,-1.2077,0.9877,-2.619,0.1789,-2.6473,-5.8796,-19.9609

PRICE_WINDOW_180_ROW_102=20260430,20.7,21.15,20.2,20.3,299932.0,20.94,20.9473,21.5875,19.8325,19.6463,-0.7335,-8.764,-12.1212,0.5653,-3.09,-5.9641,-20.5479

PRICE_WINDOW_180_ROW_103=20260504,20.4,20.4,19.7,19.8,216618.0,20.45,20.8517,21.5175,19.8425,19.6471,-2.4631,-11.0112,-6.6038,0.4601,-5.0435,-7.9819,-22.5049

PRICE_WINDOW_180_ROW_104=20260505,19.85,20.2,19.55,19.8,170998.0,20.21,20.764,21.3425,19.8533,19.6479,0.0,-5.7143,-15.0215,0.3966,-4.6427,-7.2274,-22.5049

PRICE_WINDOW_180_ROW_105=20260506,19.9,19.9,19.55,19.7,107505.0,20.01,20.6754,21.095,19.865,19.6483,-0.5051,-4.8309,-20.0811,0.3176,-4.7175,-6.6129,-22.8963

PRICE_WINDOW_180_ROW_106=20260507,19.6,19.6,18.95,19.25,338616.0,19.77,20.5566,20.9475,19.8742,19.6446,-2.2843,-5.868,-13.2883,1.122,-6.356,-8.1036,-24.6575

PRICE_WINDOW_180_ROW_107=20260508,19.25,19.4,18.95,19.25,101173.0,19.56,20.4477,20.815,19.8825,19.6408,0.0,-5.1724,-12.1005,0.3545,-5.8573,-7.5186,-24.6575

PRICE_WINDOW_180_ROW_108=20260511,19.3,20.0,19.3,19.75,281259.0,19.55,20.3895,20.715,19.8992,19.6417,2.5974,-0.2525,-9.1954,0.965,-3.1367,-4.6585,-22.7006

PRICE_WINDOW_180_ROW_109=20260512,19.6,19.75,19.3,19.45,142640.0,19.48,20.3113,20.5625,19.9108,19.64,-1.519,-1.7677,-13.5556,0.5101,-4.2403,-5.4103,-23.8748

PRICE_WINDOW_180_ROW_110=20260513,19.35,19.4,19.2,19.2,56925.0,19.38,20.2186,20.4325,19.92,19.6358,-1.2853,-2.5381,-11.9266,0.2094,-5.0382,-6.0321,-24.8532

PRICE_WINDOW_180_ROW_111=20260514,19.2,19.5,19.1,19.35,79307.0,19.4,20.1463,20.33,19.9317,19.6342,0.7813,0.5195,-9.5794,0.2983,-3.9524,-4.8205,-24.2661

PRICE_WINDOW_180_ROW_112=20260515,19.5,19.5,19.3,19.3,66020.0,19.41,20.0757,20.23,19.94,19.6325,-0.2584,0.2597,-9.3897,0.2503,-3.8641,-4.5971,-24.4618

PRICE_WINDOW_180_ROW_113=20260518,19.5,19.75,19.15,19.45,76044.0,19.35,20.0236,20.1525,19.9533,19.6317,0.7772,-1.519,-7.381,0.2935,-2.8646,-3.4859,-23.8748

PRICE_WINDOW_180_ROW_114=20260519,19.5,20.0,19.45,20.0,136418.0,19.46,20.0216,20.1075,19.9742,19.6354,2.8278,2.8278,-4.3062,0.5231,-0.108,-0.5346,-21.7221

PRICE_WINDOW_180_ROW_115=20260520,19.9,19.95,19.75,19.9,65958.0,19.6,20.0115,20.07,19.9967,19.6375,-0.5,3.6458,-3.632,0.2553,-0.5571,-0.847,-22.1135

PRICE_WINDOW_180_ROW_116=20260521,19.75,19.95,19.35,19.9,74682.0,19.71,20.0022,20.0525,20.0158,19.6392,0.0,2.8424,-1.7284,0.2908,-0.511,-0.7605,-22.1135

PRICE_WINDOW_180_ROW_117=20260522,20.4,20.4,19.7,20.1,114975.0,19.87,20.0104,19.945,20.0383,19.6429,1.005,4.1451,-9.6629,0.5445,0.448,0.7771,-21.3307

PRICE_WINDOW_180_ROW_118=20260525,20.1,20.3,20.0,20.15,166257.0,20.01,20.022,19.84,20.0625,19.6471,0.2488,3.599,-9.4382,1.0539,0.6394,1.5625,-21.135

PRICE_WINDOW_180_ROW_119=20260526,20.15,20.45,20.1,20.25,111711.0,20.06,20.041,19.8025,20.0892,19.6525,0.4963,1.25,-3.5714,0.778,1.0429,2.2598,-20.7436

PRICE_WINDOW_180_ROW_120=20260527,20.2,20.2,19.95,20.2,79604.0,20.12,20.0542,19.7775,20.1142,19.6575,-0.2469,1.5075,-2.4155,0.5713,0.7268,2.1363,-20.9393

PRICE_WINDOW_180_ROW_121=20260528,20.2,20.3,20.0,20.15,133432.0,20.17,20.0622,19.7625,20.1392,19.6621,-0.2475,1.2563,-1.467,0.9463,0.4375,1.9608,-21.135

PRICE_WINDOW_180_ROW_122=20260529,20.15,20.25,20.05,20.1,47091.0,20.17,20.0654,19.7525,20.1658,19.6662,-0.2481,0.0,-0.9852,0.3669,0.1726,1.7593,-21.3307

PRICE_WINDOW_180_ROW_123=20260601,20.1,21.0,20.1,20.95,287475.0,20.33,20.1391,19.81,20.2042,19.6771,4.2289,3.9702,5.8081,2.1794,4.0266,5.7547,-18.0039

PRICE_WINDOW_180_ROW_124=20260602,20.3,20.8,20.15,20.45,216516.0,20.37,20.165,19.8425,20.2342,19.6842,-2.3866,0.9877,3.2828,1.6136,1.4134,3.0616,-19.9609

PRICE_WINDOW_180_ROW_125=20260603,20.25,20.4,20.05,20.4,86234.0,20.41,20.1846,19.8775,20.2625,19.6908,-0.2445,0.9901,3.5533,0.6478,1.0672,2.6286,-20.1566

PRICE_WINDOW_180_ROW_126=20260604,20.4,20.45,20.1,20.45,59711.0,20.47,20.2067,19.9375,20.2975,19.6979,0.2451,1.4888,6.2338,0.5011,1.2041,2.5705,-19.9609

PRICE_WINDOW_180_ROW_127=20260605,20.35,20.35,19.8,20.15,104787.0,20.48,20.202,19.9825,20.3233,19.7025,-1.467,0.2488,4.6753,0.878,-0.2573,0.8382,-21.135

PRICE_WINDOW_180_ROW_128=20260608,20.0,20.0,19.7,19.85,71873.0,20.26,20.1726,19.9875,20.3433,19.7046,-1.4888,-5.2506,0.5063,0.6601,-1.5994,-0.6879,-22.3092

PRICE_WINDOW_180_ROW_129=20260609,20.0,20.1,19.55,19.7,119778.0,20.11,20.1333,20.0,20.3625,19.7054,-0.7557,-3.6675,1.2853,1.1117,-2.1519,-1.5,-22.8963

PRICE_WINDOW_180_ROW_130=20260610,19.7,19.8,19.55,19.55,54479.0,19.94,20.0847,20.0175,20.3792,19.7054,-0.7614,-4.1667,1.8229,0.5062,-2.662,-2.3355,-23.4834

PRICE_WINDOW_180_ROW_131=20260611,19.65,19.65,19.3,19.5,50853.0,19.75,20.0359,20.025,20.3942,19.705,-0.2558,-4.6455,0.7752,0.4789,-2.6748,-2.6217,-23.6791

PRICE_WINDOW_180_ROW_132=20260612,19.7,20.55,19.65,19.8,152919.0,19.68,20.0163,20.05,20.4117,19.7075,1.5385,-1.737,2.5907,1.3834,-1.0805,-1.2469,-22.5049

PRICE_WINDOW_180_ROW_133=20260615,20.15,20.15,19.7,19.85,67306.0,19.68,20.0024,20.07,20.4242,19.7104,0.2525,0.0,2.0566,0.6113,-0.762,-1.0962,-22.3092

PRICE_WINDOW_180_ROW_134=20260616,19.75,19.95,19.6,19.65,46725.0,19.67,19.973,20.0525,20.4317,19.7117,-1.0076,-0.2538,-1.75,0.4424,-1.6174,-2.0072,-23.092

PRICE_WINDOW_180_ROW_135=20260617,19.85,19.85,19.6,19.8,61081.0,19.72,19.9586,20.0475,20.4433,19.7138,0.7634,1.2788,-0.5025,0.5797,-0.7948,-1.2346,-22.5049

PRICE_WINDOW_180_ROW_136=20260618,19.85,19.95,19.75,19.8,102243.0,19.78,19.9454,20.0425,20.4542,19.7158,0.0,1.5385,-0.5025,0.9578,-0.729,-1.2099,-22.5049

PRICE_WINDOW_180_ROW_137=20260622,19.85,20.1,19.65,20.0,508419.0,19.82,19.95,20.0375,20.4708,19.72,1.0101,1.0101,-0.4975,4.0215,0.2508,-0.1871,-21.7221

PRICE_WINDOW_180_ROW_138=20260623,20.0,20.05,19.6,19.85,78100.0,19.82,19.9416,20.0225,20.4833,19.7225,-0.75,0.0,-1.4888,0.6401,-0.4595,-0.8615,-22.3092

PRICE_WINDOW_180_ROW_139=20260624,19.65,19.9,19.6,19.9,169373.0,19.87,19.9382,20.005,20.4942,19.7254,0.2519,1.2723,-1.7284,1.3561,-0.1914,-0.5249,-22.1135

PRICE_WINDOW_180_ROW_140=20260625,19.9,19.95,19.75,19.8,29963.0,19.87,19.9266,19.985,20.5058,19.7275,-0.5025,0.0,-1.9802,0.2448,-0.6356,-0.9257,-22.5049

PRICE_WINDOW_180_ROW_141=20260626,19.7,19.7,19.4,19.4,104391.0,19.79,19.8828,19.9475,20.4792,19.7262,-2.0202,-2.0202,-3.7221,0.863,-2.428,-2.7447,-24.0705

PRICE_WINDOW_180_ROW_142=20260629,19.65,19.7,19.45,19.7,17275.0,19.73,19.8675,19.9275,20.4225,19.7275,1.5464,-1.5,-1.99,0.1446,-0.8432,-1.1416,-22.8963

PRICE_WINDOW_180_ROW_143=20260630,19.7,19.8,19.55,19.7,27210.0,19.7,19.8536,19.865,20.3975,19.7296,0.0,-0.7557,-5.9666,0.2556,-0.7735,-0.8306,-22.8963

PRICE_WINDOW_180_ROW_144=20260701,19.55,19.7,19.45,19.65,60649.0,19.65,19.8366,19.825,20.3367,19.7308,-0.2538,-1.2563,-3.912,0.6147,-0.9407,-0.8827,-23.092

PRICE_WINDOW_180_ROW_145=20260702,19.65,19.85,19.6,19.75,35632.0,19.64,19.8294,19.7925,20.255,19.7329,0.5089,-0.2525,-3.1863,0.3706,-0.4003,-0.2147,-17.8794

PRICE_WINDOW_180_ROW_146=20260703,19.75,20.6,19.75,20.45,159232.0,19.85,19.8811,19.7925,20.2258,19.7408,3.5443,5.4124,0.0,1.5748,2.8615,3.322,-10.8932

PRICE_WINDOW_180_ROW_147=20260706,20.65,20.7,20.3,20.5,227950.0,20.01,19.9327,19.81,20.2025,19.7496,0.2445,4.0609,1.737,2.125,2.8462,3.4831,-10.0877

PRICE_WINDOW_180_ROW_148=20260707,20.3,20.5,19.9,20.15,81106.0,20.1,19.9508,19.825,20.1758,19.755,-1.7073,2.2843,1.5113,0.7528,0.9985,1.6393,-11.6228

PRICE_WINDOW_180_ROW_149=20260708,20.15,20.6,20.15,20.4,133539.0,20.25,19.9882,19.86,20.1408,19.7625,1.2407,3.8168,3.5533,1.2317,2.0601,2.719,-10.1322

PRICE_WINDOW_180_ROW_150=20260709,20.35,20.4,20.05,20.4,49663.0,20.38,20.0225,19.9025,20.1175,19.7704,0.0,3.2911,4.3478,0.4591,1.8852,2.4997,-10.1322

PRICE_WINDOW_180_ROW_151=20260713,20.2,20.35,20.0,20.1,97368.0,20.31,20.029,19.9325,20.0958,19.7758,-1.4706,-1.7115,3.0769,0.8811,0.3545,0.8403,-11.4537

PRICE_WINDOW_180_ROW_152=20260714,20.1,20.25,19.9,19.95,123876.0,20.2,20.0224,19.94,20.0733,19.7796,-0.7463,-2.6829,0.7576,1.1359,-0.3616,0.0502,-12.1145

PRICE_WINDOW_180_ROW_153=20260715,20.15,20.3,19.8,20.05,122084.0,20.18,20.0247,19.95,20.0575,19.7846,0.5013,-0.4963,1.0076,1.092,0.1263,0.5013,-11.674

PRICE_WINDOW_180_ROW_154=20260716,20.05,20.2,19.85,20.2,55326.0,20.14,20.0393,19.9775,20.0458,19.795,0.7481,-0.9804,2.799,0.493,0.8018,1.1138,-11.0132

PRICE_WINDOW_180_ROW_155=20260717,20.35,20.35,19.85,20.2,50146.0,20.1,20.0527,19.9975,20.0383,19.805,0.0,-0.9804,2.0202,0.449,0.7345,1.0126,-11.0132

PRICE_WINDOW_180_ROW_156=20260720,20.2,20.2,19.9,20.2,41750.0,20.12,20.065,20.0175,20.0375,19.8154,0.0,0.4975,2.0202,0.3843,0.6729,0.9117,-11.0132

PRICE_WINDOW_180_ROW_157=20260721,20.0,20.2,19.75,19.9,122912.0,20.11,20.0512,20.0125,19.9983,19.8238,-1.4851,-0.2506,-0.5,1.3752,-0.7542,-0.5621,-12.3348

PRICE_WINDOW_180_ROW_158=20260722,19.9,20.05,19.8,19.85,53659.0,20.07,20.0345,20.0125,19.9583,19.8321,-0.2513,-0.9975,0.0,0.6087,-0.9207,-0.812,-10.181

PRICE_WINDOW_180_ROW_159=20260723,19.9,20.0,19.8,19.95,32263.0,20.02,20.0274,20.015,19.9408,19.8425,0.5038,-1.2376,0.2513,0.3968,-0.3866,-0.3248,-7.4246

PRICE_WINDOW_180_ROW_160=20260724,19.85,20.0,19.7,20.0,36655.0,19.98,20.0251,20.025,19.9292,19.8538,0.2506,-0.9901,1.0101,0.449,-0.1255,-0.1248,-5.4374

PRICE_WINDOW_180_ROW_161=20260727,19.75,19.95,19.7,19.9,28638.0,19.92,20.0147,20.05,19.92,19.8646,-0.5,-1.4851,2.5773,0.3679,-0.5731,-0.7481,-5.9102

PRICE_WINDOW_180_ROW_162=20260728,19.75,19.85,19.4,19.8,39954.0,19.9,19.9968,20.055,19.9117,19.8721,-0.5025,-0.5025,0.5076,0.5059,-0.9843,-1.2715,-5.7143

PRICE_WINDOW_180_ROW_163=20260729,20.0,20.0,19.5,19.9,61970.0,19.91,19.9888,20.065,19.9133,19.8779,0.5051,0.2519,1.0152,0.7677,-0.444,-0.8223,-5.2381

PRICE_WINDOW_180_ROW_164=20260730,19.8,19.95,19.6,19.65,27258.0,19.85,19.9605,20.065,19.9108,19.8821,-1.2563,-1.5038,0.0,0.3448,-1.5557,-2.0683,-6.4286

PRICE_WINDOW_180_ROW_165=20260731,19.85,19.9,19.65,19.9,26659.0,19.83,19.9555,20.0725,19.9142,19.8896,1.2723,-0.5,0.7595,0.3392,-0.278,-0.8594,-5.2381

PRICE_WINDOW_180_ROW_166=20260803,19.65,19.95,19.4,19.95,35449.0,19.84,19.955,20.0475,19.9258,19.9,0.2513,0.2513,-2.445,0.4896,-0.0252,-0.4863,-5.0

PRICE_WINDOW_180_ROW_167=20260804,19.9,19.95,19.65,19.75,63402.0,19.83,19.9379,20.01,19.9342,19.9083,-1.0025,-0.2525,-3.6585,0.9878,-0.9426,-1.2994,-5.9524

PRICE_WINDOW_180_ROW_168=20260805,20.0,20.0,19.75,19.75,22195.0,19.8,19.9223,19.99,19.9342,19.9167,0.0,-0.7538,-1.9851,0.3624,-0.8647,-1.2006,-5.9524

PRICE_WINDOW_180_ROW_169=20260806,19.75,19.9,19.6,19.85,28134.0,19.84,19.9163,19.9625,19.9408,19.9258,0.5063,1.0178,-2.6961,0.5027,-0.3327,-0.5636,-5.4762

PRICE_WINDOW_180_ROW_170=20260807,19.95,19.95,19.85,19.95,21017.0,19.85,19.9191,19.94,19.9533,19.9367,0.5038,0.2513,-2.2059,0.3854,0.1553,0.0502,-5.0

PRICE_WINDOW_180_ROW_171=20260810,20.35,21.7,20.35,21.6,459701.0,20.18,20.0591,20.015,19.9908,19.9612,8.2707,8.2707,7.4627,6.3274,7.6816,7.9191,-0.4608

PRICE_WINDOW_180_ROW_172=20260811,22.05,22.1,21.25,21.55,195283.0,20.54,20.1834,20.095,20.0283,19.9842,-0.2315,9.1139,8.0201,2.562,6.771,7.2406,-2.4887

PRICE_WINDOW_180_ROW_173=20260812,21.2,21.7,20.95,21.6,145722.0,20.91,20.3014,20.1725,20.0642,20.0088,0.232,9.3671,7.7307,1.8826,6.3964,7.0765,-2.2624

PRICE_WINDOW_180_ROW_174=20260813,21.6,21.95,21.45,21.7,119015.0,21.28,20.418,20.2475,20.0925,20.0333,0.463,9.3199,7.4257,1.4768,6.2789,7.1737,-1.81

PRICE_WINDOW_180_ROW_175=20260814,21.7,21.7,21.35,21.4,52524.0,21.57,20.4998,20.3075,20.1175,20.0571,-1.3825,7.2682,5.9406,0.6508,4.3912,5.3798,-3.1674

PRICE_WINDOW_180_ROW_176=20260817,21.4,21.55,21.2,21.5,46567.0,21.55,20.5832,20.3725,20.1442,20.08,0.4673,-0.463,6.4356,0.5753,4.4543,5.5344,-2.7149

PRICE_WINDOW_180_ROW_177=20260818,21.65,21.65,21.3,21.3,31532.0,21.5,20.6429,20.4425,20.1642,20.1012,-0.9302,-1.1601,7.0352,0.4128,3.1832,4.1947,-3.6199

PRICE_WINDOW_180_ROW_178=20260819,21.2,21.4,21.1,21.4,23393.0,21.46,20.706,20.52,20.185,20.1237,0.4695,-0.9259,7.8086,0.3125,3.3517,4.2885,-3.1674

PRICE_WINDOW_180_ROW_179=20260820,21.4,21.6,21.3,21.6,10088.0,21.44,20.7805,20.6025,20.2075,20.1483,0.9346,-0.4608,8.2707,0.1368,3.9436,4.8416,-2.2624

PRICE_WINDOW_180_ROW_180=20260821,21.5,21.6,21.5,21.6,8586.0,21.48,20.8488,20.6825,20.2308,20.1725,0.0,0.9346,8.0,0.1187,3.6032,4.4361,-2.2624
