# PRICE_WINDOW_180

columns=date,open,high,low,close,volume,ma5,ema23,ma20,ma60,ma120,return_1d,return_5d,return_20d,volume_ratio,distance_to_ema23_pct,distance_to_ma20_pct,distance_to_high_60_pct

PRICE_WINDOW_180_ROW_001=20251124,7.36,7.57,7.08,7.08,359290.0,7.2,6.9146,6.738,6.7752,6.6252,-3.8043,-0.4219,4.1176,0.865,2.3915,5.0757,-21.3333

PRICE_WINDOW_180_ROW_002=20251125,7.1,7.22,7.0,7.05,139240.0,7.186,6.9259,6.761,6.7893,6.6257,-0.4237,-0.9831,6.9803,0.3348,1.7916,4.2745,-21.6667

PRICE_WINDOW_180_ROW_003=20251126,6.95,7.53,6.95,7.16,352231.0,7.228,6.9454,6.7855,6.8057,6.6269,1.5603,3.0216,7.3463,0.8217,3.0894,5.5191,-20.4444

PRICE_WINDOW_180_ROW_004=20251127,7.16,7.35,6.93,6.93,566005.0,7.116,6.9441,6.807,6.8183,6.6272,-3.2123,-7.4766,6.6154,1.2705,-0.2036,1.807,-23.0

PRICE_WINDOW_180_ROW_005=20251128,7.0,7.1,6.94,7.06,78664.0,7.056,6.9538,6.831,6.8342,6.6285,1.8759,-4.0761,7.2948,0.1785,1.5273,3.3524,-21.5556

PRICE_WINDOW_180_ROW_006=20251201,7.08,7.25,7.0,7.09,151613.0,7.058,6.9651,6.8755,6.8503,6.6305,0.4249,0.1412,14.3548,0.349,1.7926,3.1198,-21.2222

PRICE_WINDOW_180_ROW_007=20251202,7.1,7.45,7.09,7.31,518477.0,7.11,6.9939,6.944,6.8705,6.6331,3.103,3.6879,23.064,1.1859,4.5199,5.2707,-18.7778

PRICE_WINDOW_180_ROW_008=20251203,7.44,7.75,7.37,7.73,921380.0,7.224,7.0552,7.0365,6.8982,6.6398,5.7456,7.9609,31.4626,1.9526,9.5642,9.8558,-14.1111

PRICE_WINDOW_180_ROW_009=20251204,7.93,7.95,7.56,7.74,482790.0,7.386,7.1123,7.1235,6.9255,6.6475,0.1294,11.6883,29.0,0.9836,8.8257,8.6545,-14.0

PRICE_WINDOW_180_ROW_010=20251205,7.75,8.0,7.75,7.76,665695.0,7.526,7.1663,7.1815,6.9527,6.6564,0.2584,9.915,17.5758,1.3247,8.2851,8.0554,-13.7778

PRICE_WINDOW_180_ROW_011=20251208,7.8,7.83,7.46,7.73,486698.0,7.654,7.2132,7.2295,6.9803,6.6649,-0.3866,9.0268,14.1802,1.0402,7.164,6.923,-14.1111

PRICE_WINDOW_180_ROW_012=20251209,7.84,7.84,7.33,7.33,451709.0,7.658,7.223,7.2565,7.0082,6.6701,-5.1746,0.2736,7.9529,0.9499,1.4817,1.0129,-18.5556

PRICE_WINDOW_180_ROW_013=20251210,7.36,7.48,7.1,7.36,473619.0,7.584,7.2344,7.275,7.0382,6.6738,0.4093,-4.7865,5.2933,1.0079,1.7363,1.1684,-18.2222

PRICE_WINDOW_180_ROW_014=20251211,7.36,7.5,7.2,7.2,189958.0,7.476,7.2315,7.2795,7.0667,6.678,-2.1739,-6.9767,1.2658,0.4159,-0.436,-1.0921,-20.0

PRICE_WINDOW_180_ROW_015=20251212,7.19,7.35,7.07,7.07,311192.0,7.338,7.2181,7.2815,7.0925,6.6817,-1.8056,-8.8918,0.569,0.6929,-2.0513,-2.9046,-21.4444

PRICE_WINDOW_180_ROW_016=20251215,7.03,7.25,7.02,7.1,170534.0,7.212,7.2082,7.281,7.1103,6.6873,0.4243,-8.1501,-0.1406,0.3903,-1.5014,-2.4859,-21.1111

PRICE_WINDOW_180_ROW_017=20251216,7.15,7.45,7.15,7.19,234394.0,7.184,7.2067,7.2845,7.1322,6.6939,1.2676,-1.91,0.9831,0.5342,-0.2318,-1.2973,-20.1111

PRICE_WINDOW_180_ROW_018=20251217,7.27,7.5,7.2,7.26,250121.0,7.164,7.2111,7.3,7.1455,6.7016,0.9736,-1.3587,4.4604,0.5652,0.6774,-0.5479,-19.3333

PRICE_WINDOW_180_ROW_019=20251218,7.38,7.46,7.27,7.27,64904.0,7.178,7.2161,7.289,7.1483,6.7086,0.1377,0.9722,-2.9372,0.1676,0.7476,-0.2607,-19.2222

PRICE_WINDOW_180_ROW_020=20251219,7.27,7.6,7.25,7.34,247191.0,7.232,7.2264,7.288,7.1405,6.7142,0.9629,3.819,-0.2717,0.6948,1.5723,0.7135,-18.4444

PRICE_WINDOW_180_ROW_021=20251222,7.35,7.6,7.35,7.45,156246.0,7.302,7.245,7.3065,7.1292,6.7223,1.4986,4.9296,5.226,0.4521,2.8293,1.964,-17.2222

PRICE_WINDOW_180_ROW_022=20251223,7.54,7.99,7.54,7.84,821390.0,7.432,7.2946,7.346,7.1162,6.7322,5.2349,9.0403,11.2057,2.163,7.4768,6.7247,-12.8889

PRICE_WINDOW_180_ROW_023=20251224,7.93,8.1,7.84,7.9,547455.0,7.56,7.345,7.383,7.1063,6.7427,0.7653,8.8154,10.3352,1.4055,7.5554,7.0026,-9.4037

PRICE_WINDOW_180_ROW_024=20251226,7.99,8.2,7.88,8.11,733144.0,7.728,7.4088,7.442,7.0997,6.7542,2.6582,11.5543,17.0274,1.8427,9.4645,8.9761,-6.9954

PRICE_WINDOW_180_ROW_025=20251229,8.12,8.36,7.8,7.8,460975.0,7.82,7.4414,7.479,7.0912,6.765,-3.8224,6.267,10.4816,1.1055,4.819,4.292,-7.2533

PRICE_WINDOW_180_ROW_026=20251230,7.9,8.04,7.79,7.83,261880.0,7.896,7.4738,7.516,7.0913,6.7767,0.3846,5.1007,10.4372,0.6199,4.7663,4.1778,-6.3397

PRICE_WINDOW_180_ROW_027=20251231,7.81,8.1,7.48,7.48,747534.0,7.824,7.4743,7.5245,7.0855,6.7861,-4.47,-4.5918,2.3256,1.7227,0.0763,-0.5914,-10.5263

PRICE_WINDOW_180_ROW_028=20260102,7.58,7.72,7.2,7.29,557517.0,7.702,7.4589,7.5025,7.0842,6.7938,-2.5401,-7.7215,-5.6921,1.341,-2.2649,-2.8324,-12.799

PRICE_WINDOW_180_ROW_029=20260105,7.31,7.37,6.65,6.7,1148061.0,7.42,7.3957,7.4505,7.0765,6.7975,-8.0933,-17.3859,-13.4367,2.5569,-9.4067,-10.0731,-19.8565

PRICE_WINDOW_180_ROW_030=20260106,6.73,6.95,6.54,6.71,655392.0,7.202,7.3386,7.398,7.0695,6.8008,0.1493,-13.9744,-13.5309,1.4613,-8.5651,-9.2998,-19.7368

PRICE_WINDOW_180_ROW_031=20260107,6.73,6.99,6.69,6.87,219170.0,7.01,7.2995,7.355,7.0642,6.8054,2.3845,-12.2605,-11.1255,0.5037,-5.8841,-6.5942,-17.823

PRICE_WINDOW_180_ROW_032=20260108,6.91,7.02,6.83,6.87,109133.0,6.888,7.2637,7.332,7.0602,6.8092,0.0,-8.1551,-6.2756,0.2611,-5.4203,-6.3011,-17.823

PRICE_WINDOW_180_ROW_033=20260109,6.88,6.88,6.66,6.71,233588.0,6.772,7.2176,7.2995,7.0525,6.8127,-2.329,-7.9561,-8.8315,0.5754,-7.0324,-8.0759,-19.7368

PRICE_WINDOW_180_ROW_034=20260112,6.9,6.9,6.67,6.68,566477.0,6.768,7.1728,7.2735,7.0472,6.8151,-0.4471,-0.2985,-7.2222,1.3335,-6.8701,-8.1598,-20.0957

PRICE_WINDOW_180_ROW_035=20260113,6.77,6.77,6.54,6.6,279631.0,6.746,7.125,7.25,7.0447,6.8165,-1.1976,-1.6393,-6.6478,0.6607,-7.369,-8.9655,-21.0526

PRICE_WINDOW_180_ROW_036=20260114,6.6,6.8,6.6,6.72,233370.0,6.716,7.0913,7.231,7.0442,6.819,1.8182,-2.1834,-5.3521,0.5473,-5.2359,-7.0668,-19.6172

PRICE_WINDOW_180_ROW_037=20260115,6.73,6.78,6.67,6.7,188184.0,6.682,7.0587,7.2065,7.0447,6.8209,-0.2976,-2.4745,-6.815,0.4438,-5.0814,-7.0284,-19.8565

PRICE_WINDOW_180_ROW_038=20260116,6.69,6.79,6.66,6.74,214575.0,6.688,7.0321,7.1805,7.0452,6.8233,0.597,0.4471,-7.1625,0.5081,-4.1542,-6.1347,-19.378

PRICE_WINDOW_180_ROW_039=20260119,6.74,7.05,6.74,7.0,290312.0,6.752,7.0294,7.167,7.0492,6.8275,3.8576,4.7904,-3.7139,0.6696,-0.4189,-2.3301,-16.2679

PRICE_WINDOW_180_ROW_040=20260120,7.0,7.06,6.98,6.98,190533.0,6.828,7.0253,7.149,7.0537,6.8318,-0.2857,5.7576,-4.9046,0.4424,-0.6452,-2.364,-16.5072

PRICE_WINDOW_180_ROW_041=20260121,6.97,7.12,6.94,7.02,227485.0,6.888,7.0249,7.1275,7.0573,6.8367,0.5731,4.4643,-5.7718,0.5238,-0.0695,-1.5082,-16.0287

PRICE_WINDOW_180_ROW_042=20260122,7.03,7.32,7.0,7.06,495967.0,6.96,7.0278,7.0885,7.0652,6.8424,0.5698,5.3731,-9.949,1.1865,0.458,-0.4021,-15.5502

PRICE_WINDOW_180_ROW_043=20260123,7.1,7.18,6.96,7.01,202510.0,7.014,7.0263,7.044,7.0708,6.8476,-0.7082,4.0059,-11.2658,0.5053,-0.2324,-0.4827,-16.1483

PRICE_WINDOW_180_ROW_044=20260126,7.01,7.2,6.98,7.05,172496.0,7.024,7.0283,6.991,7.08,6.8534,0.5706,0.7143,-13.0703,0.4628,0.3088,0.8439,-15.6699

PRICE_WINDOW_180_ROW_045=20260127,7.07,7.29,7.01,7.02,299462.0,7.032,7.0276,6.952,7.0873,6.8592,-0.4255,0.5731,-10.0,0.8212,-0.1082,0.9781,-16.0287

PRICE_WINDOW_180_ROW_046=20260128,7.02,7.15,6.99,7.04,132287.0,7.036,7.0286,6.9125,7.1013,6.8652,0.2849,0.2849,-10.0894,0.3693,0.1616,1.8445,-15.7895

PRICE_WINDOW_180_ROW_047=20260129,7.0,7.0,6.81,6.81,319376.0,6.986,7.0104,6.879,7.1158,6.8695,-3.267,-3.5411,-8.9572,0.9483,-2.8589,-1.0031,-18.5407

PRICE_WINDOW_180_ROW_048=20260130,6.81,6.84,6.75,6.75,72016.0,6.934,6.9887,6.852,7.1303,6.8734,-0.8811,-3.709,-7.4074,0.2305,-3.4158,-1.4886,-19.2584

PRICE_WINDOW_180_ROW_049=20260202,6.75,6.75,6.4,6.48,241383.0,6.82,6.9463,6.841,7.1383,6.8752,-4.0,-8.0851,-3.2836,0.9035,-6.7133,-5.277,-22.488

PRICE_WINDOW_180_ROW_050=20260203,6.51,6.57,6.47,6.49,109028.0,6.714,6.9083,6.83,7.1365,6.8772,0.1543,-7.5499,-3.2787,0.4546,-6.055,-4.978,-22.3684

PRICE_WINDOW_180_ROW_051=20260204,6.47,6.59,6.47,6.55,87223.0,6.616,6.8784,6.814,7.1328,6.8803,0.9245,-6.9602,-4.6579,0.3739,-4.7749,-3.8744,-21.6507

PRICE_WINDOW_180_ROW_052=20260205,6.55,6.63,6.51,6.56,139313.0,6.566,6.8519,6.7985,7.129,6.8837,0.1527,-3.6711,-4.5124,0.5934,-4.2602,-3.5081,-21.5311

PRICE_WINDOW_180_ROW_053=20260206,6.5,6.62,6.47,6.55,78389.0,6.526,6.8267,6.7905,7.1217,6.8872,-0.1524,-2.963,-2.3845,0.3453,-4.0538,-3.5417,-21.6507

PRICE_WINDOW_180_ROW_054=20260209,6.57,7.14,6.49,6.8,457285.0,6.59,6.8245,6.7965,7.1165,6.8928,3.8168,4.9383,1.7964,2.0641,-0.3592,0.0515,-18.6603

PRICE_WINDOW_180_ROW_055=20260210,6.9,7.05,6.68,6.75,158066.0,6.642,6.8183,6.804,7.1118,6.8974,-0.7353,4.0062,2.2727,0.7336,-1.0018,-0.7937,-19.2584

PRICE_WINDOW_180_ROW_056=20260211,6.77,7.42,6.77,7.21,1038771.0,6.774,6.8509,6.8285,7.1135,6.9056,6.8148,10.0763,7.2917,4.0619,5.2409,5.5869,-13.756

PRICE_WINDOW_180_ROW_057=20260223,7.16,7.2,7.02,7.11,294732.0,6.884,6.8725,6.849,7.1133,6.9131,-1.387,8.3841,6.1194,1.129,3.4553,3.8108,-14.9522

PRICE_WINDOW_180_ROW_058=20260224,7.05,7.23,7.05,7.1,189002.0,6.994,6.8915,6.867,7.1158,6.9202,-0.1406,8.3969,5.3412,0.7275,3.0256,3.393,-15.0718

PRICE_WINDOW_180_ROW_059=20260225,7.1,7.29,7.02,7.29,312115.0,7.092,6.9247,6.8815,7.1125,6.9283,2.6761,7.2059,4.1429,1.1964,5.2753,5.9362,-12.799

PRICE_WINDOW_180_ROW_060=20260226,7.29,7.29,7.12,7.15,153914.0,7.172,6.9435,6.89,7.109,6.9354,-1.9204,5.9259,2.4355,0.5942,2.9744,3.7736,-14.4737

PRICE_WINDOW_180_ROW_061=20260302,7.21,7.23,7.09,7.09,158367.0,7.148,6.9557,6.8935,7.1092,6.9422,-0.8392,-1.6644,0.9972,0.6196,1.931,2.8505,-15.1914

PRICE_WINDOW_180_ROW_062=20260303,7.03,7.1,7.0,7.0,187225.0,7.126,6.9594,6.8905,7.1083,6.9488,-1.2694,-1.5471,-0.8499,0.7796,0.5837,1.5891,-16.2679

PRICE_WINDOW_180_ROW_063=20260304,7.0,7.0,6.61,6.67,157397.0,7.04,6.9353,6.8735,7.1002,6.9529,-4.7143,-6.0563,-4.8502,0.6616,-3.8248,-2.9606,-20.2153

PRICE_WINDOW_180_ROW_064=20260305,6.96,6.96,6.72,6.78,114829.0,6.938,6.9223,6.86,7.0977,6.958,1.6492,-6.9959,-3.8298,0.4886,-2.056,-1.1662,-18.8995

PRICE_WINDOW_180_ROW_065=20260306,6.99,7.4,6.82,7.27,482189.0,6.962,6.9513,6.8725,7.1012,6.9677,7.2271,1.6783,3.5613,1.975,4.5848,5.7839,-13.0383

PRICE_WINDOW_180_ROW_066=20260309,6.99,7.49,6.99,7.07,379105.0,6.958,6.9612,6.874,7.1008,6.9756,-2.751,-0.2821,0.4261,1.4781,1.5631,2.8513,-15.4306

PRICE_WINDOW_180_ROW_067=20260310,7.34,7.34,7.03,7.24,304473.0,7.006,6.9844,6.8955,7.0997,6.9851,2.4045,3.4286,6.3142,1.1906,3.6592,4.996,-13.3971

PRICE_WINDOW_180_ROW_068=20260311,7.24,7.25,7.14,7.14,113750.0,7.1,6.9974,6.915,7.0898,6.994,-1.3812,7.0465,5.7778,0.4412,2.0381,3.2538,-14.5933

PRICE_WINDOW_180_ROW_069=20260312,7.05,7.44,7.05,7.38,572985.0,7.22,7.0293,6.96,7.0838,7.0047,3.3613,8.8496,13.8889,2.0881,4.9895,6.0345,-11.7225

PRICE_WINDOW_180_ROW_070=20260313,7.18,7.49,7.18,7.4,394712.0,7.246,7.0602,7.0055,7.0778,7.0152,0.271,1.7882,14.0216,1.3672,4.8134,5.6313,-11.4833

PRICE_WINDOW_180_ROW_071=20260316,7.4,7.5,7.23,7.46,415902.0,7.324,7.0935,7.051,7.0733,7.0268,0.8108,5.5163,13.8931,1.363,5.1669,5.8006,-10.7656

PRICE_WINDOW_180_ROW_072=20260317,7.46,7.5,7.0,7.06,543422.0,7.288,7.0907,7.076,7.0688,7.0385,-5.3619,-2.4862,7.622,1.6704,-0.4329,-0.2261,-15.5502

PRICE_WINDOW_180_ROW_073=20260318,7.09,7.09,6.98,6.98,213972.0,7.256,7.0815,7.0975,7.0625,7.0503,-1.1331,-2.2409,6.5649,0.6443,-1.4329,-1.6555,-16.5072

PRICE_WINDOW_180_ROW_074=20260319,7.05,7.16,7.0,7.03,190417.0,7.186,7.0772,7.109,7.0597,7.0632,0.7163,-4.7425,3.3824,0.5974,-0.6667,-1.1113,-15.9091

PRICE_WINDOW_180_ROW_075=20260320,7.0,7.08,6.96,7.0,133944.0,7.106,7.0707,7.1215,7.0585,7.0755,-0.4267,-5.4054,3.7037,0.4218,-1.0006,-1.7061,-16.2679

PRICE_WINDOW_180_ROW_076=20260323,7.0,7.12,6.81,6.9,272118.0,6.994,7.0565,7.106,7.0552,7.0828,-1.4286,-7.5067,-4.2996,0.9745,-2.2181,-2.899,-17.4641

PRICE_WINDOW_180_ROW_077=20260324,6.9,6.9,6.8,6.86,116990.0,6.954,7.0401,7.0935,7.0497,7.0909,-0.5797,-2.8329,-3.5162,0.4327,-2.5588,-3.2917,-17.9426

PRICE_WINDOW_180_ROW_078=20260325,6.95,7.04,6.86,6.89,87138.0,6.936,7.0276,7.083,7.0435,7.0945,0.4373,-1.2894,-2.9577,0.3285,-1.9584,-2.7248,-17.5837

PRICE_WINDOW_180_ROW_079=20260326,6.89,6.9,6.72,6.82,210301.0,6.894,7.0103,7.0595,7.036,7.0922,-1.016,-2.9872,-6.4472,0.8084,-2.715,-3.3926,-18.4211

PRICE_WINDOW_180_ROW_080=20260327,6.77,6.77,6.59,6.68,222767.0,6.83,6.9828,7.036,7.025,7.0828,-2.0528,-4.5714,-6.5734,0.8451,-4.3364,-5.0597,-20.0957

PRICE_WINDOW_180_ROW_081=20260330,6.6,6.64,6.43,6.55,367790.0,6.76,6.9467,7.009,7.01,7.0696,-1.9461,-5.0725,-7.6164,1.342,-5.7111,-6.5487,-21.6507

PRICE_WINDOW_180_ROW_082=20260331,6.5,6.62,6.5,6.62,77914.0,6.712,6.9195,6.99,6.9897,7.0529,1.0687,-3.4985,-5.4286,0.2901,-4.3284,-5.2933,-20.8134

PRICE_WINDOW_180_ROW_083=20260401,6.64,6.97,6.54,6.7,404170.0,6.674,6.9012,6.9915,6.9697,7.038,1.2085,-2.7576,0.4498,1.4386,-2.9156,-4.1693,-19.8565

PRICE_WINDOW_180_ROW_084=20260402,6.64,6.9,6.59,6.66,354582.0,6.642,6.8811,6.9855,6.9455,7.0226,-0.597,-2.346,-1.7699,1.2105,-3.2133,-4.6597,-20.3349

PRICE_WINDOW_180_ROW_085=20260407,6.68,6.72,6.56,6.72,257752.0,6.65,6.8677,6.958,6.9275,7.0093,0.9009,0.5988,-7.5653,0.915,-2.1505,-3.4205,-17.037

PRICE_WINDOW_180_ROW_086=20260408,6.72,6.72,6.54,6.7,436328.0,6.68,6.8537,6.9395,6.9087,7.0,-0.2976,2.2901,-5.2334,1.5333,-2.2428,-3.4513,-17.284

PRICE_WINDOW_180_ROW_087=20260409,6.7,6.7,6.5,6.58,523457.0,6.672,6.8309,6.9065,6.8937,6.9896,-1.791,-0.6042,-9.116,1.7713,-3.6731,-4.7274,-14.7668

PRICE_WINDOW_180_ROW_088=20260410,6.55,6.66,6.47,6.48,563006.0,6.628,6.8017,6.8735,6.8802,6.9822,-1.5198,-3.2836,-9.2437,1.7706,-4.7292,-5.7249,-13.6

PRICE_WINDOW_180_ROW_089=20260413,6.48,6.5,6.4,6.44,155367.0,6.584,6.7715,6.8265,6.8758,6.9762,-0.6173,-3.3033,-12.7371,0.5229,-4.8958,-5.6618,-14.1333

PRICE_WINDOW_180_ROW_090=20260414,6.46,6.55,6.43,6.48,231194.0,6.536,6.7472,6.7805,6.872,6.9708,0.6211,-3.5714,-12.4324,0.8002,-3.9606,-4.4318,-13.6

PRICE_WINDOW_180_ROW_091=20260415,6.49,6.49,6.41,6.46,180987.0,6.488,6.7233,6.7305,6.8652,6.9647,-0.3086,-3.5821,-13.4048,0.653,-3.9161,-4.019,-13.8667

PRICE_WINDOW_180_ROW_092=20260416,6.46,6.49,6.4,6.45,154413.0,6.462,6.7005,6.7,6.8582,6.9592,-0.1548,-1.9757,-8.6402,0.5991,-3.7388,-3.7313,-14.0

PRICE_WINDOW_180_ROW_093=20260417,6.45,6.45,6.39,6.41,224693.0,6.448,6.6763,6.6715,6.8532,6.9528,-0.6202,-1.0802,-8.1662,0.87,-3.9889,-3.9197,-14.5333

PRICE_WINDOW_180_ROW_094=20260420,6.42,6.46,6.32,6.34,232235.0,6.428,6.6483,6.637,6.8475,6.9473,-1.092,-1.5528,-9.8151,0.892,-4.637,-4.4749,-15.4667

PRICE_WINDOW_180_ROW_095=20260421,6.35,6.35,6.25,6.3,144607.0,6.392,6.6193,6.602,6.8425,6.9436,-0.6309,-2.7778,-10.0,0.5543,-4.8232,-4.5744,-16.0

PRICE_WINDOW_180_ROW_096=20260422,6.3,6.3,6.19,6.29,300930.0,6.358,6.5918,6.5715,6.8353,6.9398,-0.1587,-2.6316,-8.8406,1.1471,-4.5787,-4.2836,-16.1333

PRICE_WINDOW_180_ROW_097=20260423,6.25,6.25,6.0,6.05,219059.0,6.278,6.5467,6.531,6.8245,6.9346,-3.8156,-6.2016,-11.8076,0.8191,-7.5866,-7.3649,-19.3333

PRICE_WINDOW_180_ROW_098=20260424,6.01,6.05,5.85,5.92,377399.0,6.18,6.4944,6.4825,6.8108,6.928,-2.1488,-7.6443,-14.0784,1.3385,-8.8452,-8.6772,-21.0667

PRICE_WINDOW_180_ROW_099=20260427,5.9,5.9,5.72,5.78,201511.0,6.068,6.4349,6.4305,6.7905,6.9198,-2.3649,-8.8328,-15.2493,0.7158,-10.1775,-10.1159,-22.9333

PRICE_WINDOW_180_ROW_100=20260428,5.8,5.92,5.73,5.78,202382.0,5.964,6.3803,6.3855,6.7705,6.9121,0.0,-8.254,-13.4731,0.7215,-9.4091,-9.4824,-22.9333

PRICE_WINDOW_180_ROW_101=20260429,5.79,5.79,5.72,5.79,152831.0,5.864,6.3311,6.3475,6.75,6.9037,0.173,-7.9491,-11.6031,0.5666,-8.5473,-8.783,-22.8

PRICE_WINDOW_180_ROW_102=20260430,5.72,5.79,5.68,5.77,286613.0,5.808,6.2844,6.305,6.7285,6.8968,-0.3454,-4.6281,-12.8399,1.023,-8.185,-8.4853,-23.0667

PRICE_WINDOW_180_ROW_103=20260504,5.71,5.75,5.54,5.72,361595.0,5.768,6.2373,6.256,6.707,6.8889,-0.8666,-3.3784,-14.6269,1.3005,-8.2943,-8.5678,-23.7333

PRICE_WINDOW_180_ROW_104=20260505,5.72,5.72,5.6,5.61,204328.0,5.734,6.1851,6.2035,6.683,6.8815,-1.9231,-2.9412,-15.7658,0.7553,-9.2977,-9.5672,-25.2

PRICE_WINDOW_180_ROW_105=20260506,5.65,5.68,5.55,5.6,188383.0,5.698,6.1363,6.1475,6.6593,6.8733,-0.1783,-3.1142,-16.6667,0.7054,-8.74,-8.9061,-25.3333

PRICE_WINDOW_180_ROW_106=20260507,5.55,5.84,5.55,5.8,238066.0,5.7,6.1083,6.1025,6.6387,6.87,3.5714,0.1727,-13.4328,0.9258,-5.047,-4.957,-22.6667

PRICE_WINDOW_180_ROW_107=20260508,5.8,5.8,5.6,5.63,229945.0,5.672,6.0684,6.055,6.619,6.8674,-2.931,-2.4263,-14.4377,0.9483,-7.2248,-7.019,-24.9333

PRICE_WINDOW_180_ROW_108=20260511,5.65,5.73,5.49,5.53,244368.0,5.634,6.0236,6.0075,6.5987,6.8645,-1.7762,-3.3217,-14.6605,1.0787,-8.1938,-7.9484,-26.2667

PRICE_WINDOW_180_ROW_109=20260512,5.5,5.52,5.46,5.47,141671.0,5.606,5.9774,5.959,6.5818,6.8601,-1.085,-2.4955,-15.0621,0.6273,-8.4891,-8.2061,-27.0667

PRICE_WINDOW_180_ROW_110=20260513,5.47,5.59,5.46,5.46,131648.0,5.578,5.9343,5.908,6.5647,6.8506,-0.1828,-2.5,-15.7407,0.596,-7.9927,-7.5829,-27.2

PRICE_WINDOW_180_ROW_111=20260514,5.46,5.71,5.42,5.55,475695.0,5.528,5.9023,5.8625,6.548,6.8404,1.6484,-4.3103,-14.0867,2.0189,-5.9686,-5.3305,-26.0

PRICE_WINDOW_180_ROW_112=20260515,5.55,5.55,5.43,5.44,197395.0,5.49,5.8638,5.812,6.5293,6.8292,-1.982,-3.3748,-15.6589,0.8302,-7.2268,-6.4006,-27.4667

PRICE_WINDOW_180_ROW_113=20260518,5.44,5.54,5.2,5.44,347319.0,5.472,5.8284,5.7635,6.5108,6.8162,0.0,-1.6275,-15.1326,1.424,-6.6647,-5.6129,-27.4667

PRICE_WINDOW_180_ROW_114=20260519,5.44,5.46,5.37,5.46,78768.0,5.47,5.7977,5.7195,6.4885,6.8025,0.3676,-0.1828,-13.8801,0.3334,-5.8254,-4.5371,-27.2

PRICE_WINDOW_180_ROW_115=20260520,5.4,5.43,5.33,5.43,80959.0,5.464,5.7671,5.676,6.4665,6.7892,-0.5495,-0.5495,-13.8095,0.3474,-5.8452,-4.334,-27.6

PRICE_WINDOW_180_ROW_116=20260521,5.43,5.57,5.41,5.5,229637.0,5.454,5.7448,5.6365,6.438,6.7758,1.2891,-0.9009,-12.5596,1.0007,-4.2619,-2.4217,-26.6667

PRICE_WINDOW_180_ROW_117=20260522,5.45,5.52,5.3,5.45,259009.0,5.456,5.7203,5.6065,6.4103,6.7618,-0.9091,0.1838,-9.9174,1.1189,-4.7248,-2.7914,-27.3333

PRICE_WINDOW_180_ROW_118=20260525,5.48,5.49,5.35,5.4,162703.0,5.448,5.6936,5.5805,6.382,6.7489,-0.9174,-0.7353,-8.7838,0.7371,-5.1564,-3.2345,-28.0

PRICE_WINDOW_180_ROW_119=20260526,5.4,5.4,5.27,5.3,153171.0,5.416,5.6608,5.5565,6.3488,6.7307,-1.8519,-2.9304,-8.3045,0.7016,-6.3734,-4.6162,-29.3333

PRICE_WINDOW_180_ROW_120=20260527,5.3,5.58,5.16,5.52,1429103.0,5.434,5.6491,5.5435,6.3217,6.7153,4.1509,1.6575,-4.4983,5.1101,-2.2845,-0.4239,-26.4

PRICE_WINDOW_180_ROW_121=20260528,5.57,5.62,5.38,5.42,637017.0,5.418,5.63,5.525,6.2938,6.7015,-1.8116,-1.4545,-6.3903,2.0963,-3.7294,-1.9005,-27.7333

PRICE_WINDOW_180_ROW_122=20260529,5.57,5.57,5.42,5.48,185301.0,5.424,5.6175,5.5105,6.2685,6.6884,1.107,0.5505,-5.026,0.6201,-2.4471,-0.5535,-26.9333

PRICE_WINDOW_180_ROW_123=20260601,5.42,5.51,5.35,5.47,378812.0,5.438,5.6052,5.498,6.2485,6.6743,-0.1825,1.2963,-4.3706,1.2641,-2.4117,-0.5093,-27.0667

PRICE_WINDOW_180_ROW_124=20260602,5.43,5.56,5.41,5.49,379705.0,5.476,5.5956,5.492,6.227,6.6623,0.3656,3.5849,-2.139,1.2311,-1.8868,-0.0364,-26.8

PRICE_WINDOW_180_ROW_125=20260603,5.51,6.03,5.51,6.03,1144958.0,5.578,5.6318,5.5135,6.2063,6.6538,9.8361,9.2391,7.6786,3.2138,7.0709,9.3679,-19.6

PRICE_WINDOW_180_ROW_126=20260604,6.08,6.17,5.93,5.93,685958.0,5.68,5.6566,5.52,6.1873,6.6441,-1.6584,9.4096,2.2414,1.8116,4.8327,7.4275,-20.9333

PRICE_WINDOW_180_ROW_127=20260605,6.01,6.01,5.8,5.95,352468.0,5.774,5.6811,5.536,6.1658,6.6328,0.3373,8.5766,5.6838,0.916,4.7336,7.4783,-20.6667

PRICE_WINDOW_180_ROW_128=20260608,5.84,5.84,5.36,5.56,494588.0,5.792,5.671,5.5375,6.1395,6.6147,-6.5546,1.6453,0.5425,1.2449,-1.9572,0.4063,-25.8667

PRICE_WINDOW_180_ROW_129=20260609,5.56,5.67,5.43,5.49,236554.0,5.792,5.6559,5.5385,6.108,6.5959,-1.259,0.0,0.3656,0.5884,-2.9333,-0.8757,-26.8

PRICE_WINDOW_180_ROW_130=20260610,5.5,5.64,5.43,5.62,261156.0,5.71,5.6529,5.5465,6.0783,6.5781,2.3679,-6.7993,2.9304,0.6393,-0.5823,1.3252,-25.0667

PRICE_WINDOW_180_ROW_131=20260611,5.6,5.71,5.52,5.63,219349.0,5.65,5.651,5.5505,6.0478,6.5606,0.1779,-5.059,1.4414,0.5543,-0.3717,1.4323,-24.9333

PRICE_WINDOW_180_ROW_132=20260612,5.63,5.69,5.6,5.64,197809.0,5.588,5.6501,5.5605,6.0242,6.5465,0.1776,-5.2101,3.6765,0.4999,-0.1786,1.4297,-21.2291

PRICE_WINDOW_180_ROW_133=20260615,5.66,5.78,5.63,5.77,219373.0,5.63,5.6601,5.577,6.004,6.5332,2.305,3.777,6.0662,0.5635,1.942,3.4606,-19.4134

PRICE_WINDOW_180_ROW_134=20260616,5.77,5.85,5.71,5.75,124193.0,5.682,5.6676,5.5915,5.9827,6.5212,-0.3466,4.7359,5.3114,0.3171,1.4543,2.8347,-19.2416

PRICE_WINDOW_180_ROW_135=20260617,5.74,5.78,5.71,5.78,133073.0,5.714,5.6769,5.609,5.9623,6.5104,0.5217,2.847,6.4457,0.3376,1.8154,3.0487,-18.8202

PRICE_WINDOW_180_ROW_136=20260618,5.79,5.88,5.72,5.72,197778.0,5.732,5.6805,5.62,5.9427,6.4989,-1.0381,1.5986,4.0,0.5038,0.6948,1.7794,-18.75

PRICE_WINDOW_180_ROW_137=20260622,5.72,5.72,5.55,5.66,307783.0,5.736,5.6788,5.6305,5.9227,6.4862,-1.049,0.3546,3.8532,0.7791,-0.3314,0.5239,-19.6023

PRICE_WINDOW_180_ROW_138=20260623,5.66,5.66,5.45,5.47,135644.0,5.676,5.6614,5.634,5.899,6.4712,-3.3569,-5.1993,1.2963,0.3445,-3.3811,-2.9109,-21.5208

PRICE_WINDOW_180_ROW_139=20260624,5.5,5.57,5.46,5.48,124131.0,5.622,5.6463,5.643,5.8767,6.4563,0.1828,-4.6957,3.3962,0.3165,-2.9453,-2.8885,-21.3773

PRICE_WINDOW_180_ROW_140=20260625,5.48,5.48,5.36,5.37,202752.0,5.54,5.6233,5.6355,5.8548,6.4399,-2.0073,-7.0934,-2.7174,0.6127,-4.5041,-4.7112,-22.9555

PRICE_WINDOW_180_ROW_141=20260626,5.37,5.37,5.24,5.29,259253.0,5.454,5.5955,5.629,5.8338,6.4219,-1.4898,-7.5175,-2.3985,0.8309,-5.4598,-6.0224,-24.1033

PRICE_WINDOW_180_ROW_142=20260629,5.29,5.38,5.26,5.3,98535.0,5.382,5.5709,5.62,5.8118,6.4008,0.189,-6.3604,-3.2847,0.3202,-4.8624,-5.694,-23.9598

PRICE_WINDOW_180_ROW_143=20260630,5.3,5.31,5.22,5.3,122870.0,5.348,5.5483,5.6115,5.7885,6.3791,0.0,-3.1079,-3.1079,0.4167,-4.4753,-5.5511,-23.1884

PRICE_WINDOW_180_ROW_144=20260701,5.37,5.38,5.25,5.3,217379.0,5.312,5.5276,5.602,5.7658,6.3557,0.0,-3.2847,-3.4608,0.758,-4.1177,-5.3909,-21.131

PRICE_WINDOW_180_ROW_145=20260702,5.31,5.33,5.26,5.31,159706.0,5.3,5.5095,5.566,5.7423,6.3349,0.1887,-1.1173,-11.9403,0.6724,-3.6206,-4.5994,-20.9821

PRICE_WINDOW_180_ROW_146=20260703,5.31,5.84,5.28,5.84,471353.0,5.41,5.537,5.5615,5.728,6.3183,9.9812,10.397,-1.5177,2.0784,5.4719,5.0076,-12.8358

PRICE_WINDOW_180_ROW_147=20260706,5.9,6.21,5.81,5.83,1096468.0,5.516,5.5614,5.5555,5.7155,6.3046,-0.1712,10.0,-2.0168,4.1535,4.829,4.941,-12.4625

PRICE_WINDOW_180_ROW_148=20260707,5.9,5.9,5.65,5.71,253235.0,5.598,5.5738,5.563,5.7027,6.2914,-2.0583,7.7358,2.6978,1.0052,2.4433,2.6425,-12.8244

PRICE_WINDOW_180_ROW_149=20260708,5.71,5.74,5.52,5.72,189439.0,5.682,5.586,5.5745,5.6907,6.2832,0.1751,7.9245,4.1894,0.7591,2.3989,2.6101,-12.6718

PRICE_WINDOW_180_ROW_150=20260709,5.65,5.65,5.5,5.5,204082.0,5.72,5.5788,5.5685,5.6743,6.2732,-3.8462,3.5782,-2.1352,0.8272,-1.4131,-1.2301,-15.2542

PRICE_WINDOW_180_ROW_151=20260713,5.5,5.5,5.33,5.33,220929.0,5.618,5.5581,5.5535,5.6555,6.2603,-3.0909,-8.7329,-5.3286,0.8952,-4.1038,-4.0245,-17.8737

PRICE_WINDOW_180_ROW_152=20260714,5.31,5.39,5.26,5.29,218307.0,5.51,5.5358,5.536,5.6362,6.2472,-0.7505,-9.2624,-6.2057,0.8809,-4.4394,-4.4436,-18.1115

PRICE_WINDOW_180_ROW_153=20260715,5.29,5.34,5.22,5.33,232294.0,5.434,5.5186,5.514,5.6182,6.2357,0.7561,-6.655,-7.6256,0.9349,-3.4177,-3.337,-17.4923

PRICE_WINDOW_180_ROW_154=20260716,5.38,5.38,5.3,5.33,135897.0,5.356,5.5029,5.493,5.6013,6.2244,0.0,-6.8182,-7.3043,0.5457,-3.1418,-2.9674,-16.063

PRICE_WINDOW_180_ROW_155=20260717,5.29,5.32,5.2,5.25,154297.0,5.306,5.4818,5.4665,5.5838,6.2132,-1.5009,-4.5455,-9.1696,0.6169,-4.2288,-3.9605,-16.6667

PRICE_WINDOW_180_ROW_156=20260720,5.28,5.28,5.16,5.2,354455.0,5.28,5.4583,5.4405,5.5657,6.2005,-0.9524,-2.439,-9.0909,1.3742,-4.7328,-4.4205,-16.8

PRICE_WINDOW_180_ROW_157=20260721,5.25,5.25,5.17,5.19,149757.0,5.26,5.436,5.417,5.5513,6.1879,-0.1923,-1.8904,-8.3039,0.5989,-4.5249,-4.1905,-16.4251

PRICE_WINDOW_180_ROW_158=20260722,5.19,5.2,5.15,5.16,324455.0,5.226,5.413,5.4015,5.5387,6.1747,-0.578,-3.1895,-5.6673,1.2504,-4.6735,-4.471,-16.9082

PRICE_WINDOW_180_ROW_159=20260723,5.17,5.39,5.12,5.34,529214.0,5.228,5.4069,5.3945,5.5313,6.1609,3.4884,0.1876,-2.5547,1.8918,-1.2372,-1.0103,-14.0097

PRICE_WINDOW_180_ROW_160=20260724,5.34,5.37,5.29,5.3,202761.0,5.238,5.398,5.391,5.5233,6.1469,-0.7491,0.9524,-1.3035,0.7248,-1.8152,-1.688,-14.6538

PRICE_WINDOW_180_ROW_161=20260727,5.3,5.31,5.25,5.28,81177.0,5.254,5.3882,5.3905,5.5148,6.1324,-0.3774,1.5385,-0.189,0.2997,-2.0072,-2.0499,-14.9758

PRICE_WINDOW_180_ROW_162=20260728,5.26,5.26,5.16,5.2,111267.0,5.256,5.3725,5.3855,5.5053,6.1169,-1.5152,0.1927,-1.8868,0.4099,-3.2103,-3.4444,-16.2641

PRICE_WINDOW_180_ROW_163=20260729,5.2,5.25,5.0,5.16,501241.0,5.256,5.3548,5.3785,5.496,6.1015,-0.7692,0.0,-2.6415,1.7261,-3.6373,-4.0625,-16.9082

PRICE_WINDOW_180_ROW_164=20260730,5.15,5.15,4.99,5.02,279992.0,5.192,5.3269,5.3645,5.4862,6.0846,-2.7132,-5.9925,-5.283,0.9539,-5.7608,-6.4218,-19.1626

PRICE_WINDOW_180_ROW_165=20260731,5.16,5.16,5.09,5.09,94510.0,5.15,5.3071,5.3535,5.4777,6.0685,1.3944,-3.9623,-4.1431,0.3256,-4.0913,-4.922,-18.0354

PRICE_WINDOW_180_ROW_166=20260803,5.09,5.13,5.0,5.04,205192.0,5.102,5.2849,5.3135,5.465,6.0518,-0.9823,-4.5455,-13.6986,0.7409,-4.6334,-5.1473,-18.8406

PRICE_WINDOW_180_ROW_167=20260804,5.04,5.11,5.01,5.05,88277.0,5.072,5.2653,5.2745,5.4553,6.0372,0.1984,-2.8846,-13.3791,0.3897,-4.089,-4.2563,-18.6795

PRICE_WINDOW_180_ROW_168=20260805,5.07,5.09,5.04,5.06,98514.0,5.052,5.2482,5.242,5.4475,6.0231,0.198,-1.938,-11.3835,0.4502,-3.5858,-3.472,-18.5185

PRICE_WINDOW_180_ROW_169=20260806,5.06,5.1,5.03,5.06,134489.0,5.06,5.2325,5.209,5.4407,6.0113,0.0,0.7968,-11.5385,0.6225,-3.2968,-2.8604,-18.5185

PRICE_WINDOW_180_ROW_170=20260807,5.06,5.08,5.05,5.07,129955.0,5.056,5.219,5.1875,5.4342,5.9994,0.1976,-0.3929,-7.8182,0.612,-2.8543,-2.2651,-18.3575

PRICE_WINDOW_180_ROW_171=20260810,5.12,5.4,5.12,5.26,561280.0,5.1,5.2224,5.184,5.4293,5.9887,3.7475,4.3651,-1.3133,2.4471,0.7203,1.466,-15.2979

PRICE_WINDOW_180_ROW_172=20260811,5.26,5.28,5.18,5.22,229267.0,5.134,5.2222,5.1805,5.4257,5.9775,-0.7605,3.3663,-1.3233,0.9972,-0.0418,0.7625,-15.942

PRICE_WINDOW_180_ROW_173=20260812,5.22,5.24,5.18,5.2,166681.0,5.162,5.2203,5.174,5.4217,5.9662,-0.3831,2.7668,-2.439,0.7355,-0.3896,0.5025,-16.2641

PRICE_WINDOW_180_ROW_174=20260813,5.31,5.31,5.16,5.19,112744.0,5.188,5.2178,5.167,5.4172,5.9528,-0.1923,2.5692,-2.6266,0.5,-0.533,0.4451,-16.4251

PRICE_WINDOW_180_ROW_175=20260814,5.19,5.19,5.12,5.14,86396.0,5.202,5.2113,5.1615,5.4123,5.9394,-0.9634,1.3807,-2.0952,0.389,-1.3686,-0.4165,-17.2303

PRICE_WINDOW_180_ROW_176=20260817,5.14,5.14,5.04,5.12,112088.0,5.174,5.2037,5.1575,5.406,5.922,-0.3891,-2.6616,-1.5385,0.5338,-1.6087,-0.7271,-17.5523

PRICE_WINDOW_180_ROW_177=20260818,5.05,5.19,5.05,5.07,47654.0,5.144,5.1926,5.1515,5.3997,5.905,-0.9766,-2.8736,-2.3121,0.2326,-2.3605,-1.5821,-18.3575

PRICE_WINDOW_180_ROW_178=20260819,5.07,5.19,5.01,5.15,212414.0,5.134,5.189,5.151,5.3955,5.8888,1.5779,-0.9615,-0.1938,1.066,-0.752,-0.0194,-17.0692

PRICE_WINDOW_180_ROW_179=20260820,5.14,5.18,5.08,5.1,63155.0,5.116,5.1816,5.139,5.3922,5.8705,-0.9709,-1.7341,-4.4944,0.3589,-1.5749,-0.7589,-17.8744

PRICE_WINDOW_180_ROW_180=20260821,5.08,5.16,5.08,5.16,83575.0,5.12,5.1798,5.132,5.3862,5.8539,1.1765,0.3891,-2.6415,0.4916,-0.3823,0.5456,-16.9082
