# PRICE_WINDOW_180

columns=date,open,high,low,close,volume,ma5,ema23,ma20,ma60,ma120,return_1d,return_5d,return_20d,volume_ratio,distance_to_ema23_pct,distance_to_ma20_pct,distance_to_high_60_pct

PRICE_WINDOW_180_ROW_001=20251208,6.15,6.15,6.08,6.1,396293.0,6.122,6.1673,6.126,6.372,6.4558,-0.974,1.1609,-3.0207,0.4759,-1.0919,-0.4244,-9.6296

PRICE_WINDOW_180_ROW_002=20251209,6.08,6.15,6.03,6.09,526999.0,6.126,6.1609,6.1185,6.3623,6.4494,-0.1639,0.3295,-2.4038,0.6824,-1.1507,-0.4658,-9.7778

PRICE_WINDOW_180_ROW_003=20251210,6.07,6.1,6.05,6.09,279164.0,6.128,6.155,6.1055,6.3528,6.4438,0.0,0.1645,-4.0945,0.3964,-1.0559,-0.2539,-9.7778

PRICE_WINDOW_180_ROW_004=20251211,6.09,6.09,6.0,6.04,459077.0,6.096,6.1454,6.091,6.3457,6.4399,-0.821,-2.5806,-4.5814,0.6505,-1.7152,-0.8373,-10.5185

PRICE_WINDOW_180_ROW_005=20251212,6.04,6.11,6.04,6.08,675896.0,6.08,6.14,6.078,6.339,6.437,0.6623,-1.2987,-4.1009,0.9727,-0.9765,0.0329,-9.9259

PRICE_WINDOW_180_ROW_006=20251215,6.02,6.12,6.02,6.11,396531.0,6.082,6.1375,6.073,6.3328,6.4356,0.4934,0.1639,-1.6103,0.614,-0.4474,0.6093,-9.4815

PRICE_WINDOW_180_ROW_007=20251216,6.05,6.09,6.02,6.06,487685.0,6.076,6.131,6.071,6.3255,6.4329,-0.8183,-0.4926,-0.6557,0.8137,-1.1581,-0.1812,-10.2222

PRICE_WINDOW_180_ROW_008=20251217,6.06,6.08,6.01,6.02,440327.0,6.062,6.1218,6.0675,6.3162,6.4299,-0.6601,-1.1494,-1.1494,0.7804,-1.6622,-0.7829,-10.8148

PRICE_WINDOW_180_ROW_009=20251218,6.03,6.07,6.0,6.04,638144.0,6.062,6.1149,6.0645,6.3063,6.4263,0.3322,0.0,-0.9836,1.1126,-1.2255,-0.404,-10.5185

PRICE_WINDOW_180_ROW_010=20251219,6.0,6.05,6.0,6.03,1494895.0,6.052,6.1079,6.0635,6.2962,6.4225,-0.1656,-0.8224,-0.3306,2.4605,-1.2748,-0.5525,-10.6667

PRICE_WINDOW_180_ROW_011=20251222,6.09,6.11,6.01,6.11,926193.0,6.052,6.108,6.0675,6.2892,6.4198,1.3267,0.0,1.3267,1.4747,0.0321,0.7005,-9.4815

PRICE_WINDOW_180_ROW_012=20251223,6.11,6.18,6.1,6.16,631103.0,6.072,6.1124,6.076,6.2835,6.4174,0.8183,1.6502,2.8381,1.0738,0.7792,1.3825,-8.7407

PRICE_WINDOW_180_ROW_013=20251224,6.15,6.18,6.08,6.1,390178.0,6.088,6.1113,6.081,6.276,6.4142,-0.974,1.3289,1.6667,0.6924,-0.1855,0.3124,-9.6296

PRICE_WINDOW_180_ROW_014=20251226,6.12,6.12,6.04,6.09,376549.0,6.098,6.1096,6.085,6.2693,6.4098,-0.1639,0.8278,1.3311,0.6825,-0.3202,0.0822,-9.7778

PRICE_WINDOW_180_ROW_015=20251229,6.09,6.09,6.02,6.08,655971.0,6.108,6.1071,6.087,6.262,6.4059,-0.1642,0.8292,0.6623,1.1611,-0.4437,-0.115,-9.9259

PRICE_WINDOW_180_ROW_016=20251230,6.03,6.08,6.0,6.07,815550.0,6.1,6.104,6.089,6.2548,6.4026,-0.1645,-0.6547,0.6633,1.3807,-0.5571,-0.312,-10.0741

PRICE_WINDOW_180_ROW_017=20251231,6.02,6.07,6.01,6.02,325754.0,6.072,6.097,6.0865,6.2463,6.3992,-0.8237,-2.2727,-0.8237,0.5645,-1.263,-1.0926,-10.8148

PRICE_WINDOW_180_ROW_018=20260102,6.02,6.05,5.96,5.97,838827.0,6.046,6.0864,6.081,6.237,6.3955,-0.8306,-2.1311,-1.8092,1.413,-1.9128,-1.8254,-11.5556

PRICE_WINDOW_180_ROW_019=20260105,5.97,6.02,5.9,5.97,1289168.0,6.022,6.0767,6.0695,6.2283,6.392,0.0,-1.9704,-3.7097,2.0857,-1.7562,-1.6393,-11.5556

PRICE_WINDOW_180_ROW_020=20260106,5.97,6.02,5.95,5.97,1062499.0,6.0,6.0678,6.06,6.2205,6.3877,0.0,-1.8092,-3.0844,1.6213,-1.6122,-1.4851,-11.5556

PRICE_WINDOW_180_ROW_021=20260107,5.98,6.04,5.98,6.03,882340.0,5.992,6.0647,6.0565,6.2135,6.3842,1.005,-0.659,-1.1475,1.2982,-0.5717,-0.4375,-10.6667

PRICE_WINDOW_180_ROW_022=20260108,6.02,6.34,6.02,6.22,2786932.0,6.032,6.0776,6.063,6.211,6.3823,3.1509,3.3223,2.1346,3.516,2.3427,2.5895,-7.8519

PRICE_WINDOW_180_ROW_023=20260109,6.29,6.31,6.09,6.21,1294992.0,6.08,6.0887,6.069,6.2085,6.3801,-0.1608,4.0201,1.9704,1.5354,1.9931,2.3233,-8.0

PRICE_WINDOW_180_ROW_024=20260112,6.2,6.2,6.08,6.09,1217658.0,6.104,6.0888,6.0715,6.2048,6.3764,-1.9324,2.0101,0.8278,1.3816,0.0203,0.3047,-9.7778

PRICE_WINDOW_180_ROW_025=20260113,6.09,6.19,6.01,6.09,1022528.0,6.128,6.0889,6.072,6.2007,6.3728,0.0,2.0101,0.1645,1.1378,0.0186,0.2964,-9.7778

PRICE_WINDOW_180_ROW_026=20260114,6.09,6.14,6.06,6.12,790604.0,6.146,6.0915,6.0725,6.1948,6.3688,0.4926,1.4925,0.1637,0.8609,0.4685,0.7822,-9.3333

PRICE_WINDOW_180_ROW_027=20260115,6.1,6.19,6.1,6.18,739902.0,6.138,6.0988,6.0785,6.1908,6.3662,0.9804,-0.6431,1.9802,0.7947,1.3308,1.6698,-8.4444

PRICE_WINDOW_180_ROW_028=20260116,6.18,6.28,6.14,6.15,872122.0,6.126,6.1031,6.085,6.1865,6.3627,-0.4854,-0.9662,2.1595,0.9155,0.7684,1.0682,-8.8889

PRICE_WINDOW_180_ROW_029=20260119,6.15,6.28,6.12,6.24,1136141.0,6.156,6.1145,6.095,6.1805,6.3596,1.4634,2.4631,3.3113,1.1623,2.0523,2.379,-7.5556

PRICE_WINDOW_180_ROW_030=20260120,6.24,6.24,6.15,6.17,675558.0,6.172,6.1191,6.102,6.1713,6.3562,-1.1218,1.3136,2.3217,0.7213,0.8313,1.1144,-8.457

PRICE_WINDOW_180_ROW_031=20260121,6.17,6.17,6.1,6.17,827830.0,6.182,6.1234,6.105,6.1637,6.3529,0.0,0.817,0.982,0.8886,0.7615,1.0647,-7.6347

PRICE_WINDOW_180_ROW_032=20260122,6.18,6.18,6.11,6.13,450698.0,6.172,6.1239,6.1035,6.1558,6.3493,-0.6483,-0.8091,-0.487,0.4885,0.0992,0.4342,-7.2617

PRICE_WINDOW_180_ROW_033=20260123,6.13,6.2,6.11,6.2,534265.0,6.182,6.1303,6.1085,6.1497,6.3458,1.1419,0.813,1.6393,0.5746,1.1376,1.4979,-6.2027

PRICE_WINDOW_180_ROW_034=20260126,6.2,6.82,6.2,6.82,5797611.0,6.298,6.1877,6.145,6.1543,6.3478,10.0,9.2949,11.9869,4.8279,10.2179,10.9845,0.0

PRICE_WINDOW_180_ROW_035=20260127,7.3,7.39,6.97,7.06,8963347.0,6.476,6.2604,6.194,6.1635,6.3521,3.5191,14.4246,16.1184,5.5459,12.7718,13.9813,-4.4655

PRICE_WINDOW_180_ROW_036=20260128,7.02,7.02,6.65,6.78,3023795.0,6.598,6.3037,6.2295,6.1685,6.354,-3.966,9.8865,11.6969,1.7513,7.5554,8.837,-8.2544

PRICE_WINDOW_180_ROW_037=20260129,6.78,6.78,6.52,6.63,1283498.0,6.698,6.3309,6.26,6.1725,6.3543,-2.2124,8.1566,10.1329,0.7233,4.7242,5.9105,-10.2842

PRICE_WINDOW_180_ROW_038=20260130,6.64,6.64,6.48,6.53,938251.0,6.764,6.3475,6.288,6.1762,6.3535,-1.5083,5.3226,9.3802,0.5273,2.875,3.8486,-11.6373

PRICE_WINDOW_180_ROW_039=20260202,6.55,6.57,6.32,6.35,1264236.0,6.67,6.3477,6.307,6.1752,6.3519,-2.7565,-6.8915,6.3652,0.7109,0.036,0.6818,-14.0731

PRICE_WINDOW_180_ROW_040=20260203,6.35,6.5,6.25,6.27,471932.0,6.512,6.3412,6.322,6.1725,6.3507,-1.2598,-11.1898,5.0251,0.2699,-1.1234,-0.8225,-15.1556

PRICE_WINDOW_180_ROW_041=20260204,6.29,6.48,6.23,6.38,651055.0,6.432,6.3445,6.3395,6.174,6.3519,1.7544,-5.8997,5.8043,0.3748,0.56,0.6389,-13.6671

PRICE_WINDOW_180_ROW_042=20260205,6.38,6.46,6.35,6.39,384133.0,6.384,6.3483,6.348,6.1765,6.352,0.1567,-3.6199,2.7331,0.2376,0.6574,0.6616,-13.5318

PRICE_WINDOW_180_ROW_043=20260206,6.35,6.36,6.24,6.29,295820.0,6.336,6.3434,6.352,6.1755,6.3511,-1.5649,-3.6753,1.2882,0.1888,-0.8419,-0.9761,-14.885

PRICE_WINDOW_180_ROW_044=20260209,6.29,6.3,6.21,6.25,583845.0,6.316,6.3356,6.36,6.1742,6.35,-0.6359,-1.5748,2.6273,0.3803,-1.3515,-1.7296,-15.4263

PRICE_WINDOW_180_ROW_045=20260210,6.25,6.28,6.21,6.25,372127.0,6.312,6.3285,6.368,6.1727,6.349,0.0,-0.319,2.6273,0.2476,-1.2402,-1.853,-15.4263

PRICE_WINDOW_180_ROW_046=20260211,6.22,6.31,6.22,6.29,806629.0,6.294,6.3253,6.3765,6.174,6.3477,0.64,-1.4107,2.7778,0.5365,-0.5578,-1.3565,-14.885

PRICE_WINDOW_180_ROW_047=20260223,6.29,6.37,6.27,6.35,820330.0,6.286,6.3273,6.385,6.1782,6.3464,0.9539,-0.626,2.7508,0.5441,0.3581,-0.5482,-14.0731

PRICE_WINDOW_180_ROW_048=20260224,6.34,6.44,6.34,6.38,731501.0,6.304,6.3317,6.3965,6.183,6.3451,0.4724,1.4308,3.7398,0.4875,0.7624,-0.258,-13.6671

PRICE_WINDOW_180_ROW_049=20260225,6.44,6.45,6.33,6.4,850225.0,6.334,6.3374,6.4045,6.188,6.3413,0.3135,2.4,2.5641,0.572,0.9875,-0.0703,-13.3965

PRICE_WINDOW_180_ROW_050=20260226,6.4,6.42,6.35,6.38,630580.0,6.36,6.341,6.415,6.1935,6.3383,-0.3125,2.08,3.4036,0.4249,0.6156,-0.5456,-13.6671

PRICE_WINDOW_180_ROW_051=20260302,6.38,6.4,6.32,6.35,637255.0,6.372,6.3417,6.424,6.1988,6.3356,-0.4702,0.9539,2.9173,0.4322,0.1306,-1.1519,-14.0731

PRICE_WINDOW_180_ROW_052=20260303,6.1,6.31,6.1,6.28,944480.0,6.358,6.3366,6.4315,6.2037,6.3331,-1.1024,-1.1024,2.447,0.63,-0.8929,-2.3556,-15.0203

PRICE_WINDOW_180_ROW_053=20260304,6.22,6.22,6.07,6.07,1459951.0,6.296,6.3144,6.425,6.2048,6.3281,-3.3439,-4.8589,-2.0968,0.9446,-3.8699,-5.5253,-17.862

PRICE_WINDOW_180_ROW_054=20260305,6.14,6.16,6.05,6.07,550382.0,6.23,6.294,6.3875,6.2058,6.3223,0.0,-5.1562,-10.9971,0.4289,-3.5589,-4.9706,-17.862

PRICE_WINDOW_180_ROW_055=20260306,6.02,6.31,6.02,6.27,1185415.0,6.208,6.292,6.348,6.2097,6.3183,3.2949,-1.7241,-11.1898,1.3256,-0.3496,-1.2287,-15.1556

PRICE_WINDOW_180_ROW_056=20260309,6.06,6.18,6.0,6.04,1259027.0,6.146,6.271,6.311,6.2098,6.3133,-3.6683,-4.8819,-10.9145,1.562,-3.6836,-4.2941,-18.2679

PRICE_WINDOW_180_ROW_057=20260310,6.09,6.1,6.02,6.03,771704.0,6.096,6.2509,6.281,6.2092,6.3083,-0.1656,-3.9809,-9.0498,0.9888,-3.5341,-3.9962,-18.4032

PRICE_WINDOW_180_ROW_058=20260311,6.07,6.15,6.05,6.13,737380.0,6.108,6.2408,6.261,6.21,6.3043,1.6584,0.9885,-6.1256,0.9571,-1.776,-2.0923,-17.0501

PRICE_WINDOW_180_ROW_059=20260312,6.06,6.13,6.06,6.1,561833.0,6.114,6.2291,6.2485,6.2083,6.2992,-0.4894,0.4942,-3.937,0.7641,-2.0726,-2.3766,-17.456

PRICE_WINDOW_180_ROW_060=20260313,6.1,6.1,6.03,6.03,1004480.0,6.066,6.2125,6.2365,6.2062,6.2938,-1.1475,-3.8278,-3.8278,1.3184,-2.9378,-3.3112,-18.4032

PRICE_WINDOW_180_ROW_061=20260316,6.04,6.12,6.04,6.09,539983.0,6.076,6.2023,6.222,6.206,6.289,0.995,0.8278,-4.5455,0.7139,-1.8106,-2.1215,-17.5913

PRICE_WINDOW_180_ROW_062=20260317,6.07,6.13,6.07,6.13,890114.0,6.096,6.1963,6.209,6.2067,6.2845,0.6568,1.6584,-4.0689,1.1388,-1.0696,-1.2723,-17.0501

PRICE_WINDOW_180_ROW_063=20260318,6.22,6.54,6.22,6.48,3038369.0,6.166,6.2199,6.2185,6.2132,6.283,5.7096,5.7096,3.0207,3.307,4.1814,4.2052,-12.3139

PRICE_WINDOW_180_ROW_064=20260319,6.37,6.53,6.34,6.48,1680517.0,6.242,6.2416,6.23,6.2205,6.2831,0.0,6.2295,3.68,1.7261,3.8196,4.0128,-12.3139

PRICE_WINDOW_180_ROW_065=20260320,6.48,6.56,6.41,6.41,1893934.0,6.318,6.2556,6.238,6.226,6.2825,-1.0802,6.3018,2.56,1.8043,2.4677,2.7573,-13.2612

PRICE_WINDOW_180_ROW_066=20260323,6.3,6.4,6.24,6.26,897342.0,6.352,6.256,6.2365,6.2285,6.2807,-2.3401,2.7915,-0.4769,0.8512,0.0641,0.3768,-15.2909

PRICE_WINDOW_180_ROW_067=20260324,6.28,6.32,6.16,6.21,469980.0,6.368,6.2522,6.2295,6.231,6.2782,-0.7987,1.3051,-2.2047,0.4533,-0.6743,-0.313,-15.9675

PRICE_WINDOW_180_ROW_068=20260325,6.21,6.24,6.11,6.16,679303.0,6.304,6.2445,6.2185,6.2333,6.2747,-0.8052,-4.9383,-3.4483,0.6569,-1.3529,-0.9407,-16.6441

PRICE_WINDOW_180_ROW_069=20260326,6.21,6.28,6.21,6.24,703172.0,6.256,6.2441,6.2105,6.2367,6.2715,1.2987,-3.7037,-2.5,0.6848,-0.0658,0.475,-15.5616

PRICE_WINDOW_180_ROW_070=20260327,6.24,6.31,6.2,6.26,549776.0,6.226,6.2454,6.2045,6.2405,6.2683,0.3205,-2.3401,-1.8809,0.5376,0.2333,0.8945,-15.2909

PRICE_WINDOW_180_ROW_071=20260330,6.18,6.35,6.17,6.33,808375.0,6.24,6.2525,6.2035,6.2442,6.2667,1.1182,1.1182,-0.315,0.7839,1.2399,2.0392,-14.3437

PRICE_WINDOW_180_ROW_072=20260331,6.32,6.33,6.15,6.17,650837.0,6.232,6.2456,6.198,6.2443,6.2639,-2.5276,-0.6441,-1.7516,0.6402,-1.2105,-0.4518,-16.5088

PRICE_WINDOW_180_ROW_073=20260401,6.25,6.42,6.18,6.25,465228.0,6.25,6.246,6.207,6.2468,6.2614,1.2966,1.461,2.9654,0.4812,0.0645,0.6928,-15.4263

PRICE_WINDOW_180_ROW_074=20260402,6.31,6.32,6.18,6.25,318343.0,6.252,6.2463,6.216,6.2495,6.2594,0.0,0.1603,2.9654,0.3333,0.0591,0.547,-15.4263

PRICE_WINDOW_180_ROW_075=20260407,6.25,6.29,6.2,6.26,652738.0,6.252,6.2474,6.2155,6.2525,6.2572,0.16,0.0,-0.1595,0.7029,0.2009,0.716,-15.2909

PRICE_WINDOW_180_ROW_076=20260408,6.26,6.32,6.24,6.29,512667.0,6.244,6.251,6.228,6.2562,6.2555,0.4792,-0.6319,4.1391,0.5752,0.624,0.9955,-14.885

PRICE_WINDOW_180_ROW_077=20260409,6.29,6.3,6.21,6.22,575727.0,6.254,6.2484,6.2375,6.2595,6.2529,-1.1129,0.8104,3.1509,0.6531,-0.4547,-0.2806,-15.8322

PRICE_WINDOW_180_ROW_078=20260410,6.22,6.29,6.22,6.25,527988.0,6.254,6.2485,6.2435,6.2642,6.2506,0.4823,0.0,1.9576,0.6062,0.0233,0.1041,-15.4263

PRICE_WINDOW_180_ROW_079=20260413,6.31,6.67,6.31,6.63,2462336.0,6.33,6.2803,6.27,6.2752,6.2518,6.08,6.08,8.6885,2.5488,5.5677,5.7416,-10.2842

PRICE_WINDOW_180_ROW_080=20260414,6.72,6.76,6.62,6.72,2158639.0,6.422,6.317,6.3045,6.2877,6.2541,1.3575,7.3482,11.4428,2.1085,6.3801,6.5905,-9.0663

PRICE_WINDOW_180_ROW_081=20260415,6.76,6.8,6.46,6.63,1312442.0,6.49,6.3431,6.3315,6.2977,6.2556,-1.3393,5.4054,8.867,1.2354,4.5237,4.7145,-10.2842

PRICE_WINDOW_180_ROW_082=20260416,6.68,6.74,6.63,6.71,1245341.0,6.588,6.3736,6.3605,6.3058,6.2584,1.2066,7.8778,9.4617,1.1529,5.2774,5.4949,-9.2016

PRICE_WINDOW_180_ROW_083=20260417,6.71,6.76,6.54,6.59,1066156.0,6.656,6.3917,6.366,6.3122,6.2603,-1.7884,5.44,1.6975,1.0862,3.103,3.5187,-10.8254

PRICE_WINDOW_180_ROW_084=20260420,6.59,6.64,6.49,6.52,951094.0,6.634,6.4024,6.368,6.3193,6.2621,-1.0622,-1.6591,0.6173,1.0064,1.8374,2.3869,-11.7727

PRICE_WINDOW_180_ROW_085=20260421,6.5,6.51,6.31,6.43,992789.0,6.576,6.4047,6.369,6.325,6.2628,-1.3804,-4.3155,0.312,1.1031,0.3956,0.9578,-12.9905

PRICE_WINDOW_180_ROW_086=20260422,6.43,6.43,6.33,6.39,1115086.0,6.528,6.4034,6.3755,6.3295,6.2622,-0.6221,-3.6199,2.0767,1.2242,-0.2099,0.2274,-13.5318

PRICE_WINDOW_180_ROW_087=20260423,6.36,6.38,6.2,6.32,1433961.0,6.45,6.3965,6.381,6.3318,6.2613,-1.0955,-5.8122,1.7713,1.4951,-1.1958,-0.956,-14.479

PRICE_WINDOW_180_ROW_088=20260424,6.32,6.35,6.21,6.23,597355.0,6.378,6.3826,6.3845,6.3332,6.2598,-1.4241,-5.4628,1.1364,0.6255,-2.3911,-2.4199,-15.6969

PRICE_WINDOW_180_ROW_089=20260427,6.25,6.25,6.13,6.19,1076557.0,6.312,6.3666,6.382,6.3323,6.2564,-0.6421,-5.0613,-0.8013,1.1057,-2.7733,-3.0085,-16.2382

PRICE_WINDOW_180_ROW_090=20260428,6.19,6.3,6.16,6.27,613318.0,6.28,6.3585,6.3825,6.334,6.2527,1.2924,-2.4883,0.1597,0.6279,-1.3921,-1.7626,-15.1556

PRICE_WINDOW_180_ROW_091=20260429,6.21,6.21,6.11,6.14,1190143.0,6.23,6.3403,6.373,6.3335,6.2486,-2.0734,-3.9124,-3.0016,1.195,-3.1593,-3.656,-16.9147

PRICE_WINDOW_180_ROW_092=20260430,6.15,6.15,6.01,6.11,1848624.0,6.188,6.3211,6.37,6.3332,6.2445,-0.4886,-3.3228,-0.9724,1.7509,-3.3398,-4.0816,-17.3207

PRICE_WINDOW_180_ROW_093=20260504,6.11,6.11,5.99,6.0,1354007.0,6.142,6.2944,6.3575,6.3298,6.2398,-1.8003,-3.6918,-4.0,1.2306,-4.6765,-5.6233,-18.8092

PRICE_WINDOW_180_ROW_094=20260505,6.0,6.0,5.91,5.96,1627653.0,6.096,6.2665,6.343,6.3155,6.2349,-0.6667,-3.7157,-4.64,1.3963,-4.891,-6.0382,-19.3505

PRICE_WINDOW_180_ROW_095=20260506,5.96,6.02,5.93,6.01,1128148.0,6.044,6.2451,6.3305,6.298,6.2307,0.8389,-4.1467,-3.9936,0.9484,-3.7648,-5.0628,-14.3875

PRICE_WINDOW_180_ROW_096=20260507,6.0,6.01,5.95,5.98,773228.0,6.012,6.223,6.315,6.2847,6.2266,-0.4992,-2.6059,-4.9285,0.643,-3.9052,-5.3048,-12.0588

PRICE_WINDOW_180_ROW_097=20260508,5.97,6.02,5.97,6.0,721460.0,5.99,6.2044,6.304,6.2742,6.2233,0.3344,-1.8003,-3.537,0.5963,-3.295,-4.8223,-11.7647

PRICE_WINDOW_180_ROW_098=20260511,6.0,6.02,5.93,5.96,823589.0,5.982,6.1841,6.2895,6.2647,6.2204,-0.6667,-0.6667,-4.64,0.6725,-3.6233,-5.2389,-12.3529

PRICE_WINDOW_180_ROW_099=20260512,5.96,5.99,5.92,5.93,934504.0,5.976,6.1629,6.2545,6.2577,6.2164,-0.5034,-0.5034,-10.5581,0.8139,-3.779,-5.1883,-12.7941

PRICE_WINDOW_180_ROW_100=20260513,5.93,5.95,5.88,5.9,1236406.0,5.954,6.141,6.2135,6.2515,6.212,-0.5059,-1.8303,-12.2024,1.1219,-3.9243,-5.0455,-13.2353

PRICE_WINDOW_180_ROW_101=20260514,5.93,6.03,5.86,5.95,2033082.0,5.948,6.1251,6.1795,6.2443,6.2092,0.8475,-0.5017,-10.2564,1.7863,-2.8583,-3.7139,-12.5

PRICE_WINDOW_180_ROW_102=20260515,5.98,5.99,5.81,5.81,1535885.0,5.91,6.0988,6.1345,6.2347,6.2056,-2.3529,-3.1667,-13.4128,1.3325,-4.7356,-5.2898,-14.5588

PRICE_WINDOW_180_ROW_103=20260518,5.82,6.01,5.77,5.95,1177117.0,5.908,6.0864,6.1025,6.229,6.2022,2.4096,-0.1678,-9.7117,1.0163,-2.2413,-2.499,-12.5

PRICE_WINDOW_180_ROW_104=20260519,5.96,6.02,5.88,5.92,907745.0,5.906,6.0725,6.0725,6.2235,6.1988,-0.5042,-0.1686,-9.2025,0.7852,-2.5121,-2.5113,-12.9412

PRICE_WINDOW_180_ROW_105=20260520,5.9,5.96,5.88,5.93,571044.0,5.912,6.0607,6.0475,6.2182,6.1954,0.1689,0.5085,-7.776,0.5031,-2.156,-1.943,-12.7941

PRICE_WINDOW_180_ROW_106=20260521,5.93,5.96,5.9,5.95,846091.0,5.912,6.0514,6.0255,6.2125,6.1933,0.3373,0.0,-6.8858,0.7544,-1.6764,-1.253,-12.5

PRICE_WINDOW_180_ROW_107=20260522,5.95,5.96,5.9,5.95,986173.0,5.94,6.043,6.007,6.2058,6.192,0.0,2.4096,-5.8544,0.8972,-1.5388,-0.9489,-12.5

PRICE_WINDOW_180_ROW_108=20260525,5.96,5.98,5.88,5.93,1374539.0,5.936,6.0336,5.992,6.1983,6.1907,-0.3361,-0.3361,-4.8154,1.2079,-1.7167,-1.0347,-12.7941

PRICE_WINDOW_180_ROW_109=20260526,5.93,5.94,5.85,5.85,852648.0,5.922,6.0183,5.975,6.1892,6.1886,-1.3491,-1.1824,-5.4927,0.7567,-2.7961,-2.0921,-13.9706

PRICE_WINDOW_180_ROW_110=20260527,5.86,5.86,5.75,5.79,1167632.0,5.894,5.9993,5.951,6.1793,6.1864,-1.0256,-2.3609,-7.6555,1.0114,-3.488,-2.7054,-14.8529

PRICE_WINDOW_180_ROW_111=20260528,5.79,6.02,5.75,6.01,2962558.0,5.906,6.0002,5.9445,6.1737,6.1862,3.7997,1.0084,-2.1173,2.3832,0.1642,1.1019,-11.6176

PRICE_WINDOW_180_ROW_112=20260529,6.05,6.35,6.0,6.25,3336213.0,5.966,6.021,5.9515,6.1732,6.1884,3.9933,5.042,2.2913,2.5323,3.8039,5.0155,-8.0882

PRICE_WINDOW_180_ROW_113=20260601,6.26,6.78,6.25,6.74,5062297.0,6.128,6.0809,5.9885,6.1843,6.1946,7.84,13.6594,12.3333,3.3684,10.839,12.5491,-0.8824

PRICE_WINDOW_180_ROW_114=20260602,6.9,6.98,6.62,6.8,5044759.0,6.318,6.1408,6.0305,6.1965,6.2012,0.8902,16.2393,14.094,3.014,10.7345,12.7601,-2.5788

PRICE_WINDOW_180_ROW_115=20260603,6.8,7.48,6.78,7.48,10898064.0,6.656,6.2524,6.104,6.2167,6.2132,10.0,29.1883,24.4592,5.0401,19.6338,22.5426,0.0

PRICE_WINDOW_180_ROW_116=20260604,7.83,7.9,7.03,7.16,11261018.0,6.886,6.328,6.163,6.2353,6.2226,-4.2781,19.1348,19.7324,4.1915,13.1471,16.1772,-9.3671

PRICE_WINDOW_180_ROW_117=20260605,7.15,7.15,6.7,6.85,4225906.0,7.006,6.3715,6.2055,6.249,6.2291,-4.3296,9.6,14.1667,1.4766,7.5093,10.3859,-13.2911

PRICE_WINDOW_180_ROW_118=20260608,6.32,7.17,6.32,7.1,3409641.0,7.078,6.4322,6.2625,6.2652,6.2376,3.6496,5.3412,19.1275,1.1399,10.3813,13.3733,-10.1266

PRICE_WINDOW_180_ROW_119=20260609,7.07,7.13,6.9,6.93,2239386.0,7.104,6.4737,6.3125,6.279,6.2437,-2.3944,1.9118,16.8634,0.7327,7.0481,9.7822,-12.2785

PRICE_WINDOW_180_ROW_120=20260610,6.95,6.96,6.78,6.78,1939343.0,6.964,6.4992,6.3565,6.2915,6.2488,-2.1645,-9.3583,14.9153,0.6273,4.3197,6.6625,-14.1772

PRICE_WINDOW_180_ROW_121=20260611,7.05,7.2,6.93,7.05,2909996.0,6.942,6.5451,6.4115,6.3075,6.2568,3.9823,-1.5363,18.4874,0.9281,7.7134,9.9587,-10.7595

PRICE_WINDOW_180_ROW_122=20260612,7.12,7.33,7.05,7.25,2914588.0,7.022,6.6039,6.4835,6.3262,6.2664,2.8369,5.8394,24.7849,0.9096,9.7839,11.8223,-8.2278

PRICE_WINDOW_180_ROW_123=20260615,7.49,7.49,7.16,7.2,2193730.0,7.042,6.6536,6.546,6.3382,6.2757,-0.6897,1.4085,21.0084,0.6739,8.2127,9.9908,-8.8608

PRICE_WINDOW_180_ROW_124=20260616,7.2,7.24,7.03,7.04,1510435.0,7.064,6.6858,6.602,6.3475,6.284,-2.2222,1.5873,18.9189,0.4598,5.2984,6.6344,-10.8861

PRICE_WINDOW_180_ROW_125=20260617,7.04,7.17,7.04,7.07,826234.0,7.122,6.7178,6.659,6.3585,6.2922,0.4261,4.2773,19.2243,0.2505,5.2431,6.1721,-10.5063

PRICE_WINDOW_180_ROW_126=20260618,7.04,7.19,7.0,7.04,1596752.0,7.12,6.7446,6.7135,6.3715,6.3,-0.4243,-0.1418,18.3193,0.4787,4.3793,4.8633,-10.8861

PRICE_WINDOW_180_ROW_127=20260622,7.05,7.1,6.98,7.01,2003306.0,7.072,6.7667,6.7665,6.3848,6.3079,-0.4261,-3.3103,17.8151,0.5916,3.5948,3.5986,-11.2658

PRICE_WINDOW_180_ROW_128=20260623,7.01,7.01,6.85,6.92,1441637.0,7.016,6.7795,6.816,6.3975,6.3154,-1.2839,-3.8889,16.6948,0.4253,2.0721,1.5258,-12.4051

PRICE_WINDOW_180_ROW_129=20260624,6.99,7.01,6.87,6.92,1168265.0,6.992,6.7912,6.8695,6.4088,6.3228,0.0,-1.7045,18.2906,0.343,1.8962,0.7351,-12.4051

PRICE_WINDOW_180_ROW_130=20260625,6.92,7.06,6.92,6.93,1375929.0,6.964,6.8028,6.9265,6.42,6.3303,0.1445,-1.9802,19.6891,0.4028,1.87,0.0505,-12.2785

PRICE_WINDOW_180_ROW_131=20260626,7.01,7.5,6.96,7.41,5504724.0,7.038,6.8534,6.9965,6.438,6.3411,6.9264,5.2557,23.2945,1.5536,8.1217,5.9101,-6.2025

PRICE_WINDOW_180_ROW_132=20260629,7.59,8.15,7.59,8.15,13365937.0,7.266,6.9614,7.0915,6.471,6.3577,9.9865,16.2625,30.4,3.3046,17.0734,14.9263,0.0

PRICE_WINDOW_180_ROW_133=20260630,8.65,8.96,8.15,8.96,16896428.0,7.674,7.128,7.2025,6.5162,6.3815,9.9387,29.4798,32.9377,3.6444,25.7017,24.4012,0.0

PRICE_WINDOW_180_ROW_134=20260701,9.45,9.8,9.09,9.35,29803303.0,8.16,7.3132,7.33,6.5678,6.4087,4.3527,35.1156,37.5,5.0736,27.8518,27.558,-4.5918

PRICE_WINDOW_180_ROW_135=20260702,9.4,10.25,9.06,10.0,27616757.0,8.774,7.5371,7.456,6.6302,6.4413,6.9519,44.3001,33.6898,4.1157,32.6777,34.1202,-2.439

PRICE_WINDOW_180_ROW_136=20260703,10.1,10.2,9.5,9.95,19713967.0,9.282,7.7381,7.5955,6.6912,6.4737,-0.5,34.278,38.9665,2.7638,28.5839,30.9986,-2.9268

PRICE_WINDOW_180_ROW_137=20260706,10.0,10.0,9.15,9.15,15947409.0,9.482,7.8558,7.7105,6.74,6.4998,-8.0402,12.2699,33.5766,2.066,16.4746,18.6693,-10.7317

PRICE_WINDOW_180_ROW_138=20260707,9.15,9.37,8.82,8.93,8508199.0,9.476,7.9453,7.802,6.7847,6.5244,-2.4044,-0.3348,25.7746,1.067,12.3933,14.4578,-12.878

PRICE_WINDOW_180_ROW_139=20260708,8.94,8.98,8.5,8.6,4939792.0,9.326,7.9999,7.8855,6.8175,6.5463,-3.6954,-8.0214,24.0981,0.6092,7.5018,9.0609,-16.0976

PRICE_WINDOW_180_ROW_140=20260709,8.6,8.6,8.21,8.23,4633610.0,8.972,8.019,7.958,6.8427,6.5652,-4.3023,-17.7,21.3864,0.5621,2.6307,3.4179,-19.7073

PRICE_WINDOW_180_ROW_141=20260713,8.26,8.58,8.01,8.07,4228751.0,8.596,8.0233,8.009,6.8667,6.5822,-1.9441,-18.8945,14.4681,0.5089,0.5822,0.7616,-21.2683

PRICE_WINDOW_180_ROW_142=20260714,8.23,8.32,7.82,8.07,3559165.0,8.38,8.0272,8.05,6.8893,6.5976,0.0,-11.8033,11.3103,0.4267,0.5334,0.2484,-21.2683

PRICE_WINDOW_180_ROW_143=20260715,8.11,8.87,8.02,8.87,6368468.0,8.368,8.0974,8.1335,6.9273,6.6198,9.9133,-0.6719,23.1944,0.7448,9.5411,9.0551,-13.4634

PRICE_WINDOW_180_ROW_144=20260716,8.78,8.83,8.2,8.2,6158436.0,8.288,8.106,8.1915,6.9553,6.6373,-7.5536,-4.6512,16.4773,0.7012,1.16,0.1038,-20.0

PRICE_WINDOW_180_ROW_145=20260717,8.14,8.27,8.0,8.12,3683916.0,8.266,8.1071,8.244,6.9835,6.6542,-0.9756,-1.3366,14.8515,0.4127,0.1587,-1.5041,-20.7805

PRICE_WINDOW_180_ROW_146=20260720,8.13,8.3,7.9,8.1,2910032.0,8.272,8.1065,8.297,7.012,6.6708,-0.2463,0.3717,15.0568,0.3236,-0.0807,-2.3744,-20.9756

PRICE_WINDOW_180_ROW_147=20260721,8.11,8.14,7.92,8.09,1851103.0,8.276,8.1052,8.351,7.0415,6.6867,-0.1235,0.2478,15.4066,0.206,-0.1871,-3.1254,-21.0732

PRICE_WINDOW_180_ROW_148=20260722,8.11,8.19,7.97,8.05,2705154.0,8.112,8.1006,8.4075,7.0718,6.7025,-0.4944,-9.2446,16.3295,0.299,-0.6242,-4.2522,-21.4634

PRICE_WINDOW_180_ROW_149=20260723,7.99,8.1,7.76,8.1,2613539.0,8.092,8.1005,8.4665,7.1037,6.718,0.6211,-1.2195,17.052,0.2866,-0.0064,-4.3288,-20.9756

PRICE_WINDOW_180_ROW_150=20260724,8.07,8.07,7.83,8.0,1452706.0,8.068,8.0921,8.52,7.1325,6.7332,-1.2346,-1.4778,15.4401,0.1592,-1.1387,-6.1033,-21.9512

PRICE_WINDOW_180_ROW_151=20260727,7.9,7.9,7.68,7.73,1569799.0,7.994,8.062,8.536,7.159,6.7462,-3.375,-4.5679,4.3185,0.1759,-4.1177,-9.4424,-24.5854

PRICE_WINDOW_180_ROW_152=20260728,7.56,7.6,7.38,7.4,1633931.0,7.856,8.0068,8.4985,7.1805,6.7568,-4.2691,-8.529,-9.2025,0.1959,-7.5786,-12.9258,-27.8049

PRICE_WINDOW_180_ROW_153=20260729,7.51,7.51,7.1,7.21,2485406.0,7.688,7.9404,8.411,7.2007,6.7652,-2.5676,-10.4348,-19.5313,0.3262,-9.1985,-14.2789,-29.6585

PRICE_WINDOW_180_ROW_154=20260730,7.13,7.2,6.99,7.02,1444504.0,7.472,7.8637,8.2945,7.2183,6.7669,-2.6352,-13.3333,-24.9198,0.2329,-10.7291,-15.3656,-31.5122

PRICE_WINDOW_180_ROW_155=20260731,7.14,7.24,7.03,7.05,1539053.0,7.282,7.7959,8.147,7.2357,6.7668,0.4274,-11.875,-29.5,0.3143,-9.5678,-13.4651,-31.2195

PRICE_WINDOW_180_ROW_156=20260803,7.05,7.35,6.96,7.15,1120612.0,7.166,7.7421,8.007,7.2552,6.7699,1.4184,-7.5032,-28.1407,0.2824,-7.6474,-10.7031,-30.2439

PRICE_WINDOW_180_ROW_157=20260804,7.15,7.19,7.03,7.14,856920.0,7.114,7.6919,7.9065,7.2742,6.7742,-0.1399,-3.5135,-21.9672,0.2667,-7.175,-9.6946,-30.3415

PRICE_WINDOW_180_ROW_158=20260805,7.16,7.25,7.15,7.16,1334372.0,7.104,7.6476,7.818,7.2942,6.7794,0.2801,-0.6935,-19.8208,0.4675,-6.3755,-8.4165,-30.1463

PRICE_WINDOW_180_ROW_159=20260806,7.16,7.35,7.1,7.2,1365636.0,7.14,7.6103,7.748,7.3153,6.7865,0.5587,2.5641,-16.2791,0.5104,-5.391,-7.0728,-29.7561

PRICE_WINDOW_180_ROW_160=20260807,7.2,7.28,7.17,7.26,1098738.0,7.182,7.5811,7.6995,7.338,6.7948,0.8333,2.9787,-11.7861,0.4397,-4.2353,-5.7082,-29.1707

PRICE_WINDOW_180_ROW_161=20260810,7.15,7.32,7.15,7.26,1067523.0,7.204,7.5543,7.659,7.3598,6.8021,0.0,1.5385,-10.0372,0.456,-3.8961,-5.2096,-29.1707

PRICE_WINDOW_180_ROW_162=20260811,7.25,7.25,7.05,7.14,1144806.0,7.204,7.5198,7.6125,7.382,6.8083,-1.6529,0.0,-11.5242,0.5156,-5.0507,-6.2069,-30.3415

PRICE_WINDOW_180_ROW_163=20260812,7.15,7.3,7.1,7.25,1627073.0,7.222,7.4973,7.5315,7.4037,6.8163,1.5406,1.257,-18.2638,0.8204,-3.2987,-3.7376,-29.2683

PRICE_WINDOW_180_ROW_164=20260813,7.24,7.3,7.12,7.22,1050101.0,7.226,7.4742,7.4825,7.4253,6.8244,-0.4138,0.2778,-11.9512,0.6078,-3.4011,-3.5082,-29.561

PRICE_WINDOW_180_ROW_165=20260814,7.2,7.22,7.12,7.2,703770.0,7.214,7.4514,7.4365,7.4465,6.8323,-0.277,-0.8264,-11.33,0.4458,-3.3733,-3.1803,-29.7561

PRICE_WINDOW_180_ROW_166=20260817,7.2,7.2,7.07,7.13,1309268.0,7.188,7.4246,7.388,7.4662,6.8393,-0.9722,-1.7906,-11.9753,0.8736,-3.9676,-3.4921,-30.439

PRICE_WINDOW_180_ROW_167=20260818,7.1,7.54,7.1,7.3,2402335.0,7.22,7.4142,7.3485,7.4887,6.8472,2.3843,2.2409,-9.7651,1.574,-1.5402,-0.66,-28.7805

PRICE_WINDOW_180_ROW_168=20260819,7.3,7.34,7.1,7.14,1489439.0,7.198,7.3913,7.303,7.5088,6.8536,-2.1918,-1.5172,-11.3043,1.0164,-3.4005,-2.232,-30.3415

PRICE_WINDOW_180_ROW_169=20260820,7.15,7.42,7.15,7.36,1287827.0,7.226,7.3887,7.266,7.534,6.8616,3.0812,1.9391,-9.1358,0.9204,-0.3889,1.2937,-28.1951

PRICE_WINDOW_180_ROW_170=20260821,7.51,7.56,7.3,7.52,1711884.0,7.29,7.3997,7.242,7.5628,6.8711,2.1739,4.4444,-6.0,1.2123,1.6261,3.8387,-26.6341

PRICE_WINDOW_180_ROW_171=20260824,7.56,7.71,7.3,7.31,2861422.0,7.326,7.3922,7.221,7.5845,6.8791,-2.7926,2.5245,-5.4334,1.9377,-1.112,1.2325,-28.6829

PRICE_WINDOW_180_ROW_172=20260825,7.31,7.31,7.15,7.17,1109944.0,7.3,7.3737,7.2095,7.5998,6.8865,-1.9152,-1.7808,-3.1081,0.7652,-2.7623,-0.5479,-30.0488

PRICE_WINDOW_180_ROW_173=20260826,7.18,7.27,7.16,7.21,1052346.0,7.314,7.36,7.2095,7.6077,6.896,0.5579,0.9804,0.0,0.7632,-2.0386,0.0069,-29.6585

PRICE_WINDOW_180_ROW_174=20260827,7.2,7.26,7.16,7.16,1128348.0,7.274,7.3434,7.2165,7.6137,6.9051,-0.6935,-2.7174,1.9943,0.8278,-2.4971,-0.7829,-30.1463

PRICE_WINDOW_180_ROW_175=20260828,7.2,7.3,7.16,7.17,876247.0,7.204,7.3289,7.2225,7.6085,6.9126,0.1397,-4.6543,1.7021,0.6589,-2.1685,-0.7269,-30.0488

PRICE_WINDOW_180_ROW_176=20260831,7.17,7.17,7.08,7.09,1123537.0,7.16,7.309,7.2195,7.6073,6.9213,-1.1158,-3.0096,-0.8392,0.8447,-2.9965,-1.7938,-30.8293

PRICE_WINDOW_180_ROW_177=20260901,7.0,7.29,6.98,7.08,1885405.0,7.142,7.2899,7.2165,7.6112,6.9301,-0.141,-1.2552,-0.8403,1.3648,-2.8797,-1.8915,-30.9268

PRICE_WINDOW_180_ROW_178=20260902,7.08,7.25,7.08,7.2,1519107.0,7.14,7.2824,7.2185,7.6128,6.939,1.6949,-0.1387,0.5587,1.0923,-1.132,-0.2563,-29.7561

PRICE_WINDOW_180_ROW_179=20260903,7.21,7.47,7.1,7.1,2292326.0,7.128,7.2672,7.2135,7.6157,6.9473,-1.3889,-0.838,-1.3889,1.5951,-2.3012,-1.5734,-30.7317

PRICE_WINDOW_180_ROW_180=20260904,7.12,7.16,7.0,7.09,1918026.0,7.112,7.2525,7.205,7.6208,6.9562,-0.1408,-1.1158,-2.3416,1.2977,-2.2401,-1.5961,-30.8293
