# PRICE_WINDOW_180

columns=date,open,high,low,close,volume,ma5,ema23,ma20,ma60,ma120,return_1d,return_5d,return_20d,volume_ratio,distance_to_ema23_pct,distance_to_ma20_pct,distance_to_high_60_pct

PRICE_WINDOW_180_ROW_001=20251124,302.0,307.5,300.0,306.0,1236526.0,302.0,310.2955,307.85,324.55,321.2208,2.3411,-2.2364,-3.0111,0.7385,-1.3843,-0.6009,-14.4056

PRICE_WINDOW_180_ROW_002=20251125,310.0,311.0,307.5,309.5,977223.0,304.3,310.2292,307.675,324.1417,321.5458,1.1438,3.8591,-1.1182,0.5955,-0.2351,0.5932,-13.4266

PRICE_WINDOW_180_ROW_003=20251126,311.0,323.5,310.5,318.5,3460413.0,308.6,310.9185,308.125,323.7667,321.9292,2.9079,7.2391,2.9079,2.0929,2.4384,3.3671,-10.9091

PRICE_WINDOW_180_ROW_004=20251127,323.0,323.0,317.5,318.5,1476916.0,310.3,311.5502,308.6,323.2917,322.275,0.0,2.7419,3.0744,0.9032,2.2307,3.208,-10.9091

PRICE_WINDOW_180_ROW_005=20251128,317.5,322.0,317.5,321.0,957543.0,314.7,312.3377,308.925,322.825,322.5667,0.7849,7.3579,2.0668,0.6007,2.7734,3.9087,-10.2098

PRICE_WINDOW_180_ROW_006=20251201,321.5,326.0,316.5,317.0,997208.0,316.9,312.7263,309.075,322.3917,322.8375,-1.2461,3.5948,0.9554,0.6259,1.3666,2.5641,-11.3287

PRICE_WINDOW_180_ROW_007=20251202,319.0,326.0,317.0,322.0,2227265.0,319.4,313.4991,309.9,322.2667,323.125,1.5773,4.0388,5.401,1.3739,2.7116,3.9045,-9.9301

PRICE_WINDOW_180_ROW_008=20251203,325.0,335.0,318.0,329.5,5595766.0,321.6,314.8325,310.925,322.1833,323.4417,2.3292,3.4537,6.6343,3.0773,4.6588,5.9741,-7.8322

PRICE_WINDOW_180_ROW_009=20251204,329.5,345.0,328.0,331.0,6353546.0,324.1,316.1798,311.975,322.075,323.8083,0.4552,3.9246,6.7742,3.089,4.6873,6.0982,-7.4126

PRICE_WINDOW_180_ROW_010=20251205,334.5,346.0,334.5,342.0,6823953.0,328.3,318.3315,314.0,322.1083,324.3125,3.3233,6.5421,13.4328,3.0054,7.4352,8.9172,-4.3357

PRICE_WINDOW_180_ROW_011=20251208,344.0,365.0,344.0,361.0,10724912.0,337.1,321.8872,316.8,322.3917,324.825,5.5556,13.8801,18.3607,3.8728,12.1511,13.952,-1.0959

PRICE_WINDOW_180_ROW_012=20251209,360.5,361.0,348.0,352.0,6826428.0,343.1,324.3966,318.825,322.7,325.2083,-2.4931,9.3168,13.0016,2.2639,8.5092,10.4054,-3.5616

PRICE_WINDOW_180_ROW_013=20251210,354.0,358.0,348.0,355.0,3030954.0,348.2,326.9469,321.05,323.0417,325.7333,0.8523,7.739,14.3317,0.9725,8.5803,10.5747,-2.7397

PRICE_WINDOW_180_ROW_014=20251211,356.0,369.0,354.0,358.5,5776065.0,353.7,329.5763,323.575,323.5333,326.3333,0.9859,8.3082,16.3961,1.7345,8.776,10.7935,-2.8455

PRICE_WINDOW_180_ROW_015=20251212,358.5,379.5,358.5,369.0,6546003.0,359.1,332.8616,326.375,324.25,327.0375,2.9289,7.8947,17.8914,1.8356,10.8569,13.0601,-2.7668

PRICE_WINDOW_180_ROW_016=20251215,363.5,382.0,362.0,377.0,4621389.0,362.3,336.5398,329.575,325.0,327.7833,2.168,4.4321,20.4473,1.2545,12.0224,14.3897,-1.3089

PRICE_WINDOW_180_ROW_017=20251216,376.0,386.0,361.0,370.0,5962215.0,365.9,339.3281,333.175,325.775,328.2333,-1.8568,5.1136,24.1611,1.5352,9.039,11.0528,-4.1451

PRICE_WINDOW_180_ROW_018=20251217,374.0,379.0,363.5,366.0,3302991.0,368.1,341.5508,336.625,326.4417,328.5875,-1.0811,3.0986,23.2323,0.8269,7.1583,8.7263,-5.1813

PRICE_WINDOW_180_ROW_019=20251218,365.0,365.5,354.5,361.5,2982724.0,368.7,343.2132,339.2,326.9333,328.9,-1.2295,0.8368,16.6129,0.7327,5.3281,6.5743,-6.3472

PRICE_WINDOW_180_ROW_020=20251219,369.5,375.0,364.5,365.0,1968595.0,367.9,345.0288,342.5,327.4667,329.3042,0.9682,-1.084,22.0736,0.481,5.7883,6.5693,-5.4404

PRICE_WINDOW_180_ROW_021=20251222,373.0,376.0,365.0,366.0,2292397.0,365.7,346.7764,345.5,327.9167,329.6833,0.274,-2.9178,19.6078,0.553,5.5435,5.9334,-5.1813

PRICE_WINDOW_180_ROW_022=20251223,370.0,373.0,366.5,370.5,1765661.0,365.8,348.7534,348.55,328.3083,330.0917,1.2295,0.1351,19.7092,0.4219,6.2355,6.2975,-4.0155

PRICE_WINDOW_180_ROW_023=20251224,372.0,379.0,367.5,371.0,2236220.0,366.8,350.6073,351.175,328.825,330.5208,0.135,1.3661,16.4835,0.5423,5.8164,5.6453,-3.886

PRICE_WINDOW_180_ROW_024=20251226,373.5,377.5,368.5,375.0,1809066.0,369.5,352.64,354.0,329.6083,330.8958,1.0782,3.7344,17.7394,0.437,6.3408,5.9322,-2.8497

PRICE_WINDOW_180_ROW_025=20251229,379.0,381.5,372.0,377.5,2502077.0,372.0,354.7116,356.825,330.3083,331.3708,0.6667,3.4247,17.6012,0.5933,6.4245,5.7942,-2.2021

PRICE_WINDOW_180_ROW_026=20251230,376.0,400.0,375.5,399.0,7308779.0,378.6,358.4023,360.925,331.2333,332.0125,5.6954,9.0164,25.8675,1.6124,11.3274,10.5493,-0.25

PRICE_WINDOW_180_ROW_027=20251231,408.0,414.0,392.0,396.5,5569941.0,383.8,361.5771,364.65,332.1333,332.425,-0.6266,7.0175,23.1366,1.1851,9.6585,8.7344,-4.2271

PRICE_WINDOW_180_ROW_028=20260102,402.0,414.0,398.5,407.0,4630899.0,391.0,365.3624,368.525,333.2333,332.8833,2.6482,9.7035,23.5205,0.9955,11.3963,10.4403,-1.6908

PRICE_WINDOW_180_ROW_029=20260105,412.5,432.0,408.0,422.5,6246327.0,400.5,370.1239,373.1,334.6833,333.4292,3.8084,12.6667,27.6435,1.3443,14.151,13.2404,-2.1991

PRICE_WINDOW_180_ROW_030=20260106,428.0,439.0,417.0,433.0,4406524.0,411.6,375.3635,377.65,336.4583,334.1375,2.4852,14.702,26.6082,0.9737,15.3548,14.6564,-1.3667

PRICE_WINDOW_180_ROW_031=20260107,434.5,442.5,418.5,422.0,4593283.0,416.2,379.2499,380.7,338.0083,334.7708,-2.5404,5.7644,16.8975,1.0887,11.2723,10.8484,-4.6328

PRICE_WINDOW_180_ROW_032=20260108,418.5,420.0,409.0,412.5,2341219.0,419.4,382.0207,383.725,339.5083,335.2542,-2.2512,4.0353,17.1875,0.5861,7.9784,7.4989,-6.7797

PRICE_WINDOW_180_ROW_033=20260109,411.0,414.5,405.0,409.5,1816278.0,419.9,384.3107,386.45,341.1,335.7458,-0.7273,0.6143,15.3521,0.4617,6.5544,5.9645,-7.4576

PRICE_WINDOW_180_ROW_034=20260112,419.5,422.0,411.0,416.5,1808702.0,418.7,386.9931,389.35,342.475,336.2,1.7094,-1.4201,16.1785,0.4842,7.6247,6.9732,-5.8757

PRICE_WINDOW_180_ROW_035=20260113,422.0,430.5,416.5,421.5,2875270.0,416.4,389.8687,391.975,343.7833,336.6875,1.2005,-2.6559,14.2276,0.8095,8.1133,7.5324,-4.7458

PRICE_WINDOW_180_ROW_036=20260114,424.0,433.0,419.0,423.5,3679686.0,416.7,392.6713,394.3,345.375,337.2458,0.4745,0.3555,12.3342,1.0499,7.851,7.4055,-4.2938

PRICE_WINDOW_180_ROW_037=20260115,421.0,430.0,414.0,430.0,3015851.0,420.2,395.782,397.3,347.15,337.975,1.5348,4.2424,16.2162,0.8982,8.6457,8.2306,-2.8249

PRICE_WINDOW_180_ROW_038=20260116,450.0,472.5,421.0,423.5,10679478.0,423.0,398.0919,400.175,348.8583,338.6458,-1.5116,3.4188,15.7104,2.8659,6.3825,5.8287,-10.3704

PRICE_WINDOW_180_ROW_039=20260119,426.0,431.0,413.5,422.5,3405409.0,424.2,400.1259,403.225,350.5667,339.2875,-0.2361,1.4406,16.8741,0.9087,5.5918,4.7802,-10.582

PRICE_WINDOW_180_ROW_040=20260120,422.5,429.5,418.5,425.0,2097246.0,424.9,402.1987,406.225,352.35,339.9125,0.5917,0.8304,16.4384,0.5587,5.6692,4.6218,-10.0529

PRICE_WINDOW_180_ROW_041=20260121,423.0,429.0,418.0,423.0,2834219.0,424.8,403.9322,409.075,354.1417,340.5083,-0.4706,-0.1181,15.5738,0.7496,4.7206,3.404,-10.4762

PRICE_WINDOW_180_ROW_042=20260122,427.5,434.5,423.5,431.5,3289992.0,425.1,406.2295,412.125,356.1167,341.2458,2.0095,0.3488,16.4642,0.8529,6.2208,4.7012,-8.6772

PRICE_WINDOW_180_ROW_043=20260123,435.0,435.0,422.0,430.0,2165931.0,426.4,408.2104,415.075,358.125,341.9417,-0.3476,1.5348,15.903,0.562,5.3378,3.5957,-8.9947

PRICE_WINDOW_180_ROW_044=20260126,430.0,434.0,418.5,419.5,2413243.0,425.8,409.1512,417.3,359.9667,342.725,-2.4419,-0.7101,11.8667,0.6213,2.5293,0.5272,-11.2169

PRICE_WINDOW_180_ROW_045=20260127,422.5,434.0,420.0,431.5,3079703.0,427.1,411.0136,420.0,361.9167,343.7083,2.8605,1.5294,14.3046,0.7871,4.9844,2.7381,-8.6772

PRICE_WINDOW_180_ROW_046=20260128,433.0,440.0,422.0,427.5,2129627.0,428.0,412.3874,421.425,363.8083,344.6792,-0.927,1.0638,7.1429,0.5828,3.6647,1.4415,-9.5238

PRICE_WINDOW_180_ROW_047=20260129,430.0,438.0,423.0,429.0,2027101.0,427.5,413.7718,423.05,365.8667,345.6833,0.3509,-0.5794,8.1967,0.583,3.6803,1.4065,-9.2063

PRICE_WINDOW_180_ROW_048=20260130,428.0,428.0,401.0,406.5,3142665.0,422.8,413.1658,423.025,367.4917,346.5583,-5.2448,-5.4651,-0.1229,0.9237,-1.6134,-3.9064,-13.9683

PRICE_WINDOW_180_ROW_049=20260202,400.0,417.5,399.5,415.0,2163964.0,421.9,413.3187,422.65,369.2417,347.4667,2.091,-1.0727,-1.7751,0.6766,0.4068,-1.81,-12.1693

PRICE_WINDOW_180_ROW_050=20260203,421.5,427.5,409.0,414.0,2032054.0,418.4,413.3755,421.7,371.1167,348.3792,-0.241,-4.0556,-4.388,0.6599,0.1511,-1.8259,-12.381

PRICE_WINDOW_180_ROW_051=20260204,414.0,416.0,403.0,406.5,1898386.0,414.2,412.8025,420.925,372.8083,349.1917,-1.8116,-4.9123,-3.673,0.6447,-1.5268,-3.427,-13.9683

PRICE_WINDOW_180_ROW_052=20260205,401.0,413.5,401.0,405.0,1486854.0,409.4,412.1523,420.55,374.3667,350.0333,-0.369,-5.5944,-1.8182,0.5123,-1.7354,-3.6975,-14.2857

PRICE_WINDOW_180_ROW_053=20260206,402.0,402.5,386.0,396.0,1814876.0,407.3,410.8063,419.875,375.7917,350.7958,-2.2222,-2.583,-3.2967,0.6254,-3.6042,-5.6862,-16.1905

PRICE_WINDOW_180_ROW_054=20260209,407.5,417.5,406.5,411.5,1704297.0,406.6,410.8641,419.625,377.5167,351.6792,3.9141,-0.8434,-1.2005,0.5883,0.1548,-1.9363,-12.9101

PRICE_WINDOW_180_ROW_055=20260210,416.0,421.5,411.0,415.5,1216254.0,406.9,411.2504,419.325,379.225,352.6208,0.9721,0.3623,-1.4235,0.4322,1.0333,-0.9122,-12.0635

PRICE_WINDOW_180_ROW_056=20260211,415.5,427.5,412.0,425.0,2534882.0,410.6,412.3962,419.4,381.0917,353.625,2.2864,4.551,0.3542,0.9196,3.0562,1.3352,-10.0529

PRICE_WINDOW_180_ROW_057=20260223,440.0,467.5,439.0,467.5,5794116.0,423.1,416.9882,421.275,383.9167,354.925,10.0,15.4321,8.7209,2.0011,12.1135,10.9726,-1.0582

PRICE_WINDOW_180_ROW_058=20260224,465.0,504.0,451.5,498.0,7144396.0,443.5,423.7392,425.0,387.2667,356.5208,6.5241,25.7576,17.5915,2.6278,17.5251,17.1765,-1.1905

PRICE_WINDOW_180_ROW_059=20260225,498.0,501.0,482.0,494.5,3118472.0,460.1,429.6359,428.6,390.3417,357.9167,-0.7028,20.1701,17.0414,1.1531,15.0975,15.3756,-1.8849

PRICE_WINDOW_180_ROW_060=20260226,494.5,543.0,490.0,524.0,4738179.0,481.8,437.4996,433.55,394.0917,359.55,5.9656,26.1131,23.2941,1.6705,19.7715,20.8626,-3.4991

PRICE_WINDOW_180_ROW_061=20260302,495.0,522.0,495.0,506.0,2516930.0,498.0,443.2079,437.7,397.425,360.9875,-3.4351,19.0588,19.6217,0.8923,14.1676,15.6043,-6.814

PRICE_WINDOW_180_ROW_062=20260303,505.0,535.0,496.5,497.5,3048801.0,504.0,447.7323,441.0,400.5583,362.35,-1.6798,6.4171,15.2955,1.0855,11.1155,12.8118,-8.3794

PRICE_WINDOW_180_ROW_063=20260304,492.5,495.5,461.0,464.0,4760958.0,497.2,449.0879,442.7,402.9833,363.375,-6.7337,-6.8273,7.907,1.6203,3.3205,4.8114,-14.5488

PRICE_WINDOW_180_ROW_064=20260305,479.0,489.5,470.0,479.0,2464827.0,494.1,451.5806,445.675,405.6583,364.475,3.2328,-3.1345,14.1836,0.8381,6.0719,7.4774,-11.7864

PRICE_WINDOW_180_ROW_065=20260306,483.0,490.0,474.0,486.5,1521475.0,486.6,454.4906,448.425,408.4167,365.6208,1.5658,-7.1565,12.7462,0.5314,7.0429,8.4908,-10.4052

PRICE_WINDOW_180_ROW_066=20260309,451.0,456.5,443.0,451.0,1489672.0,475.6,454.1997,449.6,410.65,366.5208,-7.297,-10.8696,5.4971,0.5262,-0.7045,0.3114,-16.9429

PRICE_WINDOW_180_ROW_067=20260310,468.0,475.0,462.0,470.0,1623333.0,470.1,455.5164,451.65,413.1167,367.6917,4.2129,-5.5276,9.5571,0.5775,3.1796,4.0629,-13.4438

PRICE_WINDOW_180_ROW_068=20260311,475.5,489.5,463.5,482.5,3234491.0,473.8,457.765,455.45,415.6667,368.925,2.6596,3.9871,18.6962,1.1489,5.4034,5.9392,-11.1418

PRICE_WINDOW_180_ROW_069=20260312,472.0,474.0,447.0,456.0,4684785.0,469.2,457.6179,457.5,417.75,369.9125,-5.4922,-4.8017,9.8795,1.5927,-0.3536,-0.3279,-16.0221

PRICE_WINDOW_180_ROW_070=20260313,446.0,464.5,443.0,460.0,1698053.0,463.9,457.8164,459.8,419.7167,370.9125,0.8772,-5.4471,11.1111,0.5806,0.477,0.0435,-15.2855

PRICE_WINDOW_180_ROW_071=20260316,463.0,463.0,450.5,453.5,1505359.0,464.4,457.4567,462.15,421.2583,371.825,-1.413,0.5543,11.5621,0.5182,-0.8649,-1.8717,-16.4825

PRICE_WINDOW_180_ROW_072=20260317,459.0,461.0,447.0,451.5,2835378.0,460.7,456.9603,464.475,422.9167,372.8083,-0.441,-3.9362,11.4815,0.9539,-1.1949,-2.7935,-16.8508

PRICE_WINDOW_180_ROW_073=20260318,456.5,489.5,456.5,485.5,4874805.0,461.3,459.3386,468.95,425.0917,374.0667,7.5305,0.6218,22.601,1.5597,5.6954,3.5292,-10.5893

PRICE_WINDOW_180_ROW_074=20260319,475.0,478.5,463.5,467.0,3319233.0,463.5,459.9771,471.725,426.9,375.2167,-3.8105,2.4123,13.4872,1.0352,1.5268,-1.0016,-13.9963

PRICE_WINDOW_180_ROW_075=20260320,473.0,476.5,461.0,474.0,1962391.0,466.3,461.1457,474.65,428.65,376.45,1.4989,3.0435,14.0794,0.605,2.7875,-0.1369,-12.7072

PRICE_WINDOW_180_ROW_076=20260323,464.5,464.5,438.5,442.0,4067392.0,464.0,459.5502,475.5,429.7333,377.3667,-6.7511,-2.5358,4.0,1.2251,-3.819,-7.0452,-18.6004

PRICE_WINDOW_180_ROW_077=20260324,452.0,456.5,437.5,446.0,2369261.0,462.9,458.421,474.425,431.0,378.3875,0.905,-1.2182,-4.5989,0.7524,-2.7095,-5.9915,-17.8637

PRICE_WINDOW_180_ROW_078=20260325,454.0,466.5,452.0,459.5,1907709.0,457.7,458.5109,472.5,432.5583,379.5,3.0269,-5.3553,-7.7309,0.6608,0.2157,-2.7513,-15.3775

PRICE_WINDOW_180_ROW_079=20260326,464.0,467.5,456.0,461.0,1363871.0,456.5,458.7183,470.825,434.2167,380.575,0.3264,-1.2848,-6.7745,0.4872,0.4974,-2.0868,-15.1013

PRICE_WINDOW_180_ROW_080=20260327,457.0,459.5,445.5,459.5,1129287.0,453.6,458.7835,467.6,435.7917,381.6292,-0.3254,-3.0591,-12.3092,0.4312,0.1562,-1.7322,-15.3775

PRICE_WINDOW_180_ROW_081=20260330,447.0,450.0,439.0,449.0,1317038.0,455.0,457.9682,464.75,437.175,382.5458,-2.2851,1.5837,-11.2648,0.5147,-1.9583,-3.3889,-17.3112

PRICE_WINDOW_180_ROW_082=20260331,442.5,449.5,425.5,425.5,1758207.0,450.9,455.2625,461.15,438.0917,383.2,-5.2339,-4.5964,-14.4724,0.7049,-6.5374,-7.7307,-21.639

PRICE_WINDOW_180_ROW_083=20260401,442.0,456.0,439.0,452.0,2040506.0,449.4,454.9906,460.55,439.4417,384.1333,6.228,-1.6322,-2.5862,0.8652,-0.6573,-1.8565,-16.7587

PRICE_WINDOW_180_ROW_084=20260402,460.0,474.5,442.5,443.0,1998946.0,445.8,453.9914,458.75,440.575,385.0917,-1.9912,-3.9046,-7.5157,0.8561,-2.4211,-3.4332,-18.4162

PRICE_WINDOW_180_ROW_085=20260407,454.0,478.0,450.5,474.0,3654508.0,448.7,455.6588,458.125,442.1833,386.2458,6.9977,3.1556,-2.5694,1.4967,4.0252,3.4652,-12.7072

PRICE_WINDOW_180_ROW_086=20260408,498.0,506.0,492.5,501.0,3815909.0,459.1,459.4372,460.625,443.8833,387.5583,5.6962,11.5813,11.0865,1.4917,9.0465,8.7653,-7.7348

PRICE_WINDOW_180_ROW_087=20260409,506.0,520.0,501.0,508.0,2759208.0,475.6,463.4841,462.525,445.7417,388.9375,1.3972,19.389,8.0851,1.0552,9.6046,9.8319,-6.4457

PRICE_WINDOW_180_ROW_088=20260410,515.0,522.0,508.0,516.0,2437668.0,488.4,467.8605,464.2,447.5583,390.3958,1.5748,14.1593,6.943,0.9467,10.2893,11.159,-4.9724

PRICE_WINDOW_180_ROW_089=20260413,519.0,524.0,506.0,519.0,1855612.0,503.6,472.1221,467.35,449.1667,391.925,0.5814,17.1558,13.8158,0.7625,9.9292,11.0517,-4.4199

PRICE_WINDOW_180_ROW_090=20260414,529.0,530.0,501.0,503.0,2812718.0,509.4,474.6952,469.5,450.3333,393.3958,-3.0829,6.1181,9.3478,1.1299,5.9627,7.1353,-7.3665

PRICE_WINDOW_180_ROW_091=20260415,513.0,530.0,513.0,521.0,3209230.0,513.4,478.554,472.875,451.9833,394.9958,3.5785,3.992,14.8842,1.2466,8.8696,10.1771,-4.0516

PRICE_WINDOW_180_ROW_092=20260416,530.0,544.0,522.0,544.0,2824498.0,520.6,484.0078,477.5,454.175,396.8417,4.4146,7.0866,20.4873,1.0974,12.3949,13.9267,0.0

PRICE_WINDOW_180_ROW_093=20260417,535.0,544.0,527.0,533.0,2836595.0,524.0,488.0905,479.875,456.2333,398.6667,-2.0221,3.2946,9.7837,1.1475,9.2011,11.0706,-2.0221

PRICE_WINDOW_180_ROW_094=20260420,540.0,555.0,536.0,542.0,3394022.0,528.6,492.5829,483.625,458.325,400.4,1.6886,4.4316,16.06,1.3709,10.0322,12.0703,-2.3423

PRICE_WINDOW_180_ROW_095=20260421,550.0,562.0,522.0,530.0,3636271.0,534.0,495.701,486.425,460.1333,401.9583,-2.214,5.3678,11.8143,1.4207,6.9193,8.9582,-5.694

PRICE_WINDOW_180_ROW_096=20260422,534.0,550.0,533.0,536.0,1895555.0,537.0,499.0593,491.125,462.0083,403.6917,1.1321,2.8791,21.267,0.7734,7.4021,9.1372,-4.6263

PRICE_WINDOW_180_ROW_097=20260423,555.0,558.0,506.0,521.0,3189544.0,532.4,500.8877,494.875,463.525,405.3375,-2.7985,-4.2279,16.8161,1.28,4.0153,5.2791,-7.2954

PRICE_WINDOW_180_ROW_098=20260424,535.0,557.0,525.0,535.0,4181605.0,532.8,503.7304,498.65,465.3833,407.1208,2.6871,0.3752,16.4309,1.6049,6.2076,7.2897,-4.8043

PRICE_WINDOW_180_ROW_099=20260427,549.0,553.0,518.0,525.0,2516762.0,529.4,505.5028,501.85,467.0917,408.8292,-1.8692,-3.1365,13.8829,0.945,3.857,4.6129,-6.5836

PRICE_WINDOW_180_ROW_100=20260428,525.0,532.0,519.0,530.0,1605110.0,529.4,507.5443,505.375,468.8417,410.5958,0.9524,0.0,15.3428,0.5974,4.4244,4.8726,-5.694

PRICE_WINDOW_180_ROW_101=20260429,530.0,530.0,512.0,521.0,1975095.0,526.4,508.6656,508.975,470.475,412.3083,-1.6981,-2.7985,16.0356,0.7262,2.4249,2.3626,-7.2954

PRICE_WINDOW_180_ROW_102=20260430,526.0,555.0,520.0,540.0,3535036.0,530.2,511.2768,514.7,472.2833,414.2,3.6468,3.6468,26.9095,1.2586,5.6179,4.9155,-3.9146

PRICE_WINDOW_180_ROW_103=20260504,555.0,564.0,546.0,557.0,3382514.0,534.6,515.087,519.95,474.4,416.2625,3.1481,4.1121,23.2301,1.1762,8.1371,7.1257,-1.2411

PRICE_WINDOW_180_ROW_104=20260505,557.0,573.0,546.0,572.0,2089700.0,544.0,519.8298,526.4,476.9417,418.4542,2.693,8.9524,29.1196,0.7255,10.036,8.6626,-0.1745

PRICE_WINDOW_180_ROW_105=20260506,583.0,601.0,562.0,576.0,3768769.0,553.2,524.5106,531.5,479.35,420.6333,0.6993,8.6792,21.519,1.3058,9.8166,8.3725,-4.1597

PRICE_WINDOW_180_ROW_106=20260507,582.0,595.0,563.0,577.0,2910067.0,564.4,528.8848,535.3,481.8417,422.825,0.1736,10.7486,15.1697,1.0244,9.0975,7.79,-3.9933

PRICE_WINDOW_180_ROW_107=20260508,588.0,617.0,568.0,572.0,3249555.0,570.8,532.4777,538.5,484.225,425.0458,-0.8666,5.9259,12.5984,1.1341,7.4223,6.221,-7.2934

PRICE_WINDOW_180_ROW_108=20260511,584.0,629.0,581.0,629.0,4553067.0,585.2,540.5212,544.15,487.9333,427.7125,9.965,12.9264,21.8992,1.5325,16.3692,15.5931,0.0

PRICE_WINDOW_180_ROW_109=20260512,646.0,683.0,645.0,668.0,5738857.0,604.4,551.1445,551.6,492.15,430.6958,6.2003,16.7832,28.7091,1.8131,21.2023,21.1022,-2.1962

PRICE_WINDOW_180_ROW_110=20260513,639.0,642.0,615.0,633.0,4090054.0,615.8,557.9657,558.1,495.8,433.4583,-5.2395,9.8958,25.8449,1.2666,13.4478,13.4205,-7.3206

PRICE_WINDOW_180_ROW_111=20260514,640.0,657.0,627.0,650.0,3543314.0,630.4,565.6353,564.55,499.8583,436.3333,2.6856,12.6516,24.7601,1.0917,14.915,15.1359,-4.8316

PRICE_WINDOW_180_ROW_112=20260515,675.0,680.0,634.0,642.0,2485438.0,644.4,571.999,569.45,503.8083,439.0875,-1.2308,12.2378,18.0147,0.7698,12.238,12.7404,-6.0029

PRICE_WINDOW_180_ROW_113=20260518,635.0,651.0,617.0,649.0,1362975.0,648.4,578.4157,575.25,508.025,441.9083,1.0903,3.1797,21.7636,0.432,12.203,12.8205,-4.978

PRICE_WINDOW_180_ROW_114=20260519,641.0,655.0,636.0,644.0,1407440.0,643.6,583.8811,580.35,511.9,444.7083,-0.7704,-3.5928,18.8192,0.4606,10.2964,10.9675,-5.7101

PRICE_WINDOW_180_ROW_115=20260520,640.0,642.0,602.0,609.0,3079075.0,638.8,585.9743,584.3,515.125,447.175,-5.4348,-3.7915,14.9057,1.0169,3.9295,4.2273,-10.8346

PRICE_WINDOW_180_ROW_116=20260521,640.0,669.0,634.0,669.0,2373191.0,642.6,592.8931,590.95,519.1917,450.1417,9.8522,2.9231,24.8134,0.7776,12.8365,13.2075,-2.0498

PRICE_WINDOW_180_ROW_117=20260522,678.0,690.0,660.0,688.0,4019729.0,651.8,600.8187,599.3,522.8667,453.3917,2.8401,7.1651,32.0537,1.2995,14.5104,14.8006,-0.2899

PRICE_WINDOW_180_ROW_118=20260525,715.0,736.0,703.0,720.0,2023721.0,666.0,610.7505,608.55,526.5667,456.9167,4.6512,10.9399,34.5794,0.6779,17.8877,18.314,-2.1739

PRICE_WINDOW_180_ROW_119=20260526,720.0,745.0,718.0,742.0,2259888.0,685.6,621.688,619.4,530.6917,460.5167,3.0556,15.2174,41.3333,0.7602,19.3525,19.7933,-0.4027

PRICE_WINDOW_180_ROW_120=20260527,750.0,750.0,723.0,727.0,2063773.0,709.2,630.464,629.25,534.075,464.0833,-2.0216,19.376,37.1698,0.6889,15.3119,15.5344,-3.0667

PRICE_WINDOW_180_ROW_121=20260528,736.0,741.0,708.0,717.0,1691134.0,718.8,637.6753,639.05,537.5917,467.5083,-1.3755,7.1749,37.62,0.5672,12.4397,12.1978,-4.4

PRICE_WINDOW_180_ROW_122=20260529,726.0,731.0,707.0,718.0,1503335.0,724.8,644.369,647.95,541.2667,470.9125,0.1395,4.3605,32.963,0.522,11.4268,10.811,-4.2667

PRICE_WINDOW_180_ROW_123=20260601,721.0,727.0,709.0,717.0,1098703.0,724.2,650.4216,655.95,545.4833,474.2333,-0.1393,-0.4167,28.7253,0.3973,10.2362,9.3071,-4.4

PRICE_WINDOW_180_ROW_124=20260602,711.0,715.0,688.0,697.0,3369946.0,715.2,654.3031,662.2,549.1167,477.3875,-2.7894,-6.0647,21.8531,1.191,6.5255,5.2552,-7.0667

PRICE_WINDOW_180_ROW_125=20260603,707.0,733.0,707.0,727.0,1623409.0,715.2,660.3612,669.75,553.125,480.7708,4.3042,0.0,26.2153,0.5963,10.0913,8.548,-3.0667

PRICE_WINDOW_180_ROW_126=20260604,717.0,730.0,710.0,716.0,1516519.0,715.0,664.9978,676.7,557.5417,484.0958,-1.5131,-0.1395,24.0901,0.5717,7.6695,5.8076,-4.5333

PRICE_WINDOW_180_ROW_127=20260605,715.0,715.0,694.0,698.0,1136132.0,711.0,667.748,683.0,561.3417,487.2292,-2.514,-2.7855,22.028,0.4461,4.5305,2.1962,-6.9333

PRICE_WINDOW_180_ROW_128=20260608,629.0,655.0,629.0,649.0,1525931.0,697.4,666.1856,684.0,564.1167,489.8917,-7.0201,-9.484,3.1797,0.637,-2.5797,-5.117,-13.4667

PRICE_WINDOW_180_ROW_129=20260609,655.0,674.0,655.0,665.0,1385999.0,691.0,666.0868,683.85,567.6,492.675,2.4653,-4.5911,-0.4491,0.6364,-0.1632,-2.7565,-11.3333

PRICE_WINDOW_180_ROW_130=20260610,655.0,665.0,602.0,609.0,1587205.0,667.4,661.3296,682.65,570.0833,494.9,-8.4211,-16.2311,-3.7915,0.7732,-7.9128,-10.7888,-18.8

PRICE_WINDOW_180_ROW_131=20260611,609.0,631.0,588.0,628.0,2074728.0,649.8,658.5521,681.55,572.9917,497.125,3.1199,-12.2905,-3.3846,1.0482,-4.6393,-7.8571,-16.2667

PRICE_WINDOW_180_ROW_132=20260612,650.0,662.0,636.0,652.0,1280779.0,640.6,658.0061,682.05,576.3333,499.625,3.8217,-6.5903,1.5576,0.6674,-0.9128,-4.4058,-13.0667

PRICE_WINDOW_180_ROW_133=20260615,672.0,711.0,670.0,703.0,2024876.0,651.4,661.7556,684.75,579.9583,502.525,7.8221,8.3205,8.3205,1.0372,6.2326,2.6652,-6.2667

PRICE_WINDOW_180_ROW_134=20260616,711.0,718.0,676.0,679.0,1637290.0,654.2,663.1926,686.5,583.4917,505.1958,-3.4139,2.1053,5.4348,0.8337,2.3835,-1.0925,-9.4667

PRICE_WINDOW_180_ROW_135=20260617,679.0,690.0,674.0,687.0,827697.0,669.8,665.1766,690.4,587.0417,507.8458,1.1782,12.8079,12.8079,0.4471,3.2808,-0.4925,-8.4

PRICE_WINDOW_180_ROW_136=20260618,692.0,704.0,689.0,700.0,946904.0,684.2,668.0785,691.95,591.3417,510.5375,1.8923,11.465,4.6338,0.532,4.7781,1.1634,-6.6667

PRICE_WINDOW_180_ROW_137=20260622,718.0,744.0,713.0,713.0,1830864.0,696.4,671.822,693.2,595.7917,513.3958,1.8571,9.3558,3.6337,1.096,6.1293,2.8563,-4.9333

PRICE_WINDOW_180_ROW_138=20260623,716.0,722.0,698.0,705.0,1047999.0,696.8,674.5868,692.45,599.8833,516.2208,-1.122,0.2845,-2.0833,0.6463,4.5084,1.8124,-6.0

PRICE_WINDOW_180_ROW_139=20260624,719.0,770.0,719.0,749.0,3155320.0,710.8,680.7879,692.8,604.6833,519.45,6.2411,10.3093,0.9434,1.8935,10.0196,8.112,-2.7273

PRICE_WINDOW_180_ROW_140=20260625,758.0,760.0,730.0,730.0,1506751.0,719.4,684.8889,692.95,609.1917,522.4917,-2.5367,6.2591,0.4127,0.9195,6.5866,5.3467,-5.1948

PRICE_WINDOW_180_ROW_141=20260626,731.0,743.0,701.0,703.0,1257926.0,720.0,686.3982,692.25,613.425,525.3,-3.6986,0.4286,-1.9526,0.778,2.4187,1.5529,-8.7013

PRICE_WINDOW_180_ROW_142=20260629,708.0,754.0,705.0,738.0,1582209.0,725.0,690.6983,693.25,618.6333,528.3625,4.9787,3.5063,2.7855,0.9762,6.8484,6.4551,-4.1558

PRICE_WINDOW_180_ROW_143=20260630,758.0,777.0,748.0,762.0,2339829.0,736.4,696.6401,695.5,623.8,531.6208,3.252,8.0851,6.2762,1.3903,9.3822,9.5615,-1.9305

PRICE_WINDOW_180_ROW_144=20260701,780.0,790.0,762.0,763.0,1456880.0,739.2,702.1701,698.8,629.1333,534.8542,0.1312,1.8692,9.4692,0.9179,8.6631,9.1872,-3.4177

PRICE_WINDOW_180_ROW_145=20260702,759.0,770.0,750.0,769.0,726073.0,747.0,707.7393,700.9,634.05,538.1167,0.7864,5.3425,5.7772,0.4707,8.6558,9.7161,-2.6582

PRICE_WINDOW_180_ROW_146=20260703,762.0,764.0,753.0,756.0,706192.0,757.6,711.761,702.9,638.3,541.0917,-1.6905,7.5391,5.5866,0.4702,6.2154,7.5544,-4.3038

PRICE_WINDOW_180_ROW_147=20260706,769.0,769.0,740.0,745.0,623502.0,759.0,714.5309,705.25,642.25,543.9958,-1.455,0.9485,6.7335,0.4224,4.2642,5.6363,-5.6962

PRICE_WINDOW_180_ROW_148=20260707,745.0,752.0,699.0,700.0,969065.0,746.6,713.32,707.8,645.3167,546.4375,-6.0403,-8.1365,7.8582,0.6691,-1.8673,-1.102,-11.3924

PRICE_WINDOW_180_ROW_149=20260708,696.0,707.0,680.0,698.0,1189734.0,733.6,712.0433,709.45,648.3,548.7333,-0.2857,-8.519,4.9624,0.827,-1.9723,-1.6139,-11.6456

PRICE_WINDOW_180_ROW_150=20260709,706.0,736.0,700.0,709.0,828947.0,721.6,711.7897,714.45,651.7333,551.0333,1.5759,-7.8023,16.4204,0.5918,-0.3919,-0.7628,-10.2532

PRICE_WINDOW_180_ROW_151=20260713,727.0,727.0,695.0,700.0,721561.0,710.4,710.8073,718.05,654.7167,553.35,-1.2694,-7.4074,11.465,0.5413,-1.5204,-2.5138,-11.3924

PRICE_WINDOW_180_ROW_152=20260714,694.0,700.0,648.0,675.0,1103802.0,696.4,707.8233,719.2,656.9,555.5375,-3.5714,-9.396,3.5276,0.8336,-4.6372,-6.1457,-14.557

PRICE_WINDOW_180_ROW_153=20260715,728.0,742.0,715.0,742.0,2353166.0,704.8,710.6714,721.15,660.3833,558.3083,9.9259,6.0,5.5477,1.7553,4.4083,2.8912,-6.0759

PRICE_WINDOW_180_ROW_154=20260716,740.0,765.0,715.0,728.0,3142849.0,710.8,712.1154,723.6,663.4833,560.9042,-1.8868,4.298,7.2165,2.2197,2.2306,0.6081,-7.8481

PRICE_WINDOW_180_ROW_155=20260717,688.0,702.0,656.0,656.0,1886676.0,700.2,707.4391,722.05,665.5833,562.8583,-9.8901,-7.4753,-4.5124,1.2845,-7.2712,-9.1476,-16.962

PRICE_WINDOW_180_ROW_156=20260720,656.0,672.0,607.0,647.0,2601632.0,689.6,702.4025,719.4,667.4333,564.7208,-1.372,-7.5714,-7.5714,1.6768,-7.8876,-10.0639,-18.1013

PRICE_WINDOW_180_ROW_157=20260721,662.0,686.0,647.0,676.0,1812046.0,689.8,700.2023,717.55,670.0167,566.7708,4.4822,0.1481,-5.1893,1.1686,-3.4565,-5.7905,-14.4304

PRICE_WINDOW_180_ROW_158=20260722,708.0,729.0,699.0,707.0,1753543.0,682.8,700.7688,717.65,672.8833,569.1333,4.5858,-4.717,0.2837,1.1057,0.8892,-1.484,-10.5063

PRICE_WINDOW_180_ROW_159=20260723,714.0,722.0,693.0,702.0,1213601.0,677.6,700.8714,715.3,675.8333,571.4625,-0.7072,-3.5714,-6.275,0.8152,0.161,-1.8594,-11.1392

PRICE_WINDOW_180_ROW_160=20260724,695.0,697.0,666.0,672.0,1300304.0,680.8,698.4655,712.4,678.2,573.5208,-4.2735,2.439,-7.9452,0.8795,-3.7891,-5.671,-14.9367

PRICE_WINDOW_180_ROW_161=20260727,669.0,701.0,664.0,690.0,1626831.0,689.4,697.76,711.75,681.0167,575.7458,2.6786,6.6461,-1.8492,1.0868,-1.1121,-3.0558,-12.6582

PRICE_WINDOW_180_ROW_162=20260728,670.0,670.0,635.0,635.0,1224060.0,681.2,692.53,706.6,682.6,577.4417,-7.971,-6.0651,-13.9566,0.8276,-8.3072,-10.133,-19.6203

PRICE_WINDOW_180_ROW_163=20260729,625.0,634.0,573.0,594.0,1950808.0,658.6,684.3192,698.2,683.2167,578.8083,-6.4567,-15.983,-22.0472,1.3366,-13.1984,-14.9241,-24.8101

PRICE_WINDOW_180_ROW_164=20260730,574.0,614.0,568.0,582.0,1933224.0,634.6,675.7926,689.15,683.3833,580.1625,-2.0202,-17.094,-23.7221,1.3033,-13.8789,-15.5481,-26.3291

PRICE_WINDOW_180_ROW_165=20260731,631.0,640.0,622.0,640.0,1719815.0,628.2,672.8099,682.7,684.45,581.9,9.9656,-4.7619,-16.775,1.1218,-4.8765,-6.2546,-18.9873

PRICE_WINDOW_180_ROW_166=20260803,637.0,695.0,634.0,671.0,1946314.0,624.4,672.659,678.45,686.0167,583.9292,4.8437,-2.7536,-11.2434,1.2202,-0.2466,-1.0981,-15.0633

PRICE_WINDOW_180_ROW_167=20260804,670.0,697.0,665.0,675.0,1247916.0,632.4,672.8541,674.95,687.7333,585.9792,0.5961,6.2992,-9.396,0.7673,0.3189,0.0074,-14.557

PRICE_WINDOW_180_ROW_168=20260805,700.0,702.0,680.0,680.0,1176761.0,649.6,673.4496,673.95,688.5833,588.2583,0.7407,14.4781,-2.8571,0.719,0.9727,0.8977,-13.9241

PRICE_WINDOW_180_ROW_169=20260806,681.0,695.0,673.0,693.0,878600.0,671.8,675.0788,673.7,689.0,590.575,1.9118,19.0722,-0.7163,0.542,2.6547,2.8648,-12.2785

PRICE_WINDOW_180_ROW_170=20260807,697.0,703.0,662.0,662.0,831704.0,676.2,673.9889,671.35,689.4833,592.6417,-4.4733,3.4375,-6.6291,0.513,-1.7788,-1.3927,-16.2025

PRICE_WINDOW_180_ROW_171=20260810,680.0,704.0,680.0,688.0,782733.0,679.6,675.1565,670.75,690.1167,594.9875,3.9275,2.5335,-1.7143,0.4819,1.9023,2.5717,-12.9114

PRICE_WINDOW_180_ROW_172=20260811,680.0,691.0,668.0,687.0,780970.0,682.0,676.1435,671.35,690.8667,597.3375,-0.1453,1.7778,1.7778,0.4856,1.6057,2.3311,-13.038

PRICE_WINDOW_180_ROW_173=20260812,704.0,735.0,680.0,728.0,3308658.0,691.6,680.4648,670.65,692.1833,600.1042,5.968,7.0588,-1.8868,1.998,6.9857,8.5514,-7.8481

PRICE_WINDOW_180_ROW_174=20260813,729.0,738.0,705.0,707.0,1454076.0,694.4,682.6761,669.6,693.2333,602.5667,-2.8846,2.0202,-2.8846,0.9253,3.563,5.5854,-10.5063

PRICE_WINDOW_180_ROW_175=20260814,720.0,732.0,714.0,725.0,1883642.0,707.0,686.2031,673.05,695.1667,605.1458,2.546,9.5166,10.5183,1.1987,5.6539,7.7186,-8.2278

PRICE_WINDOW_180_ROW_176=20260817,725.0,749.0,715.0,742.0,2199587.0,717.8,690.8528,677.8,696.3833,607.7875,2.3448,7.8488,14.6832,1.4179,7.4035,9.4718,-6.0759

PRICE_WINDOW_180_ROW_177=20260818,742.0,743.0,704.0,708.0,1743350.0,722.0,692.2818,679.4,696.7167,609.7917,-4.5822,3.0568,4.7337,1.1263,2.2705,4.2096,-10.3797

PRICE_WINDOW_180_ROW_178=20260819,696.0,719.0,696.0,707.0,1284823.0,717.8,693.5083,679.4,696.5,611.5333,-0.1412,-2.8846,0.0,0.8428,1.9454,4.0624,-10.5063

PRICE_WINDOW_180_ROW_179=20260820,715.0,717.0,690.0,698.0,1118733.0,716.0,693.8826,679.2,695.7667,613.2292,-1.273,-1.273,-0.5698,0.7362,0.5934,2.768,-11.6456

PRICE_WINDOW_180_ROW_180=20260821,692.0,694.0,675.0,679.0,804373.0,706.8,692.6424,679.55,694.9667,614.5208,-2.7221,-6.3448,1.0417,0.5381,-1.9696,-0.0809,-14.0506
