# PRICE_WINDOW_180

columns=date,open,high,low,close,volume,ma5,ema23,ma20,ma60,ma120,return_1d,return_5d,return_20d,volume_ratio,distance_to_ema23_pct,distance_to_ma20_pct,distance_to_high_60_pct

PRICE_WINDOW_180_ROW_001=20251124,12.0,12.55,12.0,12.5,478651.0,12.06,12.1653,12.295,12.0533,11.8717,4.1667,1.626,5.4852,1.6544,2.7511,1.6673,-3.8462

PRICE_WINDOW_180_ROW_002=20251125,12.5,12.5,12.2,12.45,176168.0,12.15,12.189,12.335,12.0558,11.8775,-0.4,3.75,6.867,0.5966,2.1409,0.9323,-4.2308

PRICE_WINDOW_180_ROW_003=20251126,12.45,12.45,12.1,12.3,202317.0,12.26,12.1983,12.3375,12.0575,11.8808,-1.2048,4.6809,0.4082,0.9689,0.8338,-0.304,-5.3846

PRICE_WINDOW_180_ROW_004=20251127,12.25,12.3,12.0,12.3,116709.0,12.31,12.2068,12.32,12.0592,11.8842,0.0,2.0747,-2.7668,0.6803,0.7638,-0.1623,-5.3846

PRICE_WINDOW_180_ROW_005=20251128,12.3,12.35,12.05,12.35,84864.0,12.38,12.2187,12.2975,12.0608,11.8883,0.4065,2.9167,-3.5156,0.5094,1.0746,0.4269,-5.0

PRICE_WINDOW_180_ROW_006=20251201,12.2,12.2,12.1,12.1,6639.0,12.3,12.2088,12.2825,12.0583,11.89,-2.0243,-3.2,-2.4194,0.0417,-0.8912,-1.4859,-6.9231

PRICE_WINDOW_180_ROW_007=20251202,12.2,12.2,11.9,12.1,54599.0,12.23,12.1997,12.265,12.0558,11.8917,0.0,-2.8112,-2.8112,0.3431,-0.8176,-1.3453,-6.9231

PRICE_WINDOW_180_ROW_008=20251203,12.05,12.1,11.9,12.1,89744.0,12.19,12.1914,12.2525,12.055,11.8946,0.0,-1.626,-2.0243,0.5727,-0.7499,-1.2446,-6.9231

PRICE_WINDOW_180_ROW_009=20251204,11.95,11.95,11.8,11.8,60111.0,12.09,12.1588,12.2225,12.0483,11.8962,-2.4793,-4.065,-4.8387,0.3883,-2.951,-3.4567,-9.2308

PRICE_WINDOW_180_ROW_010=20251205,11.8,11.95,11.55,11.85,92630.0,11.99,12.1331,12.195,12.0442,11.9008,0.4237,-4.0486,-4.4355,0.5915,-2.3331,-2.829,-8.8462

PRICE_WINDOW_180_ROW_011=20251208,11.65,11.95,11.55,11.95,314114.0,11.96,12.1178,12.17,12.0425,11.9054,0.8439,-1.2397,-4.0161,1.868,-1.3849,-1.8077,-8.0769

PRICE_WINDOW_180_ROW_012=20251209,12.0,12.0,11.85,11.85,44741.0,11.91,12.0955,12.14,12.0392,11.9092,-0.8368,-2.0661,-4.8193,0.2704,-2.0297,-2.3888,-8.8462

PRICE_WINDOW_180_ROW_013=20251210,11.75,11.85,11.75,11.85,28915.0,11.86,12.075,12.1075,12.0358,11.9121,0.0,-2.0661,-5.2,0.1987,-1.8637,-2.1268,-8.8462

PRICE_WINDOW_180_ROW_014=20251211,11.85,11.85,11.8,11.8,21917.0,11.86,12.0521,12.0825,12.0325,11.9162,-0.4219,0.0,-4.065,0.153,-2.0919,-2.3381,-9.2308

PRICE_WINDOW_180_ROW_015=20251212,11.75,11.85,11.75,11.85,44172.0,11.86,12.0353,12.0625,12.0308,11.9225,0.4237,0.0,-3.2653,0.3094,-1.5395,-1.7617,-8.8462

PRICE_WINDOW_180_ROW_016=20251215,11.7,11.9,11.6,11.8,152729.0,11.83,12.0157,12.0375,12.0292,11.9283,-0.4219,-1.2552,-4.065,1.0767,-1.7949,-1.973,-9.2308

PRICE_WINDOW_180_ROW_017=20251216,11.65,11.7,11.45,11.7,45486.0,11.8,11.9894,12.0225,12.025,11.9325,-0.8475,-1.2658,-2.5,0.3197,-2.4135,-2.6825,-10.0

PRICE_WINDOW_180_ROW_018=20251217,11.55,11.65,11.55,11.55,38489.0,11.74,11.9528,12.0125,12.0183,11.9362,-1.2821,-2.5316,-1.7021,0.2734,-3.3695,-3.8502,-11.1538

PRICE_WINDOW_180_ROW_019=20251218,11.6,11.6,11.5,11.55,20033.0,11.69,11.9192,11.9875,12.0125,11.94,0.0,-2.1186,-4.1494,0.1686,-3.0974,-3.6496,-11.1538

PRICE_WINDOW_180_ROW_020=20251219,11.6,11.6,11.3,11.6,78165.0,11.64,11.8926,11.9675,12.0083,11.9438,0.4329,-2.1097,-3.3333,0.7267,-2.4603,-3.0708,-10.7692

PRICE_WINDOW_180_ROW_021=20251222,11.5,11.6,11.4,11.5,25225.0,11.58,11.8599,11.9175,12.0025,11.9479,-0.8621,-2.5424,-8.0,0.2972,-3.0344,-3.5033,-11.5385

PRICE_WINDOW_180_ROW_022=20251223,11.5,11.5,11.2,11.5,122245.0,11.54,11.8299,11.87,11.9975,11.9512,0.0,-1.7094,-7.6305,1.4873,-2.7886,-3.1171,-11.5385

PRICE_WINDOW_180_ROW_023=20251224,11.55,11.55,11.3,11.3,26123.0,11.49,11.7857,11.82,11.9892,11.9529,-1.7391,-2.1645,-8.1301,0.356,-4.1213,-4.3993,-13.0769

PRICE_WINDOW_180_ROW_024=20251226,11.4,11.4,11.2,11.35,100123.0,11.45,11.7494,11.7725,11.9792,11.9558,0.4425,-1.7316,-7.7236,1.38,-3.3995,-3.5889,-12.6923

PRICE_WINDOW_180_ROW_025=20251229,11.3,11.35,11.2,11.2,44896.0,11.37,11.7036,11.715,11.9608,11.9583,-1.3216,-3.4483,-9.3117,0.6363,-4.3032,-4.3961,-13.8462

PRICE_WINDOW_180_ROW_026=20251230,11.15,11.2,11.05,11.05,39999.0,11.28,11.6492,11.6625,11.94,11.9592,-1.3393,-3.913,-8.6777,0.5538,-5.1434,-5.2519,-15.0

PRICE_WINDOW_180_ROW_027=20251231,11.2,11.2,11.0,11.0,247573.0,11.18,11.5951,11.6075,11.9217,11.9604,-0.4525,-4.3478,-9.0909,3.0239,-5.1321,-5.2337,-15.3846

PRICE_WINDOW_180_ROW_028=20260102,11.05,11.1,11.0,11.0,33508.0,11.12,11.5455,11.5525,11.9067,11.9604,0.0,-2.6549,-9.0909,0.4238,-4.7246,-4.7825,-15.3846

PRICE_WINDOW_180_ROW_029=20260105,11.05,11.3,10.95,10.95,76825.0,11.04,11.4959,11.51,11.8892,11.9604,-0.4545,-3.5242,-7.2034,0.9616,-4.7483,-4.8653,-15.7692

PRICE_WINDOW_180_ROW_030=20260106,11.15,11.15,10.9,10.9,70363.0,10.98,11.4462,11.4625,11.8717,11.9604,-0.4566,-2.6786,-8.0169,0.8931,-4.7719,-4.9073,-16.1538

PRICE_WINDOW_180_ROW_031=20260107,10.9,11.0,10.85,10.9,42426.0,10.95,11.4007,11.41,11.8542,11.9517,0.0,-1.3575,-8.7866,0.6507,-4.3917,-4.4698,-16.1538

PRICE_WINDOW_180_ROW_032=20260108,11.0,11.65,10.95,11.15,83532.0,10.98,11.3798,11.375,11.84,11.9371,2.2936,1.3636,-5.9072,1.2442,-2.0193,-1.978,-14.2308

PRICE_WINDOW_180_ROW_033=20260109,11.15,11.15,10.95,11.0,34220.0,10.98,11.3481,11.3325,11.8283,11.9208,-1.3453,0.0,-7.173,0.5077,-3.0678,-2.934,-15.3846

PRICE_WINDOW_180_ROW_034=20260112,11.0,11.35,10.5,11.2,406833.0,11.03,11.3358,11.3025,11.8258,11.9096,1.8182,2.2831,-5.0847,4.6952,-1.198,-0.9069,-13.8462

PRICE_WINDOW_180_ROW_035=20260113,11.15,11.2,11.1,11.15,51767.0,11.08,11.3203,11.2675,11.8208,11.8979,-0.4464,2.2936,-5.9072,0.5948,-1.5045,-1.0428,-14.2308

PRICE_WINDOW_180_ROW_036=20260114,11.1,11.4,11.1,11.15,111112.0,11.13,11.3061,11.235,11.8158,11.89,0.0,2.2936,-5.5085,1.308,-1.3809,-0.7566,-14.2308

PRICE_WINDOW_180_ROW_037=20260115,11.1,11.15,10.95,11.1,74580.0,11.12,11.2889,11.205,11.8125,11.8817,-0.4484,-0.4484,-5.1282,0.8632,-1.6737,-0.9371,-14.6154

PRICE_WINDOW_180_ROW_038=20260116,11.1,11.2,10.75,11.1,207851.0,11.14,11.2732,11.1825,11.8067,11.8738,0.0,0.9091,-3.8961,2.1909,-1.5364,-0.7378,-14.6154

PRICE_WINDOW_180_ROW_039=20260119,11.1,11.15,11.0,11.1,57197.0,11.12,11.2588,11.16,11.7975,11.8688,0.0,-0.8929,-3.8961,0.5913,-1.4102,-0.5376,-14.6154

PRICE_WINDOW_180_ROW_040=20260120,11.1,11.15,11.05,11.05,55975.0,11.1,11.2414,11.1325,11.7875,11.8633,-0.4505,-0.8969,-4.7414,0.5854,-1.7024,-0.7411,-15.0

PRICE_WINDOW_180_ROW_041=20260121,11.05,11.1,10.8,10.95,89317.0,11.06,11.2171,11.105,11.7725,11.8567,-0.905,-1.7937,-4.7826,0.9038,-2.3811,-1.3958,-15.7692

PRICE_WINDOW_180_ROW_042=20260122,11.0,11.1,10.95,11.05,64541.0,11.05,11.2032,11.0825,11.7625,11.8521,0.9132,-0.4505,-3.913,0.6727,-1.3672,-0.2933,-15.0

PRICE_WINDOW_180_ROW_043=20260123,11.1,11.1,10.95,10.95,39125.0,11.02,11.1821,11.065,11.7408,11.8462,-0.905,-1.3514,-3.0973,0.4051,-2.0754,-1.0393,-15.7692

PRICE_WINDOW_180_ROW_044=20260126,10.95,11.05,10.95,10.95,42900.0,10.99,11.1627,11.045,11.7125,11.8404,0.0,-1.3514,-3.5242,0.4577,-1.9057,-0.8601,-15.7692

PRICE_WINDOW_180_ROW_045=20260127,10.95,11.0,10.95,10.95,41113.0,10.97,11.145,11.0325,11.6817,11.8346,0.0,-0.905,-2.2321,0.4395,-1.7497,-0.7478,-15.7692

PRICE_WINDOW_180_ROW_046=20260128,11.1,12.0,11.05,12.0,1093114.0,11.18,11.2163,11.08,11.675,11.8371,9.589,9.589,8.5973,7.4772,6.9876,8.3032,-5.1383

PRICE_WINDOW_180_ROW_047=20260129,11.85,12.3,11.45,11.65,778317.0,11.3,11.2524,11.1125,11.6617,11.8379,-2.9167,5.4299,5.9091,4.506,3.5335,4.8369,-7.9051

PRICE_WINDOW_180_ROW_048=20260130,11.6,11.6,11.2,11.6,118545.0,11.43,11.2814,11.1425,11.6492,11.8383,-0.4292,5.9361,5.4545,0.6698,2.8244,4.1059,-8.3004

PRICE_WINDOW_180_ROW_049=20260202,11.45,11.45,10.9,11.0,146714.0,11.44,11.2579,11.145,11.6258,11.8342,-5.1724,0.4566,0.4566,0.8129,-2.291,-1.301,-13.0435

PRICE_WINDOW_180_ROW_050=20260203,11.0,11.0,10.85,10.85,116271.0,11.42,11.2239,11.1425,11.6,11.8288,-1.3636,-0.9132,-0.4587,0.6362,-3.3315,-2.6251,-14.2292

PRICE_WINDOW_180_ROW_051=20260204,10.9,11.4,10.9,11.1,324006.0,11.24,11.2136,11.1525,11.5775,11.8196,2.3041,-7.5,1.8349,1.6459,-1.013,-0.4707,-11.9048

PRICE_WINDOW_180_ROW_052=20260205,11.15,11.15,10.9,10.95,72013.0,11.1,11.1916,11.1425,11.5525,11.81,-1.3514,-6.0086,-1.7937,0.3669,-2.159,-1.7276,-13.0952

PRICE_WINDOW_180_ROW_053=20260206,11.0,11.0,10.8,10.8,109325.0,10.94,11.159,11.1325,11.5242,11.7983,-1.3699,-6.8966,-1.8182,0.5465,-3.2171,-2.9868,-13.9442

PRICE_WINDOW_180_ROW_054=20260209,10.8,10.8,10.65,10.65,79992.0,10.87,11.1166,11.105,11.4967,11.785,-1.3889,-3.1818,-4.9107,0.4355,-4.1971,-4.0973,-15.1394

PRICE_WINDOW_180_ROW_055=20260210,10.7,10.75,10.55,10.7,110330.0,10.84,11.0819,11.0825,11.4708,11.7717,0.4695,-1.3825,-4.0359,0.5912,-3.4458,-3.4514,-14.741

PRICE_WINDOW_180_ROW_056=20260211,10.7,10.85,10.6,10.85,52253.0,10.79,11.0625,11.0675,11.4467,11.7596,1.4019,-2.2523,-2.6906,0.2845,-1.9213,-1.9652,-13.5458

PRICE_WINDOW_180_ROW_057=20260223,10.9,11.05,10.8,11.0,130515.0,10.8,11.0573,11.0625,11.43,11.7496,1.3825,0.4566,-0.9009,0.6999,-0.5185,-0.565,-12.3506

PRICE_WINDOW_180_ROW_058=20260224,11.0,11.15,10.95,11.15,201035.0,10.87,11.0651,11.065,11.42,11.7425,1.3636,3.2407,0.4505,1.0801,0.7677,0.7682,-11.1554

PRICE_WINDOW_180_ROW_059=20260225,11.15,11.15,10.95,11.1,124295.0,10.96,11.068,11.065,11.4042,11.7329,-0.4484,4.2254,0.0,0.656,0.2894,0.3163,-11.5538

PRICE_WINDOW_180_ROW_060=20260226,11.1,11.1,10.95,11.1,98746.0,11.04,11.0706,11.0675,11.3892,11.7208,0.0,3.7383,0.4525,0.5153,0.2653,0.2937,-11.5538

PRICE_WINDOW_180_ROW_061=20260302,11.15,11.15,10.9,11.05,169699.0,11.08,11.0689,11.0725,11.365,11.7092,-0.4505,1.8433,0.9132,0.8674,-0.1709,-0.2032,-11.6

PRICE_WINDOW_180_ROW_062=20260303,10.95,11.0,10.8,10.95,289540.0,11.07,11.059,11.0675,11.34,11.6979,-0.905,-0.4545,-0.905,1.3995,-0.9857,-1.0617,-12.0482

PRICE_WINDOW_180_ROW_063=20260304,10.85,10.85,10.65,10.7,96394.0,10.98,11.0291,11.055,11.3133,11.6854,-2.2831,-4.0359,-2.2831,0.4596,-2.9838,-3.2112,-13.3603

PRICE_WINDOW_180_ROW_064=20260305,10.9,10.9,10.6,10.7,75906.0,10.9,11.0017,11.0425,11.2867,11.6729,0.0,-3.6036,-2.2831,0.3591,-2.742,-3.1017,-13.3603

PRICE_WINDOW_180_ROW_065=20260306,10.75,10.75,10.6,10.7,209089.0,10.82,10.9765,11.03,11.2592,11.66,0.0,-3.6036,-2.2831,0.9512,-2.5192,-2.9918,-13.0081

PRICE_WINDOW_180_ROW_066=20260309,10.6,10.7,10.3,10.6,276820.0,10.73,10.9451,10.96,11.2342,11.6463,-0.9346,-4.0724,-11.6667,1.5466,-3.1534,-3.2847,-13.8211

PRICE_WINDOW_180_ROW_067=20260310,10.75,10.75,10.55,10.7,42361.0,10.68,10.9247,10.9125,11.2108,11.6333,0.9434,-2.2831,-8.1545,0.2979,-2.057,-1.9473,-13.0081

PRICE_WINDOW_180_ROW_068=20260311,10.65,10.7,10.65,10.65,23327.0,10.67,10.9018,10.865,11.1867,11.6208,-0.4673,-0.4673,-8.1897,0.1697,-2.3099,-1.9788,-13.4146

PRICE_WINDOW_180_ROW_069=20260312,10.65,10.65,10.5,10.65,65874.0,10.66,10.8808,10.8475,11.1675,11.6079,0.0,-0.4673,-3.1818,0.4938,-2.1215,-1.8207,-13.4146

PRICE_WINDOW_180_ROW_070=20260313,10.65,10.7,10.35,10.4,120138.0,10.6,10.8408,10.825,11.1433,11.5938,-2.3474,-2.8037,-4.1475,0.8994,-4.0659,-3.9261,-15.4472

PRICE_WINDOW_180_ROW_071=20260316,10.4,10.75,10.1,10.55,196838.0,10.59,10.8165,10.7975,11.12,11.5812,1.4423,-0.4717,-4.955,1.5472,-2.4642,-2.2922,-14.2276

PRICE_WINDOW_180_ROW_072=20260317,10.55,10.65,10.55,10.65,46520.0,10.58,10.8027,10.7825,11.1,11.5696,0.9479,-0.4673,-2.7397,0.3694,-1.4132,-1.2288,-13.4146

PRICE_WINDOW_180_ROW_073=20260318,10.6,10.65,10.55,10.6,32723.0,10.57,10.7858,10.7725,11.0792,11.5575,-0.4695,-0.4695,-1.8519,0.268,-1.7224,-1.6013,-13.8211

PRICE_WINDOW_180_ROW_074=20260319,10.65,10.65,10.2,10.2,140757.0,10.48,10.737,10.75,11.0525,11.5425,-3.7736,-4.2254,-4.2254,1.1246,-5.001,-5.1163,-17.0732

PRICE_WINDOW_180_ROW_075=20260320,10.3,10.3,10.15,10.15,58129.0,10.43,10.688,10.7225,11.0242,11.5275,-0.4902,-2.4038,-5.1402,0.4743,-5.0341,-5.3392,-17.4797

PRICE_WINDOW_180_ROW_076=20260323,10.05,10.2,10.0,10.15,165605.0,10.35,10.6432,10.6875,10.9967,11.5129,0.0,-3.7915,-6.4516,1.2916,-4.634,-5.0292,-17.4797

PRICE_WINDOW_180_ROW_077=20260324,10.2,10.25,10.1,10.2,31862.0,10.26,10.6063,10.6475,10.9717,11.4983,0.4926,-4.2254,-7.2727,0.2584,-3.8305,-4.2029,-17.0732

PRICE_WINDOW_180_ROW_078=20260325,10.3,10.35,10.15,10.25,73685.0,10.19,10.5766,10.6025,10.95,11.4842,0.4902,-3.3019,-8.0717,0.6302,-3.0878,-3.3247,-16.6667

PRICE_WINDOW_180_ROW_079=20260326,10.35,10.35,10.1,10.1,43469.0,10.17,10.5369,10.5525,10.9258,11.4692,-1.4634,-0.9804,-9.009,0.3851,-4.1461,-4.2881,-17.8862

PRICE_WINDOW_180_ROW_080=20260327,10.1,10.2,9.95,10.15,163888.0,10.17,10.5046,10.505,10.9017,11.455,0.495,0.0,-8.5586,1.4112,-3.3759,-3.3793,-17.4797

PRICE_WINDOW_180_ROW_081=20260330,10.5,10.5,10.1,10.15,83459.0,10.17,10.4751,10.46,10.8792,11.4408,0.0,0.0,-8.1448,0.7464,-3.1033,-2.9637,-17.4797

PRICE_WINDOW_180_ROW_082=20260331,10.15,10.15,10.0,10.05,50953.0,10.14,10.4397,10.415,10.855,11.4263,-0.9852,-1.4706,-8.2192,0.5101,-3.7324,-3.5046,-18.2927

PRICE_WINDOW_180_ROW_083=20260401,10.0,10.15,9.95,10.15,116838.0,10.12,10.4155,10.3875,10.8358,11.4125,0.995,-0.9756,-5.1402,1.1578,-2.5492,-2.2864,-17.4797

PRICE_WINDOW_180_ROW_084=20260402,10.15,10.15,9.96,9.97,119208.0,10.094,10.3784,10.351,10.8128,11.396,-1.7734,-1.2871,-6.8224,1.1565,-3.935,-3.6808,-18.9431

PRICE_WINDOW_180_ROW_085=20260407,10.0,10.0,9.94,9.96,320877.0,10.056,10.3435,10.314,10.7922,11.3765,-0.1003,-1.8719,-6.9159,2.9529,-3.7079,-3.4322,-19.0244

PRICE_WINDOW_180_ROW_086=20260408,10.05,10.1,9.98,10.1,128721.0,10.046,10.3232,10.289,10.7763,11.3582,1.4056,-0.4926,-4.717,1.2712,-2.1624,-1.8369,-17.8862

PRICE_WINDOW_180_ROW_087=20260409,10.1,10.1,9.96,10.0,86762.0,10.036,10.2963,10.254,10.7597,11.3407,-0.9901,-0.4975,-6.5421,0.8384,-2.8777,-2.4771,-18.6992

PRICE_WINDOW_180_ROW_088=20260410,10.75,10.75,10.0,10.0,66076.0,10.006,10.2716,10.2215,10.743,11.3248,0.0,-1.4778,-6.1033,0.6256,-2.6442,-2.167,-18.6992

PRICE_WINDOW_180_ROW_089=20260413,9.99,10.1,9.99,10.05,31897.0,10.022,10.2531,10.1915,10.728,11.3086,0.5,0.8024,-5.6338,0.3069,-1.9812,-1.3884,-18.2927

PRICE_WINDOW_180_ROW_090=20260414,10.05,10.1,9.98,10.0,238753.0,10.03,10.232,10.1715,10.713,11.2923,-0.4975,0.4016,-3.8462,2.1734,-2.2678,-1.6861,-18.6992

PRICE_WINDOW_180_ROW_091=20260415,10.0,10.1,9.99,9.99,130204.0,10.008,10.2119,10.1435,10.6978,11.276,-0.1,-1.0891,-5.3081,1.2224,-2.1727,-1.5133,-18.7805

PRICE_WINDOW_180_ROW_092=20260416,10.05,10.95,9.99,10.95,577281.0,10.198,10.2734,10.1585,10.6945,11.2672,9.6096,9.5,2.8169,4.3386,6.5861,7.7915,-10.9756

PRICE_WINDOW_180_ROW_093=20260417,10.95,12.0,10.95,12.0,1868481.0,10.598,10.4173,10.2285,10.7112,11.2698,9.589,20.0,13.2075,8.3101,15.1934,17.3193,-2.439

PRICE_WINDOW_180_ROW_094=20260420,12.0,12.0,11.2,11.35,586689.0,10.858,10.495,10.286,10.7137,11.2697,-5.4167,12.9353,11.2745,2.3739,8.1468,10.3442,-7.7236

PRICE_WINDOW_180_ROW_095=20260421,11.45,12.1,11.4,11.6,613247.0,11.178,10.5871,10.3585,10.7212,11.271,2.2026,16.0,14.2857,2.2308,9.5675,11.9853,-5.6911

PRICE_WINDOW_180_ROW_096=20260422,11.6,11.8,11.6,11.6,150084.0,11.5,10.6715,10.431,10.7287,11.2723,0.0,16.1161,14.2857,0.5475,8.7009,11.207,-5.6911

PRICE_WINDOW_180_ROW_097=20260423,11.9,11.9,10.9,11.0,261199.0,11.51,10.6989,10.471,10.727,11.2698,-5.1724,0.4566,7.8431,0.9146,2.8146,5.052,-10.5691

PRICE_WINDOW_180_ROW_098=20260424,11.05,11.4,10.75,11.0,217732.0,11.31,10.724,10.5085,10.7253,11.266,0.0,-8.3333,7.3171,0.7436,2.5741,4.6772,-10.5691

PRICE_WINDOW_180_ROW_099=20260427,11.25,11.25,10.8,11.0,53637.0,11.24,10.747,10.5535,10.7237,11.2606,0.0,-3.0837,8.9109,0.1829,2.3545,4.2308,-10.5691

PRICE_WINDOW_180_ROW_100=20260428,11.1,11.1,10.85,10.95,24703.0,11.11,10.7639,10.5935,10.722,11.2548,-0.4545,-5.6034,7.8818,0.0863,1.7291,3.3653,-10.9756

PRICE_WINDOW_180_ROW_101=20260429,11.1,11.6,11.0,11.2,252149.0,11.03,10.8002,10.646,10.7262,11.2493,2.2831,-3.4483,10.3448,0.8554,3.7015,5.2038,-8.9431

PRICE_WINDOW_180_ROW_102=20260430,11.25,11.4,11.15,11.35,193215.0,11.1,10.846,10.711,10.7312,11.2468,1.3393,3.1818,12.9353,0.64,4.6465,5.9658,-7.7236

PRICE_WINDOW_180_ROW_103=20260504,11.15,11.4,11.05,11.35,135596.0,11.17,10.888,10.771,10.7378,11.2393,0.0,3.1818,11.8227,0.4478,4.2429,5.3755,-7.7236

PRICE_WINDOW_180_ROW_104=20260505,11.15,11.15,11.0,11.0,53461.0,11.17,10.8974,10.8225,10.7387,11.2256,-3.0837,0.0,10.331,0.1785,0.9418,1.6401,-10.5691

PRICE_WINDOW_180_ROW_105=20260506,11.1,11.25,11.0,11.0,50448.0,11.18,10.9059,10.8745,10.7395,11.2106,0.0,0.4566,10.4418,0.1764,0.8627,1.1541,-10.5691

PRICE_WINDOW_180_ROW_106=20260507,10.95,11.2,10.9,11.15,78149.0,11.17,10.9263,10.927,10.7253,11.2002,1.3636,-0.4464,10.396,0.2757,2.0477,2.0408,-9.3496

PRICE_WINDOW_180_ROW_107=20260508,11.2,11.2,10.9,10.95,251217.0,11.09,10.9282,10.9745,10.7137,11.1877,-1.7937,-3.5242,9.5,0.8612,0.1991,-0.2232,-9.5041

PRICE_WINDOW_180_ROW_108=20260511,10.95,11.0,10.8,10.85,67601.0,10.99,10.9217,11.017,10.7012,11.1752,-0.9132,-4.4053,8.5,0.2317,-0.6567,-1.5158,-10.3306

PRICE_WINDOW_180_ROW_109=20260512,10.85,10.85,10.5,10.6,120529.0,10.91,10.8949,11.0445,10.6945,11.1602,-2.3041,-3.6364,5.4726,0.4069,-2.7068,-4.0246,-12.3967

PRICE_WINDOW_180_ROW_110=20260513,10.6,10.6,10.2,10.55,195293.0,10.82,10.8662,11.072,10.6895,11.1448,-0.4717,-4.0909,5.5,0.6642,-2.9096,-4.7146,-12.8099

PRICE_WINDOW_180_ROW_111=20260514,10.25,10.35,10.0,10.0,149496.0,10.59,10.794,11.0725,10.6712,11.1243,-5.2133,-10.3139,0.1001,0.5067,-7.3558,-9.6862,-17.3554

PRICE_WINDOW_180_ROW_112=20260515,10.05,10.15,9.97,10.0,57880.0,10.4,10.7278,11.025,10.6553,11.1039,0.0,-8.6758,-8.6758,0.2151,-6.7844,-9.2971,-17.3554

PRICE_WINDOW_180_ROW_113=20260518,10.05,10.05,9.97,9.97,43384.0,10.224,10.6647,10.9235,10.6415,11.0828,-0.3,-8.1106,-16.9167,0.244,-6.5137,-8.7289,-17.6033

PRICE_WINDOW_180_ROW_114=20260519,9.99,10.1,9.96,9.96,37291.0,10.096,10.6059,10.854,10.63,11.0633,-0.1003,-6.0377,-12.2467,0.2481,-6.0904,-8.2366,-17.686

PRICE_WINDOW_180_ROW_115=20260520,9.96,10.2,9.9,9.9,139854.0,9.966,10.5471,10.769,10.6167,11.0438,-0.6024,-6.1611,-14.6552,1.1043,-6.1355,-8.0695,-18.1818

PRICE_WINDOW_180_ROW_116=20260521,10.05,10.15,9.93,9.93,71839.0,9.952,10.4957,10.6855,10.6013,11.024,0.303,-0.7,-14.3966,0.5853,-5.3897,-7.0703,-17.9339

PRICE_WINDOW_180_ROW_117=20260522,9.98,9.99,9.91,9.96,39521.0,9.944,10.451,10.6335,10.584,11.007,0.3021,-0.4,-9.4545,0.354,-4.6986,-6.3338,-17.686

PRICE_WINDOW_180_ROW_118=20260525,9.96,10.0,9.93,9.95,83085.0,9.94,10.4093,10.581,10.564,10.992,-0.1004,-0.2006,-9.5455,0.7919,-4.4124,-5.9635,-17.7686

PRICE_WINDOW_180_ROW_119=20260526,9.98,10.2,9.98,9.98,38663.0,9.944,10.3735,10.53,10.5453,10.9748,0.3015,0.2008,-9.2727,0.3712,-3.7935,-5.2232,-17.5207

PRICE_WINDOW_180_ROW_120=20260527,10.35,10.35,9.92,10.05,281046.0,9.974,10.3466,10.485,10.5278,10.9585,0.7014,1.5152,-8.2192,2.4024,-2.8663,-4.1488,-16.9421

PRICE_WINDOW_180_ROW_121=20260528,10.1,10.25,9.96,9.97,255576.0,9.982,10.3152,10.4235,10.5098,10.9374,-0.796,0.4028,-10.9821,2.1815,-3.3463,-4.3507,-17.6033

PRICE_WINDOW_180_ROW_122=20260529,9.99,10.15,9.98,9.99,102890.0,9.988,10.2881,10.3555,10.4938,10.9169,0.2006,0.3012,-11.9824,0.9134,-2.8974,-3.5295,-17.438

PRICE_WINDOW_180_ROW_123=20260601,10.0,10.15,9.99,10.0,168609.0,9.998,10.2641,10.288,10.4822,10.8978,0.1001,0.5025,-11.8943,1.4753,-2.5728,-2.7994,-17.3554

PRICE_WINDOW_180_ROW_124=20260602,10.0,10.1,9.99,10.1,148656.0,10.022,10.2504,10.243,10.4722,10.8794,1.0,1.2024,-8.1818,1.2487,-1.4673,-1.3961,-16.5289

PRICE_WINDOW_180_ROW_125=20260603,10.1,10.15,10.0,10.05,71988.0,10.022,10.2337,10.1955,10.4613,10.8602,-0.495,0.0,-8.6364,0.5993,-1.7951,-1.4271,-16.9421

PRICE_WINDOW_180_ROW_126=20260604,10.05,10.05,9.99,10.05,161906.0,10.038,10.2184,10.1405,10.4522,10.8432,0.0,0.8024,-9.8655,1.3024,-1.6479,-0.8925,-16.9421

PRICE_WINDOW_180_ROW_127=20260605,10.0,10.15,9.99,10.05,251806.0,10.05,10.2044,10.0955,10.4413,10.8261,0.0,0.6006,-8.2192,2.025,-1.5127,-0.4507,-16.9421

PRICE_WINDOW_180_ROW_128=20260608,9.97,10.2,9.97,10.05,187157.0,10.06,10.1915,10.0555,10.4313,10.809,0.0,0.5,-7.3733,1.4361,-1.3884,-0.0547,-16.9421

PRICE_WINDOW_180_ROW_129=20260609,10.05,10.15,10.0,10.05,89000.0,10.05,10.1797,10.028,10.4213,10.7944,0.0,-0.495,-5.1887,0.6913,-1.2742,0.2194,-16.9421

PRICE_WINDOW_180_ROW_130=20260610,10.0,10.05,9.97,9.98,160468.0,10.036,10.1631,9.9995,10.4143,10.7788,-0.6965,-0.6965,-5.4028,1.2635,-1.8013,-0.195,-17.5207

PRICE_WINDOW_180_ROW_131=20260611,9.95,10.05,9.95,9.97,78601.0,10.02,10.147,9.998,10.4047,10.7623,-0.1002,-0.796,-0.3,0.6366,-1.7441,-0.2801,-17.6033

PRICE_WINDOW_180_ROW_132=20260612,10.05,10.1,9.96,10.05,55643.0,10.02,10.1389,10.0005,10.3947,10.7473,0.8024,0.0,0.5,0.4511,-0.8768,0.495,-16.9421

PRICE_WINDOW_180_ROW_133=20260615,10.05,10.15,10.05,10.15,59612.0,10.04,10.1398,10.0095,10.3872,10.7332,0.995,0.995,1.8054,0.4801,0.1004,1.4037,-16.1157

PRICE_WINDOW_180_ROW_134=20260616,10.25,10.25,9.98,10.0,69320.0,10.03,10.1282,10.0115,10.3838,10.7182,-1.4778,-0.4975,0.4016,0.5512,-1.2655,-0.1149,-17.3554

PRICE_WINDOW_180_ROW_135=20260617,10.05,10.15,9.7,10.15,207290.0,10.064,10.13,10.024,10.3838,10.704,1.5,1.7034,2.5253,1.6052,0.1976,1.257,-16.1157

PRICE_WINDOW_180_ROW_136=20260618,10.15,10.15,9.94,9.97,345805.0,10.064,10.1167,10.026,10.3808,10.6888,-1.7734,0.0,0.4028,2.4211,-1.4496,-0.5585,-17.6033

PRICE_WINDOW_180_ROW_137=20260622,9.98,9.98,9.5,9.74,1410964.0,10.002,10.0853,10.015,10.3732,10.6724,-2.3069,-3.0846,-2.2088,6.6742,-3.4235,-2.7459,-19.5041

PRICE_WINDOW_180_ROW_138=20260623,9.75,9.85,9.71,9.77,210306.0,9.926,10.059,10.006,10.3652,10.6576,0.308,-3.7438,-1.809,0.9657,-2.873,-2.3586,-19.2562

PRICE_WINDOW_180_ROW_139=20260624,9.78,9.91,9.75,9.86,82365.0,9.898,10.0424,10.0,10.3612,10.6435,0.9212,-1.4,-1.2024,0.3745,-1.8164,-1.4,-18.5124

PRICE_WINDOW_180_ROW_140=20260625,9.95,10.0,9.82,9.85,49484.0,9.838,10.0264,9.99,10.3562,10.6289,-0.1014,-2.9557,-1.99,0.2375,-1.7591,-1.4014,-18.595

PRICE_WINDOW_180_ROW_141=20260626,9.84,10.05,9.81,9.82,103471.0,9.808,10.0092,9.9825,10.3507,10.6149,-0.3046,-1.5045,-1.5045,0.5154,-1.8901,-1.6278,-18.843

PRICE_WINDOW_180_ROW_142=20260629,10.05,10.8,10.0,10.8,435457.0,10.02,10.0751,10.023,10.3632,10.6091,9.9796,10.883,8.1081,2.0031,7.1952,7.7522,-10.7438

PRICE_WINDOW_180_ROW_143=20260630,11.85,11.85,11.85,11.85,308832.0,10.436,10.223,10.1155,10.3915,10.6137,9.7222,21.2897,18.5,1.3762,15.9152,17.147,-2.0661

PRICE_WINDOW_180_ROW_144=20260701,13.0,13.0,11.15,11.65,2095029.0,10.794,10.3419,10.193,10.4195,10.6162,-1.6878,18.1542,15.3465,6.5119,12.6485,14.2941,-10.3846

PRICE_WINDOW_180_ROW_145=20260702,11.6,11.6,11.0,11.0,351506.0,11.024,10.3967,10.2405,10.4368,10.6145,-5.5794,11.6751,9.4527,1.0471,5.8023,7.4166,-15.3846

PRICE_WINDOW_180_ROW_146=20260703,11.2,11.4,11.1,11.2,175403.0,11.3,10.4637,10.298,10.4552,10.6158,1.8182,14.053,11.4428,0.5214,7.0368,8.759,-13.8462

PRICE_WINDOW_180_ROW_147=20260706,11.65,11.95,11.25,11.35,260744.0,11.41,10.5375,10.363,10.4777,10.6187,1.3393,5.0926,12.9353,0.7741,7.7101,9.5243,-12.6923

PRICE_WINDOW_180_ROW_148=20260707,11.55,11.55,10.95,10.95,121628.0,11.23,10.5719,10.408,10.4935,10.6182,-3.5242,-7.5949,8.9552,0.3647,3.5763,5.2075,-15.7692

PRICE_WINDOW_180_ROW_149=20260708,10.95,11.0,10.85,10.9,50707.0,11.08,10.5993,10.4505,10.5077,10.6178,-0.4566,-6.4378,8.4577,0.1529,2.8374,4.3012,-16.1538

PRICE_WINDOW_180_ROW_150=20260709,11.15,11.15,10.8,10.9,44620.0,11.06,10.6243,10.4965,10.5227,10.6178,0.0,-0.9091,9.2184,0.1369,2.5948,3.8441,-16.1538

PRICE_WINDOW_180_ROW_151=20260713,10.8,10.8,10.2,10.25,78462.0,10.87,10.5931,10.5105,10.527,10.6124,-5.9633,-8.4821,2.8084,0.2408,-3.2391,-2.4785,-21.1538

PRICE_WINDOW_180_ROW_152=20260714,10.45,10.45,10.05,10.15,70573.0,10.63,10.5562,10.5155,10.5137,10.6041,-0.9756,-10.5727,0.995,0.2161,-3.848,-3.4758,-21.9231

PRICE_WINDOW_180_ROW_153=20260715,10.15,10.45,10.15,10.4,77700.0,10.52,10.5432,10.528,10.487,10.5991,2.4631,-5.0228,2.4631,0.2373,-1.3581,-1.2158,-20.0

PRICE_WINDOW_180_ROW_154=20260716,10.55,10.95,10.35,10.35,67497.0,10.41,10.5271,10.5455,10.4703,10.592,-0.4808,-5.0459,3.5,0.2062,-1.6822,-1.8539,-20.3846

PRICE_WINDOW_180_ROW_155=20260717,10.35,10.35,10.05,10.1,39481.0,10.25,10.4915,10.543,10.4453,10.5832,-2.4155,-7.3394,-0.4926,0.1238,-3.7315,-4.2018,-22.3077

PRICE_WINDOW_180_ROW_156=20260720,10.2,10.3,10.0,10.05,67455.0,10.21,10.4547,10.547,10.4195,10.5741,-0.495,-1.9512,0.8024,0.2211,-3.871,-4.7122,-22.6923

PRICE_WINDOW_180_ROW_157=20260721,10.05,10.1,10.0,10.05,73894.0,10.19,10.421,10.5625,10.4037,10.5653,0.0,-0.9852,3.1828,0.3102,-3.5599,-4.8521,-22.6923

PRICE_WINDOW_180_ROW_158=20260722,10.2,10.2,10.0,10.05,38532.0,10.12,10.3901,10.5765,10.3878,10.5566,0.0,-3.3654,2.8659,0.1678,-3.273,-4.978,-22.6923

PRICE_WINDOW_180_ROW_159=20260723,10.2,10.2,9.99,10.0,56605.0,10.05,10.3576,10.5835,10.3712,10.5474,-0.4975,-3.3816,1.4199,0.2479,-3.4521,-5.5133,-23.0769

PRICE_WINDOW_180_ROW_160=20260724,9.98,10.0,9.93,10.0,46366.0,10.03,10.3278,10.591,10.3553,10.5387,0.0,-0.9901,1.5228,0.2032,-3.1736,-5.5802,-23.0769

PRICE_WINDOW_180_ROW_161=20260727,10.0,10.05,9.92,9.99,37295.0,10.018,10.2996,10.5995,10.3352,10.5307,-0.1,-0.597,1.7312,0.1658,-3.0061,-5.7503,-23.1538

PRICE_WINDOW_180_ROW_162=20260728,9.9,9.98,9.87,9.97,60196.0,10.002,10.2721,10.558,10.3122,10.5217,-0.2002,-0.796,-7.6852,0.292,-2.9414,-5.5692,-23.3077

PRICE_WINDOW_180_ROW_163=20260729,10.2,10.2,9.81,9.88,112993.0,9.968,10.2395,10.4595,10.2877,10.5128,-0.9027,-1.6915,-16.6245,0.5755,-3.5106,-5.5404,-24.0

PRICE_WINDOW_180_ROW_164=20260730,9.88,9.88,9.54,9.57,72534.0,9.882,10.1837,10.3555,10.2638,10.5012,-3.1377,-4.3,-17.8541,0.7618,-6.0261,-7.5853,-26.3846

PRICE_WINDOW_180_ROW_165=20260731,9.65,9.92,9.6,9.91,114547.0,9.864,10.1609,10.301,10.2457,10.4926,3.5528,-0.9,-9.9091,1.3741,-2.469,-3.7957,-23.7692

PRICE_WINDOW_180_ROW_166=20260803,9.8,9.81,9.7,9.81,53378.0,9.828,10.1316,10.2315,10.2233,10.4743,-1.0091,-1.8018,-12.4107,0.6909,-3.1745,-4.1196,-24.5385

PRICE_WINDOW_180_ROW_167=20260804,9.82,9.82,9.72,9.72,48996.0,9.778,10.0973,10.15,10.2028,10.4582,-0.9174,-2.5075,-14.3612,0.7349,-3.7369,-4.2365,-25.2308

PRICE_WINDOW_180_ROW_168=20260805,9.73,9.73,9.67,9.67,57363.0,9.736,10.0617,10.086,10.1832,10.4422,-0.5144,-2.1255,-11.6895,0.9039,-3.8932,-4.1245,-25.6154

PRICE_WINDOW_180_ROW_169=20260806,9.69,9.76,9.5,9.66,88321.0,9.754,10.0282,10.024,10.1675,10.431,-0.1034,0.9404,-11.3761,1.3517,-3.6721,-3.6313,-25.6923

PRICE_WINDOW_180_ROW_170=20260807,9.8,9.8,9.59,9.59,56371.0,9.69,9.9917,9.9585,10.1515,10.4205,-0.7246,-3.2291,-12.0183,0.855,-4.0206,-3.7004,-26.2308

PRICE_WINDOW_180_ROW_171=20260810,9.59,9.69,9.56,9.66,46716.0,9.66,9.9641,9.929,10.1458,10.4085,0.7299,-1.5291,-5.7561,0.7261,-3.0517,-2.7092,-25.6923

PRICE_WINDOW_180_ROW_172=20260811,9.59,9.64,9.54,9.54,43499.0,9.624,9.9287,9.8985,10.1382,10.3968,-1.2422,-1.8519,-6.0099,0.6906,-3.9153,-3.6218,-26.6154

PRICE_WINDOW_180_ROW_173=20260812,9.55,9.6,9.51,9.54,76667.0,9.598,9.8963,9.8555,10.131,10.3862,0.0,-1.3444,-8.2692,1.2182,-3.6008,-3.2013,-26.6154

PRICE_WINDOW_180_ROW_174=20260813,9.54,9.77,9.52,9.56,92663.0,9.578,9.8683,9.816,10.1243,10.3772,0.2096,-1.0352,-7.6329,1.4435,-3.1243,-2.608,-26.4615

PRICE_WINDOW_180_ROW_175=20260814,9.57,9.57,9.52,9.52,57143.0,9.564,9.8393,9.787,10.118,10.3673,-0.4184,-0.7299,-5.7426,0.8781,-3.245,-2.7281,-26.7692

PRICE_WINDOW_180_ROW_176=20260817,9.51,9.74,9.43,9.69,252977.0,9.57,9.8268,9.769,10.114,10.3577,1.7857,0.3106,-3.5821,3.4024,-1.3926,-0.8087,-25.4615

PRICE_WINDOW_180_ROW_177=20260818,9.69,9.72,9.62,9.66,47791.0,9.594,9.8129,9.7495,10.109,10.3465,-0.3096,1.2579,-3.8806,0.6542,-1.5586,-0.918,-25.6923

PRICE_WINDOW_180_ROW_178=20260819,9.65,9.65,9.51,9.51,57918.0,9.588,9.7877,9.7225,10.1017,10.3328,-1.5528,-0.3145,-5.3731,0.7825,-2.8372,-2.1857,-26.8462

PRICE_WINDOW_180_ROW_179=20260820,9.55,9.55,9.45,9.5,38938.0,9.576,9.7637,9.6975,10.0937,10.3195,-0.1052,-0.6276,-5.0,0.5324,-2.7011,-2.0366,-26.9231

PRICE_WINDOW_180_ROW_180=20260821,9.47,9.6,9.47,9.6,34752.0,9.592,9.7501,9.6775,10.0862,10.307,1.0526,0.8403,-4.0,0.479,-1.5393,-0.8008,-26.1538
