# PRICE_WINDOW_180

columns=date,open,high,low,close,volume,ma5,ema23,ma20,ma60,ma120,return_1d,return_5d,return_20d,volume_ratio,distance_to_ema23_pct,distance_to_ma20_pct,distance_to_high_60_pct

PRICE_WINDOW_180_ROW_001=20251208,70.0,70.9,69.2,70.0,1327620.0,71.04,75.0436,75.205,80.195,83.4358,-1.2694,-1.8233,-11.9497,1.9976,-6.7209,-6.9211,-21.6125

PRICE_WINDOW_180_ROW_002=20251209,69.5,69.5,68.2,68.4,1010558.0,70.4,74.49,74.58,79.9567,83.2575,-2.2857,-4.4693,-15.4512,1.4622,-8.1756,-8.2864,-23.4043

PRICE_WINDOW_180_ROW_003=20251210,68.1,68.8,68.0,68.5,379745.0,69.9,73.9908,74.0,79.73,83.0725,0.1462,-3.5211,-14.4819,0.5466,-7.4209,-7.4324,-23.2923

PRICE_WINDOW_180_ROW_004=20251211,68.6,69.4,68.3,69.3,563000.0,69.42,73.5999,73.47,79.5233,82.9008,1.1679,-3.3473,-13.2666,0.7963,-5.8423,-5.6758,-22.3964

PRICE_WINDOW_180_ROW_005=20251212,69.5,70.2,69.0,69.5,342577.0,69.14,73.2583,72.94,79.32,82.7292,0.2886,-1.9746,-13.2335,0.4838,-5.1301,-4.7162,-22.1725

PRICE_WINDOW_180_ROW_006=20251215,69.5,70.3,69.3,69.6,339165.0,69.06,72.9534,72.42,79.1183,82.5575,0.1439,-0.5714,-13.0,0.4811,-4.5966,-3.894,-22.0605

PRICE_WINDOW_180_ROW_007=20251216,69.5,69.8,68.8,69.3,299387.0,69.24,72.649,71.94,78.91,82.375,-0.431,1.3158,-12.1673,0.4313,-4.6098,-3.6697,-22.3964

PRICE_WINDOW_180_ROW_008=20251217,69.0,69.5,69.0,69.0,242836.0,69.34,72.3449,71.525,78.695,82.1925,-0.4329,0.7299,-10.7374,0.3567,-4.6235,-3.5302,-22.7324

PRICE_WINDOW_180_ROW_009=20251218,69.2,69.2,68.0,68.0,645775.0,69.08,71.9828,71.07,78.4617,81.9975,-1.4493,-1.8759,-11.8029,0.9271,-5.533,-4.3197,-23.8522

PRICE_WINDOW_180_ROW_010=20251219,67.5,68.3,67.5,67.8,558986.0,68.74,71.6342,70.65,78.23,81.7958,-0.2941,-2.446,-11.0236,0.8008,-5.3525,-4.034,-24.0761

PRICE_WINDOW_180_ROW_011=20251222,67.8,68.6,67.7,68.6,327223.0,68.54,71.3814,70.325,78.0117,81.6008,1.1799,-1.4368,-8.6551,0.4767,-3.8965,-2.4529,-23.1803

PRICE_WINDOW_180_ROW_012=20251223,68.6,69.0,68.0,68.7,261237.0,68.42,71.1579,70.12,77.7967,81.4067,0.1458,-0.8658,-5.6319,0.4066,-3.4542,-2.0251,-23.0683

PRICE_WINDOW_180_ROW_013=20251224,68.7,69.4,68.4,68.5,251116.0,68.32,70.9364,69.85,77.5783,81.2142,-0.2911,-0.7246,-7.3072,0.4192,-3.4347,-1.9327,-23.2923

PRICE_WINDOW_180_ROW_014=20251226,68.5,68.5,66.9,67.1,839101.0,68.14,70.6167,69.515,77.33,81.0025,-2.0438,-1.3235,-9.0786,1.42,-4.98,-3.4741,-24.86

PRICE_WINDOW_180_ROW_015=20251229,67.0,68.4,66.8,67.8,658104.0,68.14,70.382,69.33,77.0967,80.8008,1.0432,0.0,-5.1748,1.2288,-3.6686,-2.2068,-24.0761

PRICE_WINDOW_180_ROW_016=20251230,67.5,68.5,66.5,68.5,673593.0,68.12,70.2252,69.19,76.8717,80.6067,1.0324,-0.1458,-3.9271,1.2653,-2.4566,-0.9973,-23.2923

PRICE_WINDOW_180_ROW_017=20251231,68.1,69.1,67.8,68.1,316850.0,68.0,70.0481,69.015,76.6483,80.4142,-0.5839,-0.8734,-4.8883,0.6032,-2.7811,-1.3258,-23.7402

PRICE_WINDOW_180_ROW_018=20260102,68.0,68.4,67.0,67.1,561716.0,67.72,69.8024,68.82,76.4083,80.2133,-1.4684,-2.0438,-5.493,1.0535,-3.8715,-2.4993,-24.86

PRICE_WINDOW_180_ROW_019=20260105,67.1,67.3,66.0,66.4,643584.0,67.58,69.5189,68.555,76.145,80.0425,-1.0432,-1.0432,-7.3919,1.179,-4.4864,-3.1435,-25.6439

PRICE_WINDOW_180_ROW_020=20260106,66.2,67.6,66.2,67.1,485313.0,67.44,69.3173,68.365,75.8517,79.8775,1.0542,-1.0324,-5.3597,0.9048,-3.1988,-1.8504,-24.86

PRICE_WINDOW_180_ROW_021=20260107,67.3,69.6,67.1,69.5,621714.0,67.64,69.3325,68.34,75.5933,79.7367,3.5768,1.4599,-0.7143,1.2408,0.2416,1.6974,-22.1725

PRICE_WINDOW_180_ROW_022=20260108,69.8,70.0,68.9,69.3,350741.0,67.88,69.3298,68.385,75.2933,79.5933,-0.2878,1.7621,1.3158,0.7493,-0.043,1.338,-22.3964

PRICE_WINDOW_180_ROW_023=20260109,69.4,70.3,69.4,69.4,520602.0,68.34,69.3357,68.43,75.0333,79.45,0.1443,3.4277,1.3139,1.0957,0.0928,1.4175,-22.2844

PRICE_WINDOW_180_ROW_024=20260112,69.4,70.4,69.1,70.4,558268.0,69.14,69.4244,68.485,74.7183,79.3108,1.4409,6.0241,1.5873,1.1756,1.4053,2.7962,-20.8989

PRICE_WINDOW_180_ROW_025=20260113,70.3,70.3,69.5,70.2,333587.0,69.76,69.489,68.52,74.4333,79.1317,-0.2841,4.62,1.0072,0.7031,1.0232,2.4518,-19.2175

PRICE_WINDOW_180_ROW_026=20260114,70.5,71.4,70.4,71.1,576000.0,70.08,69.6232,68.595,74.1983,78.9658,1.2821,2.3022,2.1552,1.1845,2.1211,3.6519,-16.3529

PRICE_WINDOW_180_ROW_027=20260115,71.6,71.8,71.1,71.8,296026.0,70.58,69.8046,68.72,73.9883,78.8267,0.9845,3.6075,3.6075,0.609,2.8585,4.482,-15.4299

PRICE_WINDOW_180_ROW_028=20260116,72.6,72.6,71.0,71.5,380951.0,71.0,69.9459,68.845,73.7833,78.6808,-0.4178,3.0259,3.6232,0.7727,2.2218,3.8565,-15.7833

PRICE_WINDOW_180_ROW_029=20260119,71.1,71.9,70.8,71.6,425742.0,71.24,70.0838,69.025,73.58,78.5375,0.1399,1.7045,5.2941,0.8832,2.1635,3.7305,-15.1659

PRICE_WINDOW_180_ROW_030=20260120,71.6,71.6,70.9,71.2,284335.0,71.44,70.1768,69.195,73.37,78.3958,-0.5587,1.4245,5.0147,0.6072,1.4581,2.8976,-15.1371

PRICE_WINDOW_180_ROW_031=20260121,71.2,71.2,70.1,70.6,358177.0,71.34,70.212,69.295,73.1633,78.245,-0.8427,-0.7032,2.9155,0.7623,0.5525,1.8833,-14.9398

PRICE_WINDOW_180_ROW_032=20260122,70.7,72.0,70.5,71.8,394205.0,71.34,70.3444,69.45,72.9867,78.1117,1.6997,0.0,4.5124,0.8273,2.0693,3.3837,-13.1802

PRICE_WINDOW_180_ROW_033=20260123,71.8,72.8,71.8,72.5,330189.0,71.54,70.524,69.65,72.8233,77.9833,0.9749,1.3986,5.8394,0.6873,2.8019,4.0919,-12.3337

PRICE_WINDOW_180_ROW_034=20260126,72.7,73.9,72.7,73.5,631534.0,71.92,70.772,69.97,72.6817,77.8717,1.3793,2.6536,9.538,1.3435,3.8546,5.045,-11.1245

PRICE_WINDOW_180_ROW_035=20260127,73.5,73.9,72.2,72.7,410050.0,72.22,70.9327,70.215,72.5367,77.7542,-1.0884,2.1067,7.2271,0.896,2.4915,3.5391,-11.6646

PRICE_WINDOW_180_ROW_036=20260128,72.7,74.0,72.6,73.6,481488.0,72.82,71.155,70.47,72.3917,77.6508,1.238,4.2493,7.4453,1.0746,3.4362,4.4416,-10.1343

PRICE_WINDOW_180_ROW_037=20260129,73.7,74.5,73.0,74.1,447010.0,73.28,71.4004,70.77,72.2733,77.5542,0.6793,3.2033,8.8106,0.9834,3.781,4.7054,-8.9681

PRICE_WINDOW_180_ROW_038=20260130,74.5,74.5,73.4,74.1,487716.0,73.6,71.6253,71.12,72.1717,77.4608,0.0,2.2069,10.4322,1.0817,3.455,4.1901,-8.9681

PRICE_WINDOW_180_ROW_039=20260202,74.1,74.1,72.2,72.5,367533.0,73.4,71.6982,71.425,72.0417,77.3558,-2.1592,-1.3605,9.1867,0.8409,1.1183,1.5051,-10.9337

PRICE_WINDOW_180_ROW_040=20260203,72.8,73.0,72.2,72.4,217991.0,73.34,71.7567,71.69,71.9117,77.2517,-0.1379,-0.4127,7.8987,0.5145,0.8965,0.9904,-11.0565

PRICE_WINDOW_180_ROW_041=20260204,73.4,73.7,72.7,73.4,267935.0,73.3,71.8937,71.885,71.81,77.1667,1.3812,-0.2717,5.6115,0.6599,2.0952,2.1075,-9.828

PRICE_WINDOW_180_ROW_042=20260205,73.1,73.4,71.9,72.4,352915.0,72.96,71.9358,72.04,71.6683,77.0767,-1.3624,-2.2942,4.4733,0.869,0.6452,0.4997,-11.0565

PRICE_WINDOW_180_ROW_043=20260206,72.1,72.9,71.8,72.5,315083.0,72.64,71.9829,72.195,71.5417,76.9975,0.1381,-2.1592,4.4669,0.796,0.7184,0.4225,-10.6042

PRICE_WINDOW_180_ROW_044=20260209,72.9,73.7,72.9,73.0,289365.0,72.74,72.0676,72.325,71.4267,76.915,0.6897,0.6897,3.6932,0.7567,1.2938,0.9333,-9.9877

PRICE_WINDOW_180_ROW_045=20260210,71.6,72.4,70.4,71.4,647097.0,72.54,72.012,72.385,71.2817,76.8258,-2.1918,-1.3812,1.7094,1.6256,-0.8498,-1.3608,-10.9726

PRICE_WINDOW_180_ROW_046=20260211,71.6,72.5,70.8,72.2,393340.0,72.3,72.0277,72.44,71.1517,76.7467,1.1204,-1.6349,1.5471,1.0113,0.2393,-0.3313,-9.75

PRICE_WINDOW_180_ROW_047=20260223,73.0,73.5,72.5,72.7,438875.0,72.36,72.0837,72.485,71.0483,76.6658,0.6925,0.4144,1.2535,1.1081,0.855,0.2966,-7.858

PRICE_WINDOW_180_ROW_048=20260224,72.7,73.3,72.6,73.2,411828.0,72.5,72.1767,72.57,70.98,76.5958,0.6878,0.9655,2.3776,1.0357,1.4178,0.8681,-6.1538

PRICE_WINDOW_180_ROW_049=20260225,73.1,73.1,71.8,72.5,482790.0,72.4,72.2037,72.615,70.9033,76.5192,-0.9563,-0.6849,1.257,1.2056,0.4104,-0.1584,-7.0513

PRICE_WINDOW_180_ROW_050=20260226,72.5,72.5,71.5,72.0,603973.0,72.52,72.1867,72.655,70.8333,76.4392,-0.6897,0.8403,1.1236,1.4503,-0.2586,-0.9015,-6.3719

PRICE_WINDOW_180_ROW_051=20260302,72.0,72.0,70.6,71.3,526372.0,72.34,72.1128,72.69,70.77,76.3525,-0.9722,-1.2465,0.9915,1.2389,-1.1271,-1.9122,-5.0599

PRICE_WINDOW_180_ROW_052=20260303,70.9,72.0,70.9,71.8,474046.0,72.16,72.0867,72.69,70.7533,76.2708,0.7013,-1.238,0.0,1.1054,-0.3977,-1.2244,-3.6242

PRICE_WINDOW_180_ROW_053=20260304,71.0,71.2,69.1,69.1,628361.0,71.34,71.8378,72.52,70.6733,76.1608,-3.7604,-5.6011,-4.6897,1.416,-3.8111,-4.7159,-7.2483

PRICE_WINDOW_180_ROW_054=20260305,70.5,70.7,68.6,68.9,469574.0,70.62,71.593,72.29,70.5917,76.0508,-0.2894,-4.9655,-6.2585,1.0778,-3.7616,-4.6894,-7.5168

PRICE_WINDOW_180_ROW_055=20260306,68.9,69.7,68.0,69.1,488472.0,70.04,71.3853,72.11,70.5517,75.9433,0.2903,-4.0278,-4.9519,1.1112,-3.2013,-4.1742,-7.2483

PRICE_WINDOW_180_ROW_056=20260309,68.5,71.5,67.6,67.7,866370.0,69.32,71.0782,71.815,70.4917,75.8233,-2.026,-5.0491,-8.0163,1.8882,-4.7527,-5.73,-9.1275

PRICE_WINDOW_180_ROW_057=20260310,68.5,68.9,67.5,68.6,442878.0,68.68,70.8716,71.54,70.4417,75.7133,1.3294,-4.4568,-7.4224,0.9657,-3.2053,-4.1096,-7.9195

PRICE_WINDOW_180_ROW_058=20260311,68.6,70.0,68.6,69.7,336934.0,68.8,70.774,71.32,70.42,75.6133,1.6035,0.8683,-5.9379,0.7469,-1.5175,-2.2715,-6.443

PRICE_WINDOW_180_ROW_059=20260312,68.7,70.7,68.7,70.3,446009.0,69.08,70.7345,71.21,70.3967,75.5058,0.8608,2.0319,-3.0345,0.9802,-0.6143,-1.2779,-5.6376

PRICE_WINDOW_180_ROW_060=20260313,71.0,77.3,70.6,76.1,3751803.0,70.48,71.1816,71.395,70.4833,75.4483,8.2504,10.1302,5.1105,5.9392,6.9096,6.5901,-1.5524

PRICE_WINDOW_180_ROW_061=20260316,75.5,78.2,74.3,76.8,2205459.0,72.3,71.6498,71.565,70.5967,75.3958,0.9198,13.4417,4.6322,3.0271,7.188,7.315,-1.7903

PRICE_WINDOW_180_ROW_062=20260317,75.3,76.7,74.4,75.0,956325.0,73.58,71.929,71.695,70.7067,75.3317,-2.3438,9.3294,3.5912,1.2604,4.2695,4.6098,-4.0921

PRICE_WINDOW_180_ROW_063=20260318,74.1,75.2,74.0,74.2,641831.0,74.48,72.1183,71.78,70.8017,75.2658,-1.0667,6.4562,2.3448,0.8281,2.8866,3.3714,-5.1151

PRICE_WINDOW_180_ROW_064=20260319,74.7,78.3,74.2,76.6,2152461.0,75.74,72.4917,71.96,70.9233,75.2233,3.2345,8.9616,4.9315,2.4791,5.6672,6.448,-2.1711

PRICE_WINDOW_180_ROW_065=20260320,77.0,77.1,74.0,74.0,1236082.0,75.32,72.6174,72.09,70.9983,75.1592,-3.3943,-2.7595,3.6415,1.377,1.9039,2.6495,-5.4917

PRICE_WINDOW_180_ROW_066=20260323,72.8,78.7,72.8,75.7,2049815.0,75.1,72.8743,72.265,71.1,75.1092,2.2973,-1.4323,4.8476,2.0906,3.8775,4.7533,-3.8119

PRICE_WINDOW_180_ROW_067=20260324,73.4,73.4,71.1,73.0,966580.0,74.7,72.8848,72.28,71.1617,75.0358,-3.5667,-2.6667,0.4127,0.96,0.1581,0.9961,-7.2427

PRICE_WINDOW_180_ROW_068=20260325,71.5,74.0,71.5,72.5,708211.0,74.36,72.8527,72.245,71.22,74.9575,-0.6849,-2.2911,-0.9563,0.6932,-0.4841,0.353,-7.878

PRICE_WINDOW_180_ROW_069=20260326,73.0,74.4,72.8,73.4,456365.0,73.72,72.8983,72.29,71.31,74.8858,1.2414,-4.1775,1.2414,0.4472,0.6882,1.5355,-6.7344

PRICE_WINDOW_180_ROW_070=20260327,80.6,80.7,78.8,80.7,4762797.0,75.06,73.5485,72.725,71.525,74.8775,9.9455,9.0541,12.0833,3.8774,9.7236,10.966,0.0

PRICE_WINDOW_180_ROW_071=20260330,88.7,88.7,88.4,88.7,4364658.0,77.66,74.8111,73.595,71.86,74.9358,9.9133,17.1731,24.4039,3.0732,18.5653,20.5245,0.0

PRICE_WINDOW_180_ROW_072=20260331,91.3,93.9,84.6,88.0,7805681.0,80.66,75.9102,74.405,72.1817,74.9892,-0.7892,20.5479,22.5627,4.3684,15.9265,18.2716,-6.2833

PRICE_WINDOW_180_ROW_073=20260401,86.9,88.8,82.8,86.7,3851000.0,83.5,76.8093,75.285,72.485,75.0317,-1.4773,19.5862,25.4703,1.9769,12.8769,15.1624,-7.6677

PRICE_WINDOW_180_ROW_074=20260402,84.7,87.4,83.2,85.2,3871982.0,85.86,77.5085,76.1,72.7867,75.0583,-1.7301,16.0763,23.6575,1.8281,9.9234,11.958,-9.2652

PRICE_WINDOW_180_ROW_075=20260407,85.1,85.2,82.0,84.8,3497312.0,86.68,78.1162,76.885,73.07,75.0833,-0.4695,5.0805,22.7207,1.5417,8.5563,10.2946,-9.6912

PRICE_WINDOW_180_ROW_076=20260408,80.0,80.0,76.8,78.1,4595801.0,84.56,78.1148,77.405,73.23,75.0508,-7.9009,-11.9504,15.3619,1.872,-0.019,0.8979,-16.8264

PRICE_WINDOW_180_ROW_077=20260409,78.1,80.5,76.6,77.2,2586827.0,82.4,78.0386,77.835,73.3817,75.015,-1.1524,-12.2727,12.5364,1.0096,-1.0746,-0.8158,-17.7849

PRICE_WINDOW_180_ROW_078=20260410,78.4,78.9,77.6,78.1,1024832.0,80.68,78.0437,78.255,73.565,74.9867,1.1658,-9.9193,12.0516,0.3947,0.0721,-0.1981,-16.8264

PRICE_WINDOW_180_ROW_079=20260413,79.6,81.5,79.5,81.2,2466333.0,79.88,78.3067,78.8,73.8117,74.9783,3.9693,-4.6948,15.505,0.9143,3.6948,3.0457,-13.525

PRICE_WINDOW_180_ROW_080=20260414,81.3,82.3,79.8,81.4,1347279.0,79.2,78.5645,79.065,74.05,74.9508,0.2463,-4.0094,6.9645,0.5227,3.6091,2.9533,-13.312

PRICE_WINDOW_180_ROW_081=20260415,81.0,82.2,79.8,81.9,1294968.0,79.96,78.8425,79.32,74.2567,74.925,0.6143,4.8656,6.6406,0.5115,3.878,3.2526,-12.7796

PRICE_WINDOW_180_ROW_082=20260416,81.9,83.0,80.8,81.5,728714.0,80.82,79.0639,79.645,74.46,74.8767,-0.4884,5.5699,8.6667,0.2891,3.0812,2.3291,-13.2055

PRICE_WINDOW_180_ROW_083=20260417,81.9,82.3,80.3,81.2,665885.0,81.44,79.2419,79.995,74.6567,74.845,-0.3681,3.9693,9.434,0.2641,2.471,1.5063,-13.525

PRICE_WINDOW_180_ROW_084=20260420,80.3,81.4,79.8,80.1,967901.0,81.22,79.3134,80.17,74.8183,74.7683,-1.3547,-1.3547,4.5692,0.3931,0.9917,-0.0873,-14.6965

PRICE_WINDOW_180_ROW_085=20260421,80.6,83.4,80.6,83.3,1376279.0,81.6,79.6456,80.635,75.0367,74.735,3.995,2.3342,12.5676,0.5573,4.5883,3.305,-11.2886

PRICE_WINDOW_180_ROW_086=20260422,84.0,85.4,82.0,82.1,1965417.0,81.64,79.8502,80.955,75.22,74.7092,-1.4406,0.2442,8.4544,0.7973,2.8176,1.4144,-12.5666

PRICE_WINDOW_180_ROW_087=20260423,82.2,82.5,79.1,80.8,1713858.0,81.5,79.9293,81.345,75.37,74.6792,-1.5834,-0.8589,10.6849,0.6848,1.0893,-0.67,-13.951

PRICE_WINDOW_180_ROW_088=20260424,81.4,81.8,80.4,81.0,483803.0,81.46,80.0185,81.77,75.5283,74.6558,0.2475,-0.2463,11.7241,0.1942,1.2265,-0.9417,-13.738

PRICE_WINDOW_180_ROW_089=20260427,81.4,81.4,77.8,78.2,1063735.0,81.08,79.867,82.01,75.6383,74.6092,-3.4568,-2.372,6.5395,0.4218,-2.0872,-4.6458,-16.7199

PRICE_WINDOW_180_ROW_090=20260428,77.8,78.6,77.3,78.3,605629.0,80.08,79.7364,81.89,75.7567,74.5633,0.1279,-6.0024,-2.974,0.2617,-1.8015,-4.3839,-16.6134

PRICE_WINDOW_180_ROW_091=20260429,79.0,79.0,77.3,78.0,461561.0,79.26,79.5917,81.355,75.88,74.5217,-0.3831,-4.9939,-12.0631,0.2178,-1.9999,-4.1239,-16.9329

PRICE_WINDOW_180_ROW_092=20260430,77.7,78.9,77.6,78.3,558962.0,78.76,79.4841,80.87,75.9883,74.4875,0.3846,-3.0941,-11.0227,0.3182,-1.4897,-3.1779,-16.6134

PRICE_WINDOW_180_ROW_093=20260504,78.0,78.2,76.8,77.1,816152.0,77.98,79.2854,80.39,76.065,74.4442,-1.5326,-4.8148,-11.0727,0.5086,-2.7564,-4.0925,-17.8914

PRICE_WINDOW_180_ROW_094=20260505,77.2,78.2,76.9,78.0,397000.0,77.94,79.1783,80.03,76.14,74.4108,1.1673,-0.2558,-8.4507,0.2774,-1.4881,-2.5365,-16.9329

PRICE_WINDOW_180_ROW_095=20260506,78.2,79.0,77.4,78.8,611663.0,78.04,79.1468,79.73,76.2417,74.3892,1.0256,0.6386,-7.0755,0.4754,-0.4381,-1.1664,-16.0809

PRICE_WINDOW_180_ROW_096=20260507,78.6,79.3,78.3,78.7,528358.0,78.18,79.1095,79.76,76.3267,74.3592,-0.1269,0.8974,0.7682,0.4877,-0.5177,-1.329,-16.1874

PRICE_WINDOW_180_ROW_097=20260508,80.2,82.0,78.7,79.9,1227386.0,78.5,79.1754,79.895,76.4233,74.3483,1.5248,2.0434,3.4974,1.2089,0.9152,0.0063,-14.9095

PRICE_WINDOW_180_ROW_098=20260511,80.0,82.3,80.0,80.8,1171379.0,79.24,79.3108,80.03,76.535,74.3533,1.1264,4.799,3.4571,1.1455,1.8777,0.9621,-13.951

PRICE_WINDOW_180_ROW_099=20260512,81.7,82.2,80.1,81.0,869556.0,79.84,79.4516,80.02,76.6767,74.3592,0.2475,3.8462,-0.2463,0.9223,1.9489,1.2247,-13.738

PRICE_WINDOW_180_ROW_100=20260513,81.0,81.3,80.1,80.2,457337.0,80.12,79.5139,79.96,76.8067,74.3592,-0.9877,1.7766,-1.4742,0.5091,0.8628,0.3002,-14.59

PRICE_WINDOW_180_ROW_101=20260514,79.8,81.5,79.5,80.7,749130.0,80.52,79.6128,79.9,76.9283,74.3692,0.6234,2.5413,-1.4652,0.8601,1.3657,1.0013,-14.0575

PRICE_WINDOW_180_ROW_102=20260515,81.3,81.3,79.1,79.3,735795.0,80.4,79.5867,79.79,77.0433,74.3558,-1.7348,-0.7509,-2.6994,0.8444,-0.3602,-0.6141,-15.5485

PRICE_WINDOW_180_ROW_103=20260518,79.4,79.4,78.2,79.0,471211.0,80.04,79.5378,79.68,77.1517,74.3467,-0.3783,-2.2277,-2.7094,0.5469,-0.6762,-0.8534,-15.8679

PRICE_WINDOW_180_ROW_104=20260519,78.5,79.5,77.7,78.1,579626.0,79.46,79.418,79.58,77.2367,74.3317,-1.1392,-3.5802,-2.4969,0.6882,-1.6596,-1.8598,-16.8264

PRICE_WINDOW_180_ROW_105=20260520,79.0,80.5,78.1,79.7,691507.0,79.36,79.4415,79.4,77.375,74.3283,2.0487,-0.6234,-4.3217,0.8559,0.3254,0.3778,-15.1225

PRICE_WINDOW_180_ROW_106=20260521,80.3,81.6,80.1,81.4,880848.0,79.5,79.6047,79.365,77.5283,74.34,2.133,0.8674,-0.8526,1.1687,2.2553,2.5641,-13.312

PRICE_WINDOW_180_ROW_107=20260522,81.4,82.4,81.2,81.7,707500.0,79.98,79.7793,79.41,77.6783,74.3633,0.3686,3.0265,1.1139,1.0058,2.4075,2.8838,-12.9925

PRICE_WINDOW_180_ROW_108=20260525,82.2,83.4,80.2,82.7,1455803.0,80.72,80.0227,79.495,77.8367,74.4083,1.224,4.6835,2.0988,1.9359,3.3457,4.0317,-11.9276

PRICE_WINDOW_180_ROW_109=20260526,83.0,84.1,82.0,82.0,845887.0,81.5,80.1875,79.685,77.995,74.4492,-0.8464,4.9936,4.8593,1.1414,2.2604,2.9052,-12.6731

PRICE_WINDOW_180_ROW_110=20260527,82.2,83.1,80.8,81.0,715679.0,81.76,80.2552,79.82,78.145,74.4892,-1.2195,1.6311,3.4483,0.9586,0.9281,1.4783,-13.738

PRICE_WINDOW_180_ROW_111=20260528,81.2,83.3,80.9,82.8,932188.0,82.04,80.4673,80.06,78.3367,74.5533,2.2222,1.7199,6.1538,1.2104,2.899,3.4224,-11.8211

PRICE_WINDOW_180_ROW_112=20260529,83.0,83.4,81.5,82.3,655076.0,82.16,80.62,80.26,78.5117,74.6325,-0.6039,0.7344,5.1086,0.8453,2.0839,2.5417,-12.3536

PRICE_WINDOW_180_ROW_113=20260601,82.3,84.5,82.0,83.9,1258260.0,82.4,80.8933,80.6,78.7583,74.7158,1.9441,1.451,8.8197,1.5786,3.7168,4.0943,-10.6496

PRICE_WINDOW_180_ROW_114=20260602,83.8,83.9,82.2,83.7,905289.0,82.74,81.1272,80.885,79.005,74.7983,-0.2384,2.0732,7.3077,1.1007,3.1713,3.4802,-10.8626

PRICE_WINDOW_180_ROW_115=20260603,83.0,84.9,82.7,84.1,793021.0,83.36,81.3749,81.15,79.255,74.9033,0.4779,3.8272,6.7259,0.9537,3.3488,3.6352,-10.4366

PRICE_WINDOW_180_ROW_116=20260604,84.2,86.7,84.2,86.5,1580988.0,84.1,81.802,81.54,79.5683,75.03,2.8537,4.4686,9.9111,1.7881,5.7431,6.0829,-7.8807

PRICE_WINDOW_180_ROW_117=20260605,86.0,87.0,84.8,85.3,928665.0,84.7,82.0935,81.81,79.8467,75.1442,-1.3873,3.6452,6.7584,1.0684,3.9059,4.266,-9.1587

PRICE_WINDOW_180_ROW_118=20260608,81.7,84.8,81.1,84.3,1074278.0,84.78,82.2774,81.985,80.09,75.255,-1.1723,0.4768,4.3317,1.2428,2.4583,2.8237,-10.2236

PRICE_WINDOW_180_ROW_119=20260609,84.7,85.9,83.4,83.8,806173.0,84.8,82.4043,82.125,80.315,75.3558,-0.5931,0.1195,3.4568,0.9361,1.6937,2.0396,-10.7561

PRICE_WINDOW_180_ROW_120=20260610,82.6,84.1,82.4,83.9,590730.0,84.76,82.5289,82.31,80.445,75.4642,0.1193,-0.2378,4.6135,0.6807,1.6613,1.9317,-10.6496

PRICE_WINDOW_180_ROW_121=20260611,83.9,86.0,83.1,85.9,840063.0,84.64,82.8098,82.57,80.5967,75.5967,2.3838,-0.6936,6.4436,0.9629,3.7316,4.0329,-8.5197

PRICE_WINDOW_180_ROW_122=20260612,86.5,88.5,85.6,87.0,1414579.0,84.98,83.159,82.955,80.7967,75.7517,1.2806,1.993,9.71,1.5607,4.6188,4.8761,-7.3482

PRICE_WINDOW_180_ROW_123=20260615,87.8,90.0,86.5,90.0,1478263.0,86.12,83.7291,83.505,81.06,75.9308,3.4483,6.7616,13.9241,1.5451,7.4895,7.778,-4.1534

PRICE_WINDOW_180_ROW_124=20260616,91.0,91.5,87.1,88.4,1517603.0,87.04,84.1183,84.02,81.2567,76.09,-1.7778,5.4893,13.1882,1.5121,5.09,5.213,-5.8573

PRICE_WINDOW_180_ROW_125=20260617,88.4,88.4,86.2,87.1,728939.0,87.68,84.3668,84.39,81.475,76.2367,-1.4706,3.8141,9.2848,0.725,3.2396,3.2113,-7.2417

PRICE_WINDOW_180_ROW_126=20260618,87.6,88.4,86.9,87.0,681494.0,87.9,84.5863,84.67,81.6633,76.3817,-0.1148,1.2806,6.8796,0.6846,2.8536,2.7519,-7.3482

PRICE_WINDOW_180_ROW_127=20260622,88.1,90.0,87.3,89.5,1097511.0,88.4,84.9957,85.06,81.9383,76.55,2.8736,2.8736,9.5471,1.0813,5.2994,5.2198,-4.6858

PRICE_WINDOW_180_ROW_128=20260623,90.0,90.0,86.1,87.3,1023232.0,87.86,85.1878,85.29,82.185,76.7025,-2.4581,-3.0,5.5623,1.03,2.4795,2.3567,-7.0288

PRICE_WINDOW_180_ROW_129=20260624,85.4,87.5,85.4,86.6,480656.0,87.5,85.3054,85.52,82.405,76.8575,-0.8018,-2.0362,5.6098,0.4929,1.5176,1.2629,-7.7742

PRICE_WINDOW_180_ROW_130=20260625,86.7,87.0,83.1,83.9,878804.0,86.86,85.1883,85.665,82.4583,76.9917,-3.1178,-3.6739,3.5802,0.8937,-1.5123,-2.0604,-10.6496

PRICE_WINDOW_180_ROW_131=20260626,83.3,84.4,82.4,83.6,692675.0,86.18,85.056,85.705,82.3733,77.1167,-0.3576,-3.908,0.9662,0.7131,-1.7118,-2.4561,-10.9691

PRICE_WINDOW_180_ROW_132=20260629,83.6,83.9,82.4,83.0,407922.0,84.88,84.8846,85.74,82.29,77.2358,-0.7177,-7.2626,0.8505,0.4254,-2.2202,-3.1957,-9.2896

PRICE_WINDOW_180_ROW_133=20260630,83.5,83.5,82.1,82.3,559979.0,83.88,84.6692,85.66,82.2167,77.3508,-0.8434,-5.7274,-1.907,0.606,-2.7982,-3.9225,-10.0546

PRICE_WINDOW_180_ROW_134=20260701,82.5,82.8,81.0,81.0,742094.0,82.76,84.3635,85.525,82.1467,77.4667,-1.5796,-6.4665,-3.2258,0.8102,-3.9869,-5.2909,-11.4754

PRICE_WINDOW_180_ROW_135=20260702,81.5,82.6,80.9,82.6,315449.0,82.5,84.2165,85.45,82.11,77.59,1.9753,-1.5495,-1.7836,0.3536,-1.9195,-3.3353,-9.7268

PRICE_WINDOW_180_ROW_136=20260703,82.2,84.5,82.2,84.5,459907.0,82.68,84.2401,85.35,82.2167,77.7233,2.3002,1.0766,-2.3121,0.5502,0.3085,-0.9959,-7.6503

PRICE_WINDOW_180_ROW_137=20260706,84.5,85.7,84.1,85.1,456111.0,83.1,84.3118,85.34,82.3483,77.865,0.7101,2.5301,-0.2345,0.5615,0.9349,-0.2812,-6.9945

PRICE_WINDOW_180_ROW_138=20260707,85.2,85.2,83.1,83.1,404578.0,83.26,84.2108,85.28,82.4317,77.9983,-2.3502,0.9721,-1.4235,0.5195,-1.3191,-2.5563,-9.1803

PRICE_WINDOW_180_ROW_139=20260708,83.1,83.9,82.3,82.6,318153.0,83.58,84.0766,85.22,82.455,78.1333,-0.6017,1.9753,-1.432,0.4217,-1.7562,-3.0744,-9.7268

PRICE_WINDOW_180_ROW_140=20260709,82.0,86.0,81.8,84.4,851425.0,83.94,84.1035,85.245,82.505,78.2775,2.1792,2.1792,0.5959,1.1094,0.3525,-0.9913,-7.7596

PRICE_WINDOW_180_ROW_141=20260713,87.0,88.7,86.0,86.5,1309208.0,84.34,84.3032,85.275,82.5817,78.4192,2.4882,2.3669,0.6985,1.6553,2.6058,1.4365,-5.4645

PRICE_WINDOW_180_ROW_142=20260714,86.5,86.5,83.7,85.4,858853.0,84.4,84.3946,85.195,82.6467,78.5533,-1.2717,0.3525,-1.8391,1.1254,1.1913,0.2406,-6.6667

PRICE_WINDOW_180_ROW_143=20260715,86.1,86.6,84.4,85.6,722605.0,84.9,84.4951,84.975,82.72,78.6883,0.2342,3.0084,-4.8889,0.9962,1.3077,0.7355,-6.4481

PRICE_WINDOW_180_ROW_144=20260716,85.6,92.6,84.7,89.7,2152513.0,86.32,84.9288,85.04,82.88,78.8492,4.7897,8.5956,1.4706,2.8431,5.6179,5.4798,-3.1317

PRICE_WINDOW_180_ROW_145=20260717,88.8,91.9,87.5,88.2,1969387.0,87.08,85.2014,85.095,82.9617,78.9992,-1.6722,4.5024,1.2629,2.4042,3.5194,3.6489,-4.7516

PRICE_WINDOW_180_ROW_146=20260720,88.2,89.0,85.0,86.6,947478.0,87.1,85.318,85.075,83.0367,79.1283,-1.8141,0.1156,-0.4598,1.1382,1.5026,1.7925,-6.4795

PRICE_WINDOW_180_ROW_147=20260721,87.0,90.2,86.7,89.5,1144905.0,87.92,85.6665,85.075,83.1817,79.2758,3.3487,4.8009,0.0,1.3715,4.4749,5.2013,-3.3477

PRICE_WINDOW_180_ROW_148=20260722,89.6,90.4,85.3,85.7,1818893.0,87.94,85.6693,84.995,83.26,79.3942,-4.2458,0.1168,-1.8328,2.0797,0.0359,0.8295,-7.4514

PRICE_WINDOW_180_ROW_149=20260723,85.7,89.7,85.7,89.4,1589814.0,87.88,85.9802,85.135,83.4467,79.5425,4.3174,-0.3344,3.2333,1.7094,3.9775,5.0097,-3.4557

PRICE_WINDOW_180_ROW_150=20260724,89.0,90.3,87.7,88.1,778530.0,87.86,86.1568,85.345,83.61,79.6833,-1.4541,-0.1134,5.006,0.8416,2.2554,3.2281,-4.8596

PRICE_WINDOW_180_ROW_151=20260727,88.9,88.9,85.3,86.4,752271.0,87.82,86.1771,85.485,83.75,79.815,-1.9296,-0.2309,3.3493,0.8106,0.2587,1.0704,-6.6955

PRICE_WINDOW_180_ROW_152=20260728,85.2,85.2,82.6,83.8,788423.0,86.68,85.979,85.525,83.8417,79.915,-3.0093,-6.3687,0.9639,0.8325,-2.5343,-2.017,-9.5032

PRICE_WINDOW_180_ROW_153=20260729,84.4,84.4,80.5,82.3,910132.0,86.0,85.6724,85.525,83.9283,79.9967,-1.79,-3.9673,0.0,0.9436,-3.9364,-3.7708,-11.1231

PRICE_WINDOW_180_ROW_154=20260730,83.1,85.8,81.0,84.2,785691.0,84.96,85.5497,85.685,84.0317,80.0858,2.3086,-5.8166,3.9506,0.8127,-1.5777,-1.7331,-9.0713

PRICE_WINDOW_180_ROW_155=20260731,86.0,86.4,81.3,81.3,1077580.0,83.6,85.1956,85.62,84.0733,80.1575,-3.4442,-7.7185,-1.5738,1.0724,-4.5725,-5.0456,-12.203

PRICE_WINDOW_180_ROW_156=20260803,81.7,83.8,80.9,83.5,542044.0,83.02,85.0543,85.57,84.1533,80.24,2.706,-3.3565,-1.1834,0.5372,-1.8274,-2.4191,-9.8272

PRICE_WINDOW_180_ROW_157=20260804,82.1,83.4,81.8,83.3,418549.0,82.92,84.9081,85.48,84.21,80.3167,-0.2395,-0.5967,-2.1152,0.4156,-1.8939,-2.5503,-10.0432

PRICE_WINDOW_180_ROW_158=20260805,83.8,84.1,83.0,83.7,305227.0,83.2,84.8074,85.51,84.2583,80.3967,0.4802,1.7011,0.722,0.3046,-1.3058,-2.1167,-9.6112

PRICE_WINDOW_180_ROW_159=20260806,82.5,83.7,82.5,83.4,287690.0,83.04,84.6901,85.55,84.2983,80.4875,-0.3584,-0.9501,0.9685,0.2875,-1.5233,-2.5132,-9.9352

PRICE_WINDOW_180_ROW_160=20260807,83.4,85.0,83.2,84.8,418144.0,83.74,84.6993,85.57,84.375,80.5908,1.6787,4.305,0.4739,0.4272,0.1189,-0.8998,-8.4233

PRICE_WINDOW_180_ROW_161=20260810,85.1,86.7,83.8,86.3,525610.0,84.3,84.8327,85.56,84.4683,80.6983,1.7689,3.3533,-0.2312,0.5593,1.7297,0.8649,-6.8035

PRICE_WINDOW_180_ROW_162=20260811,86.3,87.7,84.8,85.2,419530.0,84.68,84.8633,85.55,84.5667,80.805,-1.2746,2.2809,-0.2342,0.4571,0.3968,-0.4091,-7.9914

PRICE_WINDOW_180_ROW_163=20260812,84.8,86.0,84.7,84.8,288919.0,84.9,84.858,85.51,84.6633,80.9075,-0.4695,1.3142,-0.9346,0.3224,-0.0684,-0.8303,-8.4233

PRICE_WINDOW_180_ROW_164=20260813,85.1,85.1,83.4,83.6,431530.0,84.94,84.7532,85.205,84.755,80.9958,-1.4151,0.2398,-6.8004,0.5327,-1.3606,-1.8837,-9.7192

PRICE_WINDOW_180_ROW_165=20260814,84.1,84.1,82.2,82.4,437007.0,84.46,84.5571,84.915,84.8,81.0875,-1.4354,-2.8302,-6.576,0.5959,-2.551,-2.9618,-11.0151

PRICE_WINDOW_180_ROW_166=20260817,82.3,87.7,82.1,87.1,1268792.0,84.62,84.769,84.94,84.895,81.2117,5.7039,0.927,0.5774,1.6929,2.7498,2.543,-5.9395

PRICE_WINDOW_180_ROW_167=20260818,87.1,88.2,85.3,86.4,508980.0,84.86,84.9049,84.785,84.9733,81.3258,-0.8037,1.4085,-3.4637,0.7092,1.7609,1.9048,-6.6955

PRICE_WINDOW_180_ROW_168=20260819,85.7,86.4,85.4,86.3,220611.0,85.16,85.0212,84.815,85.0333,81.435,-0.1157,1.7689,0.7001,0.3459,1.5041,1.7509,-6.8035

PRICE_WINDOW_180_ROW_169=20260820,86.0,86.7,85.7,86.3,226506.0,85.7,85.1277,84.66,85.105,81.55,0.0,3.2297,-3.4676,0.3977,1.3771,1.9372,-6.8035

PRICE_WINDOW_180_ROW_170=20260821,86.5,90.9,86.5,88.3,1543445.0,86.88,85.3921,84.67,85.2267,81.6858,2.3175,7.1602,0.227,2.5393,3.4054,4.2872,-4.6436

PRICE_WINDOW_180_ROW_171=20260824,88.9,90.0,87.8,88.4,594489.0,87.14,85.6427,84.77,85.32,81.8283,0.1133,1.4925,2.3148,0.9909,3.2195,4.2822,-4.5356

PRICE_WINDOW_180_ROW_172=20260825,88.4,88.4,86.7,87.4,304030.0,87.34,85.7892,84.95,85.405,81.9583,-1.1312,1.1574,4.2959,0.5281,1.8776,2.884,-5.6156

PRICE_WINDOW_180_ROW_173=20260826,87.6,88.1,86.6,88.0,327767.0,87.68,85.9734,85.235,85.4733,82.1158,0.6865,1.9699,6.9259,0.5996,2.3572,3.244,-4.9676

PRICE_WINDOW_180_ROW_174=20260827,87.8,88.4,86.5,86.6,466097.0,87.74,86.0256,85.355,85.5217,82.2633,-1.5909,0.3476,2.8504,0.8784,0.6677,1.4586,-6.4795

PRICE_WINDOW_180_ROW_175=20260828,86.5,87.0,85.9,86.3,369478.0,87.34,86.0485,85.605,85.5583,82.4067,-0.3464,-2.265,6.1501,0.7461,0.2923,0.8119,-6.8035

PRICE_WINDOW_180_ROW_176=20260831,86.6,87.5,86.0,86.1,310642.0,86.88,86.0528,85.735,85.5517,82.56,-0.2317,-2.6018,3.1138,0.6423,0.0549,0.4257,-7.0194

PRICE_WINDOW_180_ROW_177=20260901,85.8,86.2,84.3,85.6,580635.0,86.52,86.0151,85.85,85.5567,82.7017,-0.5807,-2.0595,2.7611,1.1807,-0.4825,-0.2912,-7.5594

PRICE_WINDOW_180_ROW_178=20260902,85.3,87.0,85.1,87.0,253144.0,86.32,86.0971,86.015,85.6017,82.8458,1.6355,-1.1364,3.9427,0.5175,1.0487,1.1451,-6.0475

PRICE_WINDOW_180_ROW_179=20260903,87.0,89.4,86.3,86.9,937734.0,86.38,86.164,86.19,85.6533,82.9842,-0.1149,0.3464,4.1966,1.7976,0.8541,0.8238,-6.1555

PRICE_WINDOW_180_ROW_180=20260904,86.5,86.5,84.6,86.0,822693.0,86.32,86.1504,86.25,85.6883,83.0667,-1.0357,-0.3476,1.4151,1.5182,-0.1745,-0.2899,-7.1274
