# PRICE_WINDOW_153

columns=date,open,high,low,close,volume,ma5,ema23,ma20,ma60,ma120,return_1d,return_5d,return_20d,volume_ratio,distance_to_ema23_pct,distance_to_ma20_pct,distance_to_high_60_pct

PRICE_WINDOW_180_ROW_001=20250407,34.4,36.3,33.3,36.3,1839152.0,,,,,,,,,,,,

PRICE_WINDOW_180_ROW_002=20251103,19.6,19.6,19.4,19.4,38000.0,,,,,,-46.5565,,,,,,

PRICE_WINDOW_180_ROW_003=20251104,19.65,19.65,19.3,19.3,46000.0,,,,,,-0.5155,,,,,,

PRICE_WINDOW_180_ROW_004=20251105,19.3,19.3,18.9,19.0,68000.0,,,,,,-1.5544,,,,,,

PRICE_WINDOW_180_ROW_005=20251106,19.0,19.0,18.4,18.5,94000.0,22.5,31.22,22.5,22.5,22.5,-2.6316,,,0.2254,-40.7431,-17.7778,-49.0358

PRICE_WINDOW_180_ROW_006=20251107,18.4,19.0,18.4,18.7,42000.0,18.98,30.1766,21.8667,21.8667,21.8667,1.0811,-48.4848,,0.1185,-38.0315,-14.4817,-48.4848

PRICE_WINDOW_180_ROW_007=20251110,18.75,19.9,18.75,19.6,274000.0,19.02,29.2953,21.5429,21.5429,21.5429,4.8128,1.0309,,0.7988,-33.095,-9.0186,-46.0055

PRICE_WINDOW_180_ROW_008=20251111,19.8,19.8,19.3,19.3,65000.0,19.02,28.4623,21.2625,21.2625,21.2625,-1.5306,0.0,,0.2109,-32.191,-9.2299,-46.832

PRICE_WINDOW_180_ROW_009=20251112,19.15,19.2,18.95,19.05,86000.0,19.03,27.678,21.0167,21.0167,21.0167,-1.2953,0.2632,,0.3033,-31.1727,-9.3577,-47.5207

PRICE_WINDOW_180_ROW_010=20251113,19.2,19.45,19.15,19.15,64000.0,19.16,26.9673,20.83,20.83,20.83,0.5249,3.5135,,0.2446,-28.9881,-8.0653,-47.2452

PRICE_WINDOW_180_ROW_011=20251114,19.25,19.25,18.85,18.9,48000.0,19.2,26.295,20.6545,20.6545,20.6545,-1.3055,1.0695,,0.1982,-28.1233,-8.4947,-47.9339

PRICE_WINDOW_180_ROW_012=20251117,18.85,19.0,17.45,17.95,413000.0,18.87,25.5996,20.4292,20.4292,20.4292,-5.0265,-8.4184,,1.6106,-29.8817,-12.1354,-50.551

PRICE_WINDOW_180_ROW_013=20251118,17.95,18.0,17.7,17.95,65000.0,18.6,24.9621,20.2385,20.2385,20.2385,0.0,-6.9948,,0.2689,-28.0911,-11.3075,-50.551

PRICE_WINDOW_180_ROW_014=20251119,17.7,17.7,17.5,17.5,39000.0,18.29,24.3403,20.0429,20.0429,20.0429,-2.507,-8.1365,,0.1716,-28.1027,-12.6871,-51.7906

PRICE_WINDOW_180_ROW_015=20251120,17.6,17.75,17.55,17.6,31000.0,17.98,23.7786,19.88,19.88,19.88,0.5714,-8.094,,0.1448,-25.9839,-11.4688,-51.5152

PRICE_WINDOW_180_ROW_016=20251121,17.5,17.55,16.9,16.95,144000.0,17.59,23.2095,19.6969,19.6969,19.6969,-3.6932,-10.3175,,0.6865,-26.9697,-13.9457,-53.3058

PRICE_WINDOW_180_ROW_017=20251124,16.95,16.95,16.0,16.05,212000.0,17.21,22.6129,19.4824,19.4824,19.4824,-5.3097,-10.585,,1.01,-29.0229,-17.6178,-55.7851

PRICE_WINDOW_180_ROW_018=20251125,16.8,17.65,16.35,16.35,164000.0,16.89,22.091,19.3083,19.3083,19.3083,1.8692,-8.9136,,0.791,-25.988,-15.3215,-54.9587

PRICE_WINDOW_180_ROW_019=20251126,16.55,17.35,16.3,17.25,237000.0,16.84,21.6876,19.2,19.2,19.2,5.5046,-1.4286,,1.1345,-20.4614,-10.1562,-52.4793

PRICE_WINDOW_180_ROW_020=20251127,17.25,17.9,17.15,17.7,127000.0,16.86,21.3553,19.125,19.125,19.125,2.6087,0.5682,,0.6201,-17.1166,-7.451,-51.2397

PRICE_WINDOW_180_ROW_021=20251128,17.35,17.7,17.3,17.55,73000.0,16.98,21.0382,18.1875,19.05,19.05,-0.8475,3.5398,-51.6529,0.6266,-16.5803,-3.5052,-51.6529

PRICE_WINDOW_180_ROW_022=20251201,17.5,17.8,17.35,17.55,55000.0,17.28,20.7475,18.095,18.9818,18.9818,0.0,9.3458,-9.5361,0.4687,-15.4115,-3.0119,-51.6529

PRICE_WINDOW_180_ROW_023=20251202,17.5,17.55,17.4,17.5,24000.0,17.51,20.4769,18.005,18.9174,18.9174,-0.2849,7.0336,-9.3264,0.2065,-14.5378,-2.8048,-51.7906

PRICE_WINDOW_180_ROW_024=20251203,17.4,17.45,17.4,17.4,21000.0,17.54,20.2205,17.925,18.8542,18.8542,-0.5714,0.8696,-8.4211,0.1844,-13.9486,-2.9289,-52.0661

PRICE_WINDOW_180_ROW_025=20251204,17.5,19.1,17.5,19.1,796000.0,17.82,20.1271,17.955,18.864,18.864,9.7701,7.9096,3.2432,5.3423,-5.1031,6.3771,-47.3829

PRICE_WINDOW_180_ROW_026=20251205,19.3,19.4,18.45,18.75,470000.0,18.06,20.0123,17.9575,18.8596,18.8596,-1.8325,6.8376,0.2674,2.7582,-6.3078,4.4132,-48.3471

PRICE_WINDOW_180_ROW_027=20251208,18.9,19.0,18.45,18.55,71000.0,18.26,19.8905,17.905,18.8481,18.8481,-1.0667,5.698,-5.3571,0.4431,-6.7393,3.6023,-48.8981

PRICE_WINDOW_180_ROW_028=20251209,18.7,19.2,18.6,18.7,147000.0,18.5,19.7913,17.875,18.8429,18.8429,0.8086,6.8571,-3.1088,0.8944,-5.5139,4.6154,-48.4848

PRICE_WINDOW_180_ROW_029=20251210,18.65,19.05,18.4,18.6,93000.0,18.74,19.692,17.8525,18.8345,18.8345,-0.5348,6.8966,-2.3622,0.5647,-5.5454,4.1871,-48.7603

PRICE_WINDOW_180_ROW_030=20251211,18.5,18.6,18.1,18.45,58000.0,18.61,19.5885,17.8175,18.8217,18.8217,-0.8065,-3.4031,-3.6554,0.3528,-5.8121,3.5499,-49.1736

PRICE_WINDOW_180_ROW_031=20251212,18.7,20.25,18.7,19.1,792000.0,18.68,19.5478,17.8275,18.8306,18.8306,3.523,1.8667,1.0582,3.9286,-2.2908,7.1378,-47.3829

PRICE_WINDOW_180_ROW_032=20251215,19.1,19.3,18.6,19.3,226000.0,18.83,19.5271,17.895,18.8453,18.8453,1.0471,4.0431,7.5209,1.1756,-1.1632,7.8514,-46.832

PRICE_WINDOW_180_ROW_033=20251216,19.65,19.65,18.85,19.3,206000.0,18.95,19.5082,17.9625,18.8591,18.8591,0.0,3.2086,7.5209,1.0336,-1.0673,7.4461,-46.832

PRICE_WINDOW_180_ROW_034=20251217,19.3,19.45,18.85,18.95,118000.0,19.02,19.4617,18.035,18.8618,18.8618,-1.8135,1.8817,8.2857,0.5806,-2.6292,5.0735,-47.7961

PRICE_WINDOW_180_ROW_035=20251218,18.65,18.9,18.6,18.75,46000.0,19.08,19.4024,18.0925,18.8586,18.8586,-1.0554,1.626,6.5341,0.2255,-3.3624,3.6341,-48.3471

PRICE_WINDOW_180_ROW_036=20251219,18.9,19.35,18.5,18.6,218000.0,18.98,19.3355,18.175,18.8514,18.8514,-0.8,-2.6178,9.7345,1.0496,-3.804,2.3384,-48.7603

PRICE_WINDOW_180_ROW_037=20251222,18.85,18.85,18.25,18.25,237000.0,18.77,19.2451,18.285,18.8351,18.8351,-1.8817,-5.4404,13.7072,1.1342,-5.1705,-0.1914,-49.7245

PRICE_WINDOW_180_ROW_038=20251223,18.5,18.55,18.05,18.3,143000.0,18.57,19.1663,18.3825,18.8211,18.8211,0.274,-5.1813,11.9266,0.6878,-4.5199,-0.4488,-49.5868

PRICE_WINDOW_180_ROW_039=20251224,18.45,18.65,18.0,18.05,187000.0,18.39,19.0733,18.4225,18.8013,18.8013,-1.3661,-4.7493,4.6377,0.9104,-5.365,-2.022,-50.2755

PRICE_WINDOW_180_ROW_040=20251226,18.5,19.35,18.5,18.7,413000.0,18.38,19.0422,18.4725,18.7988,18.7988,3.6011,-0.2667,5.6497,1.8798,-1.7969,1.2316,-48.4848

PRICE_WINDOW_180_ROW_041=20251229,18.7,19.25,18.7,18.7,320000.0,18.4,19.0137,18.53,18.7963,18.7963,0.0,0.5376,6.5527,1.379,-1.6497,0.9174,-48.4848

PRICE_WINDOW_180_ROW_042=20251230,18.7,19.15,18.4,19.15,162000.0,18.58,19.025,18.61,18.8048,18.8048,2.4064,4.9315,9.1168,0.6824,0.6569,2.9017,-47.2452

PRICE_WINDOW_180_ROW_043=20251231,19.2,19.45,18.6,19.1,512000.0,18.74,19.0313,18.69,18.8116,18.8116,-0.2611,4.3716,9.1429,1.9557,0.3611,2.1937,-47.3829

PRICE_WINDOW_180_ROW_044=20260102,18.9,19.1,18.35,18.35,177000.0,18.8,18.9745,18.7375,18.8011,18.8011,-3.9267,1.662,5.4598,0.6565,-3.2912,-2.068,-49.449

PRICE_WINDOW_180_ROW_045=20260105,18.5,18.6,18.15,18.45,244000.0,18.75,18.9308,18.705,18.7933,18.7933,0.545,-1.3369,-3.4031,1.0083,-2.5397,-1.3633,-49.1736

PRICE_WINDOW_180_ROW_046=20260106,18.5,18.65,18.3,18.45,94000.0,18.7,18.8907,18.69,18.7859,18.7859,0.0,-1.3369,-1.6,0.4211,-2.333,-1.2841,-49.1736

PRICE_WINDOW_180_ROW_047=20260107,18.45,18.45,18.25,18.35,34000.0,18.54,18.8457,18.68,18.7766,18.7766,-0.542,-4.1775,-1.0782,0.1536,-2.6301,-1.7666,-49.449

PRICE_WINDOW_180_ROW_048=20260108,18.45,18.6,18.0,18.6,99000.0,18.44,18.8252,18.675,18.7729,18.7729,1.3624,-2.6178,-0.5348,0.4522,-1.1962,-0.4016,-48.7603

PRICE_WINDOW_180_ROW_049=20260109,18.55,18.65,18.35,18.6,72000.0,18.49,18.8064,18.675,18.7694,18.7694,0.0,1.3624,0.0,0.3304,-1.0976,-0.4016,-48.7603

PRICE_WINDOW_180_ROW_050=20260112,18.6,18.6,18.25,18.55,130000.0,18.51,18.7851,18.68,18.765,18.765,-0.2688,0.542,0.542,0.5869,-1.2513,-0.6959,-48.8981

PRICE_WINDOW_180_ROW_051=20260113,18.35,18.55,18.2,18.45,115000.0,18.51,18.7571,18.6475,18.7588,18.7588,-0.5391,0.0,-3.4031,0.6128,-1.6374,-1.0591,-49.1736

PRICE_WINDOW_180_ROW_052=20260114,18.5,19.3,18.4,18.65,344000.0,18.57,18.7482,18.615,18.7567,18.7567,1.084,1.6349,-3.3679,1.7773,-0.5238,0.188,-48.6226

PRICE_WINDOW_180_ROW_053=20260115,18.65,19.0,18.6,18.85,136000.0,18.62,18.7567,18.5925,18.7585,18.7585,1.0724,1.3441,-2.3316,0.7156,0.4975,1.385,-48.0716

PRICE_WINDOW_180_ROW_054=20260116,18.85,18.9,18.7,18.8,37000.0,18.66,18.7603,18.585,18.7593,18.7593,-0.2653,1.0753,-0.7916,0.1989,0.2116,1.1568,-48.2094

PRICE_WINDOW_180_ROW_055=20260119,18.9,18.9,18.35,18.35,85000.0,18.62,18.7261,18.565,18.7518,18.7518,-2.3936,-1.0782,-2.1333,0.4522,-2.0085,-1.1581,-49.449

PRICE_WINDOW_180_ROW_056=20260120,18.5,18.5,18.3,18.35,40000.0,18.6,18.6948,18.5525,18.7446,18.7446,0.0,-0.542,-1.3441,0.2234,-1.8442,-1.0915,-49.449

PRICE_WINDOW_180_ROW_057=20260121,18.3,18.4,17.9,17.9,141000.0,18.45,18.6285,18.535,18.7298,18.7298,-2.4523,-4.0214,-1.9178,0.8092,-3.9109,-3.426,-50.6887

PRICE_WINDOW_180_ROW_058=20260122,18.0,18.0,17.4,17.4,147000.0,18.16,18.5262,18.49,18.7069,18.7069,-2.7933,-7.6923,-4.918,0.8426,-6.0787,-5.8951,-52.0661

PRICE_WINDOW_180_ROW_059=20260123,17.55,17.6,17.2,17.35,99000.0,17.87,18.4281,18.455,18.6839,18.6839,-0.2874,-7.7128,-3.8781,0.5822,-5.8505,-5.9875,-52.2039

PRICE_WINDOW_180_ROW_060=20260126,17.6,17.9,17.25,17.6,205000.0,17.72,18.3591,18.4,18.6658,18.6658,1.4409,-4.0872,-5.8824,1.2841,-4.1349,-4.3478,-51.5152

PRICE_WINDOW_180_ROW_061=20260127,17.65,17.75,17.45,17.55,121000.0,17.56,18.2917,18.3425,18.3533,18.6475,-0.2841,-4.3597,-6.1497,0.8083,-4.0549,-4.3206,-13.3333

PRICE_WINDOW_180_ROW_062=20260128,17.55,17.7,17.0,17.0,184000.0,17.38,18.1841,18.235,18.3133,18.621,-3.1339,-5.0279,-11.2272,1.2202,-6.5115,-6.7727,-16.0494

PRICE_WINDOW_180_ROW_063=20260129,17.2,18.7,17.15,18.7,744000.0,17.64,18.2271,18.215,18.3033,18.6222,10.0,7.4713,-2.0942,4.5813,2.5947,2.6626,-7.6543

PRICE_WINDOW_180_ROW_064=20260130,19.6,20.55,19.2,19.95,3141000.0,18.16,18.3706,18.295,18.3192,18.643,6.6845,14.9856,8.7193,10.1127,8.5972,9.0462,-2.9197

PRICE_WINDOW_180_ROW_065=20260202,19.85,20.05,19.1,19.4,774000.0,18.52,18.4564,18.3425,18.3342,18.6546,-2.7569,10.2273,5.1491,2.2961,5.1125,5.7653,-5.5961

PRICE_WINDOW_180_ROW_066=20260203,19.6,20.25,18.85,19.2,640000.0,18.85,18.5184,18.38,18.3425,18.6629,-1.0309,9.4017,4.065,1.7563,3.6808,4.4614,-6.5693

PRICE_WINDOW_180_ROW_067=20260204,19.05,19.35,18.4,18.85,621000.0,19.22,18.546,18.405,18.33,18.6657,-1.8229,10.8824,2.7248,1.5771,1.6391,2.4178,-8.2725

PRICE_WINDOW_180_ROW_068=20260205,18.55,18.85,18.25,18.85,282000.0,19.25,18.5713,18.4175,18.3225,18.6684,0.0,0.8021,1.3441,0.6999,1.5004,2.3483,-8.2725

PRICE_WINDOW_180_ROW_069=20260206,18.4,18.75,18.05,18.1,169000.0,18.88,18.5321,18.3925,18.3067,18.6601,-3.9788,-9.2732,-2.6882,0.4145,-2.3315,-1.5903,-11.9221

PRICE_WINDOW_180_ROW_070=20260209,18.1,18.3,17.9,18.25,152000.0,18.65,18.5086,18.3775,18.2917,18.6543,0.8287,-5.9278,-1.6173,0.3718,-1.397,-0.6938,-11.1922

PRICE_WINDOW_180_ROW_071=20260210,18.7,18.8,18.0,18.05,244000.0,18.42,18.4703,18.3575,18.2775,18.6458,-1.0959,-5.9896,-2.168,0.5875,-2.2758,-1.6751,-12.1655

PRICE_WINDOW_180_ROW_072=20260211,18.1,18.25,18.0,18.2,113000.0,18.29,18.4478,18.335,18.2817,18.6396,0.831,-3.4483,-2.4129,0.2799,-1.3434,-0.7363,-11.4355

PRICE_WINDOW_180_ROW_073=20260223,18.45,18.5,17.7,17.9,266000.0,18.1,18.4022,18.2875,18.2808,18.6295,-1.6484,-5.0398,-5.0398,0.6484,-2.7289,-2.1189,-12.8954

PRICE_WINDOW_180_ROW_074=20260224,18.0,18.1,17.75,17.9,191000.0,18.06,18.3603,18.2425,18.2875,18.6196,0.0,-1.105,-4.7872,0.457,-2.5072,-1.8775,-12.8954

PRICE_WINDOW_180_ROW_075=20260225,17.9,17.9,17.35,17.55,218000.0,17.92,18.2928,18.2025,18.2867,18.6053,-1.9553,-3.8356,-4.3597,0.5134,-4.0606,-3.5847,-14.5985

PRICE_WINDOW_180_ROW_076=20260226,17.85,18.1,17.55,17.85,280000.0,17.88,18.2559,18.1775,18.3017,18.5954,1.7094,-1.108,-2.7248,0.6413,-2.2234,-1.8017,-13.1387

PRICE_WINDOW_180_ROW_077=20260302,18.0,18.45,18.0,18.15,252000.0,17.87,18.2471,18.19,18.3367,18.5896,1.6807,-0.2747,1.3966,0.5699,-0.532,-0.2199,-11.6788

PRICE_WINDOW_180_ROW_078=20260303,18.15,18.4,17.85,17.9,133000.0,17.87,18.2181,18.215,18.3625,18.5808,-1.3774,0.0,2.8736,0.3013,-1.7463,-1.7293,-12.8954

PRICE_WINDOW_180_ROW_079=20260304,17.75,18.2,17.1,17.1,325000.0,17.71,18.125,18.2025,18.36,18.562,-4.4693,-4.4693,-1.4409,0.7178,-5.655,-6.0569,-16.7883

PRICE_WINDOW_180_ROW_080=20260305,17.5,17.5,17.15,17.25,167000.0,17.65,18.0521,18.185,18.3525,18.5456,0.8772,-1.7094,-1.9886,0.3704,-4.443,-5.1416,-16.0584

PRICE_WINDOW_180_ROW_081=20260306,17.05,17.5,17.0,17.4,105000.0,17.56,17.9977,18.1775,18.35,18.5315,0.8696,-2.521,-0.8547,0.2333,-3.3211,-4.2773,-15.3285

PRICE_WINDOW_180_ROW_082=20260309,16.15,17.65,16.15,17.65,273000.0,17.46,17.9687,18.21,18.3517,18.5207,1.4368,-2.7548,3.8235,0.6007,-1.7739,-3.0752,-14.1119

PRICE_WINDOW_180_ROW_083=20260310,17.7,17.75,17.15,17.2,117000.0,17.32,17.9047,18.135,18.3467,18.5048,-2.5496,-3.9106,-8.0214,0.2765,-3.9357,-5.1558,-16.3017

PRICE_WINDOW_180_ROW_084=20260311,17.55,18.05,17.55,17.9,157000.0,17.48,17.9043,18.0325,18.355,18.4976,4.0698,4.6784,-10.2757,0.5731,-0.024,-0.7348,-12.8954

PRICE_WINDOW_180_ROW_085=20260312,18.0,18.05,17.6,17.85,65000.0,17.6,17.8998,17.955,18.3342,18.49,-0.2793,3.4783,-7.9897,0.2725,-0.278,-0.5848,-13.1387

PRICE_WINDOW_180_ROW_086=20260313,17.6,17.95,17.3,17.35,186000.0,17.59,17.854,17.8625,18.3108,18.4767,-2.8011,-0.2874,-9.6354,0.8619,-2.8226,-2.8691,-15.5718

PRICE_WINDOW_180_ROW_087=20260316,19.05,19.05,17.7,17.7,508000.0,17.6,17.8411,17.805,18.2967,18.4678,2.0173,0.2833,-6.1008,2.4173,-0.791,-0.5897,-13.8686

PRICE_WINDOW_180_ROW_088=20260317,17.8,17.8,17.55,17.7,78000.0,17.7,17.8294,17.7475,18.28,18.4591,0.0,2.907,-6.1008,0.3901,-0.7256,-0.2676,-13.8686

PRICE_WINDOW_180_ROW_089=20260318,18.2,18.2,17.55,17.55,75000.0,17.63,17.8061,17.72,18.2625,18.4489,-0.8475,-1.9553,-3.0387,0.3841,-1.4382,-0.9594,-14.5985

PRICE_WINDOW_180_ROW_090=20260319,17.3,17.55,17.0,17.05,103000.0,17.47,17.7431,17.66,18.2392,18.4333,-2.849,-4.4818,-6.5753,0.5342,-3.9062,-3.4541,-17.0316

PRICE_WINDOW_180_ROW_091=20260320,17.15,17.15,16.7,17.0,120000.0,17.4,17.6812,17.6075,18.2042,18.4176,-0.2933,-2.0173,-5.8172,0.6431,-3.8524,-3.4502,-17.2749

PRICE_WINDOW_180_ROW_092=20260323,16.9,17.2,16.75,16.75,38000.0,17.21,17.6036,17.535,18.1617,18.3995,-1.4706,-5.3672,-7.967,0.2078,-4.8488,-4.4768,-18.4915

PRICE_WINDOW_180_ROW_093=20260324,16.75,17.2,16.4,16.8,86000.0,17.03,17.5366,17.48,18.12,18.3823,0.2985,-5.0847,-6.1453,0.4947,-4.2003,-3.8902,-18.2482

PRICE_WINDOW_180_ROW_094=20260325,17.2,17.2,16.7,16.7,65000.0,16.86,17.4669,17.42,18.0825,18.3644,-0.5952,-4.8433,-6.7039,0.3879,-4.3905,-4.1332,-18.7348

PRICE_WINDOW_180_ROW_095=20260326,16.7,17.0,16.6,16.7,78000.0,16.79,17.403,17.3775,18.0483,18.3468,0.0,-2.0528,-4.8433,0.4858,-4.0394,-3.8987,-18.7348

PRICE_WINDOW_180_ROW_096=20260327,16.6,16.7,16.2,16.4,106000.0,16.67,17.3194,17.305,18.0117,18.3266,-1.7964,-3.5294,-8.1232,0.6981,-5.3084,-5.2297,-20.1946

PRICE_WINDOW_180_ROW_097=20260330,16.25,16.35,15.5,15.95,160000.0,16.51,17.2053,17.195,17.9733,18.3021,-2.7439,-4.7761,-12.1212,1.0866,-7.2959,-7.2405,-22.3844

PRICE_WINDOW_180_ROW_098=20260331,15.95,16.45,15.15,16.45,317000.0,16.44,17.1423,17.1225,17.9425,18.2832,3.1348,-2.0833,-8.1006,2.0262,-4.0387,-3.9276,-19.9513

PRICE_WINDOW_180_ROW_099=20260401,16.35,17.0,16.35,16.95,114000.0,16.49,17.1263,17.115,17.9242,18.2697,3.0395,1.497,-0.8772,0.7814,-1.0294,-0.9641,-17.5182

PRICE_WINDOW_180_ROW_100=20260402,17.05,17.05,16.25,16.85,97000.0,16.52,17.1033,17.095,17.8933,18.2555,-0.59,0.8982,-2.3188,0.6812,-1.4809,-1.4332,-18.0049

PRICE_WINDOW_180_ROW_101=20260407,16.7,17.0,16.4,16.9,84000.0,16.62,17.0863,17.07,17.8633,18.2421,0.2967,3.0488,-2.8736,0.5943,-1.0906,-0.9959,-17.7616

PRICE_WINDOW_180_ROW_102=20260408,16.9,17.05,16.65,17.0,118000.0,16.83,17.0791,17.0375,17.8275,18.2299,0.5917,6.5831,-3.6827,0.8832,-0.4634,-0.2201,-17.2749

PRICE_WINDOW_180_ROW_103=20260409,16.95,16.95,16.3,16.45,123000.0,16.83,17.0267,17.0,17.7833,18.2126,-3.2353,0.0,-4.3605,0.9186,-3.3871,-3.2353,-19.9513

PRICE_WINDOW_180_ROW_104=20260410,16.9,16.9,16.4,16.4,126000.0,16.72,16.9745,16.925,17.7508,18.1952,-0.304,-3.2448,-8.3799,0.952,-3.3844,-3.1019,-20.1946

PRICE_WINDOW_180_ROW_105=20260413,16.4,16.6,16.0,16.45,119000.0,16.64,16.9308,16.855,17.7175,18.1786,0.3049,-2.3739,-7.8431,0.8812,-2.8397,-2.4028,-19.9513

PRICE_WINDOW_180_ROW_106=20260414,16.45,16.85,16.25,16.7,205000.0,16.6,16.9116,16.8225,17.6883,18.1646,1.5198,-1.1834,-3.7464,1.5074,-1.2509,-0.7282,-18.7348

PRICE_WINDOW_180_ROW_107=20260415,16.95,17.0,16.05,16.25,259000.0,16.45,16.8564,16.75,17.6533,18.1467,-2.6946,-4.4118,-8.1921,2.0963,-3.5976,-2.9851,-20.9246

PRICE_WINDOW_180_ROW_108=20260416,16.4,16.4,16.2,16.2,65000.0,16.4,16.8017,16.675,17.6133,18.1287,-0.3077,-1.5198,-8.4746,0.5289,-3.5813,-2.8486,-21.1679

PRICE_WINDOW_180_ROW_109=20260417,16.4,16.4,16.0,16.1,94000.0,16.34,16.7432,16.6025,17.5717,18.1101,-0.6173,-1.8293,-8.2621,0.759,-3.8418,-3.0267,-21.6545

PRICE_WINDOW_180_ROW_110=20260420,16.1,16.1,15.9,15.95,122000.0,16.24,16.6771,16.5475,17.5283,18.0905,-0.9317,-3.0395,-6.4516,0.9776,-4.3601,-3.6108,-22.3844

PRICE_WINDOW_180_ROW_111=20260421,16.1,16.1,15.75,15.9,129000.0,16.08,16.6124,16.4925,17.4858,18.0707,-0.3135,-4.7904,-6.4706,1.0299,-4.2882,-3.5925,-22.6277

PRICE_WINDOW_180_ROW_112=20260422,15.9,16.2,15.75,15.85,175000.0,16.0,16.5488,16.4475,17.4392,18.0509,-0.3145,-2.4615,-5.3731,1.3248,-4.2229,-3.6328,-22.871

PRICE_WINDOW_180_ROW_113=20260423,15.9,15.9,15.3,15.45,292000.0,15.85,16.4573,16.38,17.3825,18.0279,-2.5237,-4.6296,-8.0357,2.0506,-6.1206,-5.6777,-24.8175

PRICE_WINDOW_180_ROW_114=20260424,15.55,16.95,15.0,16.95,1039000.0,16.02,16.4983,16.3925,17.3517,18.0184,9.7087,5.2795,1.497,5.4369,2.7376,3.4009,-17.5182

PRICE_WINDOW_180_ROW_115=20260427,17.0,18.6,16.95,18.6,1912000.0,16.55,16.6735,16.4875,17.3558,18.0235,9.7345,16.6144,11.3772,6.761,11.5544,12.8127,-9.4891

PRICE_WINDOW_180_ROW_116=20260428,18.65,20.4,18.55,19.45,2883000.0,17.26,16.9049,16.64,17.3742,18.0358,4.5699,22.327,18.5976,6.8374,15.0557,16.887,-5.3528

PRICE_WINDOW_180_ROW_117=20260429,18.8,19.75,18.7,19.2,915000.0,17.93,17.0961,16.8025,17.3958,18.0457,-1.2853,21.1356,20.3762,1.9917,12.3062,14.2687,-6.5693

PRICE_WINDOW_180_ROW_118=20260430,19.15,20.2,19.05,19.35,1075000.0,18.71,17.2839,16.9475,17.4283,18.0568,0.7813,25.2427,17.6292,2.1617,11.9537,14.1761,-5.8394

PRICE_WINDOW_180_ROW_119=20260504,19.65,19.9,19.25,19.6,888000.0,19.24,17.4769,17.08,17.4658,18.0697,1.292,15.6342,15.6342,1.6567,12.1478,14.7541,-4.6229

PRICE_WINDOW_180_ROW_120=20260505,19.75,20.0,19.6,19.9,672000.0,19.5,17.6789,17.2325,17.5042,18.085,1.5306,6.9892,18.1009,1.1899,12.5638,15.4795,-3.163

PRICE_WINDOW_180_ROW_121=20260506,20.0,21.65,19.9,20.65,2377000.0,19.74,17.9265,17.42,17.5558,17.9546,3.7688,6.1697,22.1893,3.4987,15.1929,18.5419,-4.6189

PRICE_WINDOW_180_ROW_122=20260507,21.2,21.9,20.7,21.15,1370000.0,20.13,18.1951,17.6275,17.625,17.9692,2.4213,10.1562,24.4118,1.8464,16.2402,19.983,-3.4247

PRICE_WINDOW_180_ROW_123=20260508,21.2,21.3,20.35,20.6,956000.0,20.38,18.3955,17.835,17.6567,17.98,-2.6005,6.4599,25.228,1.2199,11.9839,15.5032,-5.9361

PRICE_WINDOW_180_ROW_124=20260511,20.7,22.65,20.7,22.0,3037000.0,20.86,18.6959,18.115,17.6908,18.005,6.7961,12.2449,34.1463,3.2684,17.673,21.4463,-2.8698

PRICE_WINDOW_180_ROW_125=20260512,22.75,23.25,21.15,21.5,1558000.0,21.18,18.9295,18.3675,17.7258,18.03,-2.2727,8.0402,30.6991,1.5562,13.579,17.0546,-7.5269

PRICE_WINDOW_180_ROW_126=20260513,21.75,22.1,21.05,21.75,1131000.0,21.4,19.1646,18.62,17.7683,18.0554,1.1628,5.3269,30.2395,1.0798,13.4906,16.8099,-6.4516

PRICE_WINDOW_180_ROW_127=20260514,21.8,21.95,20.5,21.8,1258000.0,21.53,19.3842,18.8975,17.8175,18.0738,0.2299,3.0733,34.1538,1.1463,12.4627,15.3592,-6.2366

PRICE_WINDOW_180_ROW_128=20260515,21.6,22.0,21.15,21.15,705000.0,21.64,19.5314,19.145,17.8558,18.0892,-2.9817,2.6699,30.5556,0.6242,8.2874,10.4727,-9.0323

PRICE_WINDOW_180_ROW_129=20260518,20.8,22.0,20.8,21.75,353000.0,21.59,19.7162,19.4275,17.9167,18.1117,2.8369,-1.1364,35.0932,0.309,10.3151,11.9547,-6.4516

PRICE_WINDOW_180_ROW_130=20260519,21.75,21.9,21.15,21.7,357000.0,21.63,19.8816,19.715,17.9742,18.1329,-0.2299,0.9302,36.0502,0.3093,9.1464,10.0685,-6.6667

PRICE_WINDOW_180_ROW_131=20260520,21.7,22.5,21.4,22.3,959000.0,21.74,20.0831,20.035,18.045,18.1613,2.765,2.5287,40.2516,0.8021,11.0387,11.3052,-4.086

PRICE_WINDOW_180_ROW_132=20260521,24.5,24.5,23.65,24.5,7518000.0,22.28,20.4512,20.4675,18.15,18.2158,9.8655,12.3853,54.5741,4.8108,19.7976,19.702,0.0

PRICE_WINDOW_180_ROW_133=20260522,24.7,26.95,24.1,26.65,26000.0,23.38,20.9677,21.0275,18.2958,18.2883,8.7755,26.0047,72.4919,0.0168,27.1,26.7388,-1.1132

PRICE_WINDOW_180_ROW_134=20260525,27.4,29.3,27.4,29.3,29000.0,24.89,21.6621,21.645,18.4858,18.3867,9.9437,34.7126,72.8614,0.0193,35.2593,35.3661,0.0

PRICE_WINDOW_180_ROW_135=20260526,30.95,32.2,30.0,32.2,32000.0,26.99,22.5403,22.325,18.73,18.5083,9.8976,48.3871,73.1183,0.0228,42.8556,44.2329,0.0

PRICE_WINDOW_180_ROW_136=20260527,31.55,34.6,31.55,33.6,33000.0,29.25,23.4619,23.0325,18.9925,18.6471,4.3478,50.6726,72.7506,0.0261,43.2109,45.8808,-2.8902

PRICE_WINDOW_180_ROW_137=20260528,32.9,33.9,32.7,33.0,33000.0,30.95,24.2567,23.7225,19.24,18.7883,-1.7857,34.6939,71.875,0.0271,36.0447,39.1084,-4.6243

PRICE_WINDOW_180_ROW_138=20260529,34.4,36.3,33.3,36.3,35000.0,32.88,25.2603,24.57,19.5467,18.9546,10.0,36.2101,87.5969,0.03,43.7035,47.7411,0.0

PRICE_WINDOW_180_ROW_139=20260601,37.4,39.9,37.4,39.9,39000.0,35.0,26.4803,25.585,19.9267,19.1433,9.9174,36.1775,103.5714,0.0347,50.678,55.9508,0.0

PRICE_WINDOW_180_ROW_140=20260602,40.2,42.9,38.55,38.65,41.0,36.29,27.4945,26.5225,20.2833,19.3179,-3.1328,20.0311,94.2211,0.0,40.5738,45.7253,-9.9068

PRICE_WINDOW_180_ROW_141=20260603,41.5,41.55,40.25,41.55,41000.0,37.88,28.6658,27.5675,20.6858,19.5179,7.5032,23.6607,101.2107,0.0421,44.9465,50.721,-3.1469

PRICE_WINDOW_180_ROW_142=20260604,44.75,44.95,43.1,43.8,44000.0,40.04,29.9269,28.7,21.1217,19.7367,5.4152,32.7273,107.0922,0.0485,46.3564,52.6132,-2.5584

PRICE_WINDOW_180_ROW_143=20260605,44.3,44.3,39.45,39.8,40000.0,40.74,30.7497,29.66,21.4983,19.9225,-9.1324,9.6419,93.2039,0.0464,29.4322,34.1875,-11.4572

PRICE_WINDOW_180_ROW_144=20260608,35.85,35.95,35.85,35.85,683000.0,39.93,31.1747,30.3525,21.7975,20.0763,-9.9246,-10.1504,62.9545,0.9184,14.997,18.1122,-20.2447

PRICE_WINDOW_180_ROW_145=20260609,35.85,39.4,35.85,37.6,527000.0,39.72,31.7102,31.1575,22.1267,20.2304,4.8815,-2.7167,74.8837,0.7614,18.574,20.6772,-16.3515

PRICE_WINDOW_180_ROW_146=20260610,36.7,37.95,36.6,36.6,361000.0,38.73,32.1176,31.9,22.4475,20.3792,-2.6596,-11.9134,68.2759,0.5523,13.956,14.7335,-18.5762

PRICE_WINDOW_180_ROW_147=20260611,36.0,36.0,32.95,32.95,938000.0,36.56,32.187,32.4575,22.7017,20.4992,-9.9727,-24.7717,51.1468,1.471,2.3705,1.5174,-26.6963

PRICE_WINDOW_180_ROW_148=20260612,32.15,36.15,32.15,36.15,751000.0,35.83,32.5173,33.2075,23.0092,20.6446,9.7117,-9.1709,70.922,1.1735,11.1717,8.861,-19.5773

PRICE_WINDOW_180_ROW_149=20260615,38.95,39.75,38.95,39.75,794000.0,36.61,33.12,34.1075,23.3792,20.8208,9.9585,10.8787,82.7586,1.1994,20.0182,16.5433,-11.5684

PRICE_WINDOW_180_ROW_150=20260616,43.15,43.7,42.0,43.7,3016000.0,37.83,34.0017,35.2075,23.8233,21.0312,9.9371,16.2234,101.3825,3.7939,28.5232,24.1213,-2.7809

PRICE_WINDOW_180_ROW_151=20260617,44.95,48.05,43.9,48.05,6124000.0,40.12,35.1723,36.495,24.3408,21.2725,9.9542,31.2842,115.4709,5.8146,36.613,31.6619,0.0

PRICE_WINDOW_180_ROW_152=20260618,50.0,52.8,49.3,52.8,6580000.0,44.09,36.6413,37.91,24.9417,21.5517,9.8855,60.2428,115.5102,6.5388,44.0996,39.2772,0.0

PRICE_WINDOW_180_ROW_153=20260622,55.7,58.0,55.5,58.0,2963000.0,48.46,38.4212,39.4775,25.6283,21.8742,9.8485,60.4426,117.636,2.5695,50.9583,46.9191,0.0
