# PRICE_WINDOW_160

columns=date,open,high,low,close,volume,ma5,ema23,ma20,ma60,ma120,return_1d,return_5d,return_20d,volume_ratio,distance_to_ema23_pct,distance_to_ma20_pct,distance_to_high_60_pct

PRICE_WINDOW_180_ROW_001=20250407,42.0,43.15,41.95,42.5,427152.0,,,,,,,,,,,,

PRICE_WINDOW_180_ROW_002=20251103,28.5,28.8,28.5,28.5,26000.0,,,,,,-32.9412,,,,,,

PRICE_WINDOW_180_ROW_003=20251104,28.65,28.8,28.55,28.8,16000.0,,,,,,1.0526,,,,,,

PRICE_WINDOW_180_ROW_004=20251105,28.7,28.85,28.45,28.65,23000.0,,,,,,-0.5208,,,,,,

PRICE_WINDOW_180_ROW_005=20251106,28.65,28.7,28.65,28.7,7000.0,31.43,38.4341,31.43,31.43,31.43,0.1745,,,0.0701,-25.3267,-8.686,-33.4878

PRICE_WINDOW_180_ROW_006=20251107,28.7,28.7,28.6,28.6,9000.0,28.65,37.6146,30.9583,30.9583,30.9583,-0.3484,-32.7059,,0.1063,-23.9656,-7.6178,-33.7196

PRICE_WINDOW_180_ROW_007=20251110,28.55,28.7,28.55,28.6,8000.0,28.67,36.8633,30.6214,30.6214,30.6214,0.0,0.3509,,0.1085,-22.4162,-6.6014,-33.7196

PRICE_WINDOW_180_ROW_008=20251111,28.2,28.45,28.1,28.25,41000.0,28.56,36.1456,30.325,30.325,30.325,-1.2238,-1.9097,,0.5887,-21.8438,-6.8425,-34.5307

PRICE_WINDOW_180_ROW_009=20251112,28.45,28.5,28.3,28.45,32000.0,28.52,35.5043,30.1167,30.1167,30.1167,0.708,-0.6981,,0.4888,-19.8688,-5.534,-34.0672

PRICE_WINDOW_180_ROW_010=20251113,28.5,28.5,28.25,28.4,23000.0,28.46,34.9122,29.945,29.945,29.945,-0.1757,-1.0453,,0.3757,-18.6532,-5.1595,-34.1831

PRICE_WINDOW_180_ROW_011=20251114,28.4,28.4,28.4,28.4,5000.0,28.42,34.3696,29.8045,29.8045,29.8045,0.0,-0.6993,,0.0891,-17.3687,-4.7125,-34.1831

PRICE_WINDOW_180_ROW_012=20251117,28.4,28.4,28.35,28.4,8000.0,28.38,33.8721,29.6875,29.6875,29.6875,0.0,-0.6993,,0.1536,-16.1552,-4.3368,-34.1831

PRICE_WINDOW_180_ROW_013=20251118,28.3,28.3,28.2,28.2,8000.0,28.37,33.3994,29.5731,29.5731,29.5731,-0.7042,-0.177,,0.1643,-15.5674,-4.643,-34.6466

PRICE_WINDOW_180_ROW_014=20251119,28.2,28.2,28.05,28.05,16000.0,28.29,32.9536,29.4643,29.4643,29.4643,-0.5319,-1.406,,0.3451,-14.8804,-4.8,-34.9942

PRICE_WINDOW_180_ROW_015=20251120,28.15,28.15,28.1,28.1,15000.0,28.23,32.5492,29.3733,29.3733,29.3733,0.1783,-1.0563,,0.3388,-13.6691,-4.335,-34.8783

PRICE_WINDOW_180_ROW_016=20251121,28.1,28.1,28.1,28.1,3000.0,28.17,32.1784,29.2938,29.2938,29.2938,0.0,-1.0563,,0.0719,-12.6744,-4.0751,-34.8783

PRICE_WINDOW_180_ROW_017=20251124,28.1,28.1,27.85,28.0,7000.0,28.09,31.8302,29.2176,29.2176,29.2176,-0.3559,-1.4085,,0.1765,-12.0332,-4.1675,-35.1101

PRICE_WINDOW_180_ROW_018=20251125,27.95,27.95,27.5,27.95,22000.0,28.04,31.5069,29.1472,29.1472,29.1472,-0.1786,-0.8865,,0.5688,-11.2891,-4.1075,-35.226

PRICE_WINDOW_180_ROW_019=20251126,28.0,28.1,28.0,28.1,5000.0,28.05,31.2229,29.0921,29.0921,29.0921,0.5367,0.1783,,0.1355,-10.0021,-3.4102,-34.8783

PRICE_WINDOW_180_ROW_020=20251127,28.05,28.05,27.95,28.0,8000.0,28.03,30.9544,29.0375,29.0375,29.0375,-0.3559,-0.3559,,0.2256,-9.5443,-3.573,-35.1101

PRICE_WINDOW_180_ROW_021=20251128,28.05,28.05,27.9,28.05,18000.0,28.02,30.7123,28.315,28.9905,28.9905,0.1786,-0.1779,-34.0,1.2,-8.6686,-0.9359,-34.9942

PRICE_WINDOW_180_ROW_022=20251201,28.0,28.0,27.9,27.95,11000.0,28.01,30.4821,28.2875,28.9432,28.9432,-0.3565,-0.1786,-1.9298,0.7719,-8.307,-1.1931,-35.226

PRICE_WINDOW_180_ROW_023=20251202,28.75,28.75,28.2,28.2,5000.0,28.06,30.292,28.2575,28.9109,28.9109,0.8945,0.8945,-2.0833,0.365,-6.906,-0.2035,-34.6466

PRICE_WINDOW_180_ROW_024=20251203,28.15,28.15,28.0,28.1,9000.0,28.06,30.1093,28.23,28.8771,28.8771,-0.3546,0.0,-1.9197,0.6923,-6.6734,-0.4605,-34.8783

PRICE_WINDOW_180_ROW_025=20251204,28.05,28.05,28.05,28.05,1000.0,28.07,29.9377,28.1975,28.844,28.844,-0.1779,0.1786,-2.2648,0.0787,-6.3054,-0.5231,-34.9942

PRICE_WINDOW_180_ROW_026=20251205,28.05,28.05,28.05,28.05,2000.0,28.07,29.7804,28.17,28.8135,28.8135,0.0,0.0,-1.9231,0.1619,-5.8105,-0.426,-34.9942

PRICE_WINDOW_180_ROW_027=20251208,28.0,28.25,28.0,28.15,17000.0,28.11,29.6445,28.1475,28.7889,28.7889,0.3565,0.7156,-1.5734,1.3281,-5.0415,0.0089,-34.7625

PRICE_WINDOW_180_ROW_028=20251209,28.1,28.1,28.1,28.1,2000.0,28.09,29.5158,28.14,28.7643,28.7643,-0.1776,-0.3546,-0.531,0.1843,-4.7968,-0.1421,-34.8783

PRICE_WINDOW_180_ROW_029=20251210,28.1,28.25,28.05,28.25,4000.0,28.12,29.4103,28.13,28.7466,28.7466,0.5338,0.5338,-0.703,0.4233,-3.9453,0.4266,-34.5307

PRICE_WINDOW_180_ROW_030=20251211,28.0,28.2,28.0,28.2,3000.0,28.15,29.3095,28.12,28.7283,28.7283,-0.177,0.5348,-0.7042,0.355,-3.7853,0.2845,-34.6466

PRICE_WINDOW_180_ROW_031=20251212,28.2,28.2,28.0,28.1,7000.0,28.16,29.2087,28.105,28.7081,28.7081,-0.3546,0.1783,-1.0563,0.8187,-3.7957,-0.0178,-34.8783

PRICE_WINDOW_180_ROW_032=20251215,28.15,28.15,28.1,28.1,5000.0,28.15,29.1163,28.09,28.6891,28.6891,0.0,-0.1776,-1.0563,0.5952,-3.4904,0.0356,-34.8783

PRICE_WINDOW_180_ROW_033=20251216,28.1,28.1,28.0,28.0,8000.0,28.13,29.0233,28.08,28.6682,28.6682,-0.3559,-0.3559,-0.7092,0.9524,-3.5257,-0.2849,-35.1101

PRICE_WINDOW_180_ROW_034=20251217,28.45,28.45,28.15,28.4,9000.0,28.16,28.9713,28.0975,28.6603,28.6603,1.4286,0.531,1.2478,1.118,-1.972,1.0766,-34.1831

PRICE_WINDOW_180_ROW_035=20251218,28.4,28.4,28.1,28.35,6000.0,28.19,28.9195,28.11,28.6514,28.6514,-0.1761,0.5319,0.8897,0.7895,-1.9694,0.8538,-34.299

PRICE_WINDOW_180_ROW_036=20251219,28.35,28.5,28.35,28.4,10000.0,28.25,28.8763,28.125,28.6444,28.6444,0.1764,1.0676,1.0676,1.2579,-1.6493,0.9778,-34.1831

PRICE_WINDOW_180_ROW_037=20251222,28.45,28.45,28.35,28.45,7000.0,28.32,28.8407,28.1475,28.6392,28.6392,0.1761,1.2456,1.6071,0.8805,-1.3548,1.0747,-34.0672

PRICE_WINDOW_180_ROW_038=20251223,28.5,30.2,28.5,30.15,257000.0,28.75,28.9498,28.2575,28.6789,28.6789,5.9754,7.6786,7.8712,13.0457,4.1457,6.6973,-30.1275

PRICE_WINDOW_180_ROW_039=20251224,30.6,30.9,29.15,29.3,160000.0,28.93,28.979,28.3175,28.6949,28.6949,-2.8192,3.169,4.2705,5.8288,1.1076,3.4696,-32.0973

PRICE_WINDOW_180_ROW_040=20251226,29.7,29.7,29.2,29.3,19000.0,29.12,29.0058,28.3825,28.71,28.71,0.0,3.351,4.6429,0.6786,1.0144,3.2326,-32.0973

PRICE_WINDOW_180_ROW_041=20251229,29.95,30.4,29.55,29.65,74000.0,29.37,29.0595,28.4625,28.7329,28.7329,1.1945,4.4014,5.7041,2.4026,2.0322,4.1722,-31.2862

PRICE_WINDOW_180_ROW_042=20251230,29.65,29.65,29.0,29.0,28000.0,29.48,29.0545,28.515,28.7393,28.7393,-2.1922,1.9332,3.7567,0.8847,-0.1876,1.7009,-32.7926

PRICE_WINDOW_180_ROW_043=20251231,29.0,30.0,29.0,30.0,53000.0,29.45,29.1333,28.605,28.7686,28.7686,3.4483,-0.4975,6.383,1.5565,2.975,4.8768,-30.4751

PRICE_WINDOW_180_ROW_044=20260102,30.0,30.05,29.8,29.9,41000.0,29.57,29.1972,28.695,28.7943,28.7943,-0.3333,2.0478,6.4057,1.1501,2.4071,4.1993,-30.7068

PRICE_WINDOW_180_ROW_045=20260105,29.5,29.5,29.3,29.4,30000.0,29.59,29.2141,28.7625,28.8078,28.8078,-1.6722,0.3413,4.8128,0.8086,0.6364,2.2164,-31.8656

PRICE_WINDOW_180_ROW_046=20260106,29.6,30.1,29.5,29.95,59000.0,29.65,29.2754,28.8575,28.8326,28.8326,1.8707,1.0118,6.7736,1.4768,2.3043,3.7858,-30.591

PRICE_WINDOW_180_ROW_047=20260107,29.65,30.9,29.35,30.9,116000.0,30.03,29.4108,28.995,28.8766,28.8766,3.172,6.5517,9.7691,2.5835,5.0635,6.5701,-28.3893

PRICE_WINDOW_180_ROW_048=20260108,30.95,31.0,30.45,30.65,72000.0,30.16,29.5141,29.1225,28.9135,28.9135,-0.8091,2.1667,9.0747,1.4876,3.8488,5.2451,-28.9687

PRICE_WINDOW_180_ROW_049=20260109,30.65,30.65,30.5,30.55,18000.0,30.29,29.6004,29.2375,28.9469,28.9469,-0.3263,2.1739,8.1416,0.3666,3.2081,4.4891,-29.2005

PRICE_WINDOW_180_ROW_050=20260112,30.55,31.0,30.55,30.8,42000.0,30.57,29.7004,29.3675,28.984,28.984,0.8183,4.7619,9.2199,0.8227,3.7025,4.8778,-28.6211

PRICE_WINDOW_180_ROW_051=20260113,31.15,31.15,30.75,30.95,26000.0,30.77,29.8045,29.51,29.0225,29.0225,0.487,3.3389,10.1423,0.5,3.8434,4.8797,-28.2735

PRICE_WINDOW_180_ROW_052=20260114,30.7,30.95,30.65,30.75,25000.0,30.74,29.8833,29.6425,29.0558,29.0558,-0.6462,-0.4854,9.4306,0.4717,2.9003,3.7362,-28.737

PRICE_WINDOW_180_ROW_053=20260115,30.95,31.2,30.95,30.95,72000.0,30.8,29.9722,29.79,29.0915,29.0915,0.6504,0.9788,10.5357,1.2811,3.2624,3.8939,-28.2735

PRICE_WINDOW_180_ROW_054=20260116,30.95,30.95,30.6,30.85,27000.0,30.86,30.0453,29.9125,29.1241,29.1241,-0.3231,0.982,8.6268,0.4729,2.6782,3.1341,-28.5052

PRICE_WINDOW_180_ROW_055=20260119,30.85,30.85,30.75,30.85,28000.0,30.87,30.1124,30.0375,29.1555,29.1555,0.0,0.1623,8.8183,0.4811,2.4495,2.705,-28.5052

PRICE_WINDOW_180_ROW_056=20260120,30.9,31.15,30.9,31.0,35000.0,30.88,30.1864,30.1675,29.1884,29.1884,0.4862,0.1616,9.1549,0.5887,2.6954,2.7596,-28.1576

PRICE_WINDOW_180_ROW_057=20260121,31.0,31.0,30.6,30.6,34000.0,30.85,30.2208,30.275,29.2132,29.2132,-1.2903,-0.4878,7.5571,0.5592,1.2547,1.0735,-29.0846

PRICE_WINDOW_180_ROW_058=20260122,30.6,31.4,30.55,31.4,66000.0,30.94,30.3191,30.3375,29.2509,29.2509,2.6144,1.454,4.1459,1.2878,3.5651,3.5023,-27.2306

PRICE_WINDOW_180_ROW_059=20260123,31.4,31.7,31.35,31.4,62000.0,31.05,30.4092,30.4425,29.2873,29.2873,0.0,1.7828,7.1672,1.3376,3.2583,3.1453,-27.2306

PRICE_WINDOW_180_ROW_060=20260126,31.3,31.3,30.95,30.95,33000.0,31.07,30.4542,30.525,29.315,29.315,-1.4331,0.3241,5.6314,0.7014,1.6279,1.3923,-28.2735

PRICE_WINDOW_180_ROW_061=20260127,30.95,30.95,30.5,30.6,39000.0,30.99,30.4664,30.5725,29.1167,29.3361,-1.1309,-1.2903,3.204,0.8609,0.4386,0.09,-3.47

PRICE_WINDOW_180_ROW_062=20260128,30.65,31.25,30.65,30.9,28000.0,31.05,30.5025,30.6675,29.1567,29.3613,0.9804,0.9804,6.5517,0.6181,1.3031,0.7581,-2.5237

PRICE_WINDOW_180_ROW_063=20260129,31.0,31.0,30.8,30.8,8000.0,30.93,30.5273,30.7075,29.19,29.3841,-0.3236,-1.9108,2.6667,0.1858,0.8933,0.3012,-2.8391

PRICE_WINDOW_180_ROW_064=20260130,31.0,31.0,30.5,30.7,24000.0,30.79,30.5417,30.7475,29.2242,29.4047,-0.3247,-2.2293,2.6756,0.5687,0.5183,-0.1545,-3.1546

PRICE_WINDOW_180_ROW_065=20260202,30.55,30.55,30.15,30.15,68000.0,30.63,30.5091,30.785,29.2483,29.4162,-1.7915,-2.5848,2.551,1.542,-1.1769,-2.0627,-4.8896

PRICE_WINDOW_180_ROW_066=20260203,30.55,30.55,30.15,30.15,20000.0,30.54,30.4791,30.795,29.2742,29.4273,0.0,-1.4706,0.6678,0.4745,-1.0799,-2.0945,-4.8896

PRICE_WINDOW_180_ROW_067=20260204,30.15,30.3,30.15,30.3,25000.0,30.42,30.4642,30.765,29.3025,29.4403,0.4975,-1.9417,-1.9417,0.6649,-0.539,-1.5115,-4.4164

PRICE_WINDOW_180_ROW_068=20260205,30.1,30.3,30.0,30.05,29000.0,30.27,30.4297,30.735,29.3325,29.4493,-0.8251,-2.4351,-1.9576,0.8181,-1.2478,-2.2287,-5.205

PRICE_WINDOW_180_ROW_069=20260206,30.25,30.25,30.05,30.05,7000.0,30.14,30.398,30.71,29.3592,29.458,0.0,-2.1173,-1.6367,0.2006,-1.145,-2.1491,-5.205

PRICE_WINDOW_180_ROW_070=20260209,30.05,30.05,29.95,29.95,12000.0,30.1,30.3607,30.6675,29.385,29.465,-0.3328,-0.6633,-2.7597,0.3593,-1.3528,-2.3396,-5.5205

PRICE_WINDOW_180_ROW_071=20260210,30.0,30.05,29.35,30.05,39000.0,30.08,30.3348,30.6225,29.4125,29.4732,0.3339,-0.3317,-2.9079,1.1454,-0.9389,-1.8695,-5.205

PRICE_WINDOW_180_ROW_072=20260211,30.5,30.5,29.9,30.35,31000.0,30.09,30.3361,30.6025,29.445,29.4854,0.9983,0.165,-1.3008,0.9025,0.0459,-0.8251,-4.2587

PRICE_WINDOW_180_ROW_073=20260223,30.35,30.4,30.25,30.3,21000.0,30.14,30.3331,30.57,29.48,29.4966,-0.1647,0.8319,-2.1002,0.6604,-0.109,-0.8832,-4.4164

PRICE_WINDOW_180_ROW_074=20260224,30.4,30.4,30.25,30.35,34000.0,30.2,30.3345,30.545,29.5183,29.5081,0.165,0.9983,-1.6207,1.0575,0.0511,-0.6384,-4.2587

PRICE_WINDOW_180_ROW_075=20260225,30.4,30.65,30.35,30.65,17000.0,30.34,30.3608,30.535,29.5608,29.5233,0.9885,2.3372,-0.6483,0.538,0.9526,0.3766,-3.3123

PRICE_WINDOW_180_ROW_076=20260226,30.6,30.95,30.6,30.95,40000.0,30.52,30.4099,30.5325,29.6083,29.5421,0.9788,2.995,-0.1613,1.2559,1.7761,1.3674,-2.3659

PRICE_WINDOW_180_ROW_077=20260302,30.6,31.8,30.6,31.65,91000.0,30.78,30.5132,30.585,29.6692,29.5695,2.2617,4.2834,3.4314,2.6225,3.7255,3.4821,-0.4717

PRICE_WINDOW_180_ROW_078=20260303,31.65,33.1,31.65,32.3,237000.0,31.18,30.6621,30.63,29.7417,29.6045,2.0537,6.6007,2.8662,5.4798,5.3417,5.4522,-2.4169

PRICE_WINDOW_180_ROW_079=20260304,32.3,32.3,30.5,30.5,79000.0,31.21,30.6486,30.585,29.7817,29.6158,-5.5728,0.4942,-2.8662,1.7914,-0.4849,-0.2779,-7.855

PRICE_WINDOW_180_ROW_080=20260305,30.65,32.0,30.65,31.2,84000.0,31.32,30.6946,30.5975,29.835,29.6356,2.2951,1.7945,0.8078,1.8006,1.6467,1.9691,-5.7402

PRICE_WINDOW_180_ROW_081=20260306,31.95,31.95,31.45,31.5,40000.0,31.43,30.7617,30.6425,29.8925,29.6586,0.9615,1.7771,2.9412,0.8565,2.4001,2.7984,-4.8338

PRICE_WINDOW_180_ROW_082=20260309,31.2,31.25,30.0,31.0,77000.0,31.3,30.7815,30.6475,29.9433,29.675,-1.5873,-2.0537,0.3236,1.5666,0.7097,1.1502,-6.3444

PRICE_WINDOW_180_ROW_083=20260310,31.0,32.0,31.0,31.6,46000.0,31.16,30.8497,30.6875,30.0,29.6982,1.9355,-2.1672,2.5974,0.9011,2.432,2.9735,-4.5317

PRICE_WINDOW_180_ROW_084=20260311,31.65,31.8,31.3,31.75,72000.0,31.41,30.9248,30.74,30.0608,29.7226,0.4747,4.0984,3.4202,1.3471,2.6685,3.2856,-4.0785

PRICE_WINDOW_180_ROW_085=20260312,31.6,31.6,31.15,31.3,25000.0,31.43,30.956,30.7975,30.115,29.7412,-1.4173,0.3205,3.8143,0.4873,1.1111,1.6316,-5.4381

PRICE_WINDOW_180_ROW_086=20260313,31.3,31.3,31.0,31.05,15000.0,31.34,30.9639,30.8425,30.165,29.7564,-0.7987,-1.4286,2.9851,0.2938,0.2782,0.6728,-6.1934

PRICE_WINDOW_180_ROW_087=20260316,31.3,31.3,30.95,30.95,37000.0,31.33,30.9627,30.875,30.2117,29.7701,-0.3221,-0.1613,2.1452,0.7164,-0.0411,0.2429,-6.4955

PRICE_WINDOW_180_ROW_088=20260317,30.95,31.05,30.9,30.95,35000.0,31.2,30.9617,30.92,30.2592,29.7835,0.0,-2.057,2.995,0.6737,-0.0376,0.097,-6.4955

PRICE_WINDOW_180_ROW_089=20260318,30.9,30.95,30.75,30.8,36000.0,31.01,30.9482,30.9575,30.3017,29.7949,-0.4847,-2.9921,2.4958,0.6742,-0.4788,-0.5088,-6.9486

PRICE_WINDOW_180_ROW_090=20260319,30.75,30.75,30.0,30.15,76000.0,30.78,30.8817,30.9675,30.3342,29.7989,-2.1104,-3.6741,0.6678,1.3428,-2.3693,-2.6399,-8.9124

PRICE_WINDOW_180_ROW_091=20260320,30.5,31.25,30.5,30.9,42000.0,30.75,30.8832,31.01,30.3808,29.811,2.4876,-0.4831,2.8286,0.7401,0.0544,-0.3547,-6.6465

PRICE_WINDOW_180_ROW_092=20260323,30.55,31.05,30.45,30.45,16000.0,30.65,30.8471,31.015,30.42,29.8179,-1.4563,-1.6155,0.3295,0.2857,-1.2873,-1.8217,-8.006

PRICE_WINDOW_180_ROW_093=20260324,30.2,30.55,30.2,30.3,23000.0,30.52,30.8015,31.015,30.4583,29.8231,-0.4926,-2.1002,0.0,0.41,-1.6282,-2.3053,-8.4592

PRICE_WINDOW_180_ROW_094=20260325,30.3,30.75,30.3,30.75,17000.0,30.51,30.7972,31.035,30.4975,29.833,1.4851,-0.1623,1.318,0.3077,-0.1533,-0.9183,-7.0997

PRICE_WINDOW_180_ROW_095=20260326,31.0,31.7,31.0,31.45,56000.0,30.77,30.8516,31.075,30.5492,29.85,2.2764,4.3118,2.6101,0.979,1.9396,1.2068,-4.9849

PRICE_WINDOW_180_ROW_096=20260327,31.0,31.4,31.0,31.4,12000.0,30.87,30.8973,31.0975,30.5992,29.8661,-0.159,1.6181,1.454,0.2151,1.627,0.9727,-5.136

PRICE_WINDOW_180_ROW_097=20260330,31.0,31.0,30.95,31.0,8000.0,30.98,30.9059,31.065,30.6417,29.8778,-1.2739,1.8062,-2.0537,0.1549,0.3046,-0.2092,-6.3444

PRICE_WINDOW_180_ROW_098=20260331,31.45,31.45,30.7,31.15,16000.0,31.15,30.9262,31.0075,30.6583,29.8908,0.4839,2.8053,-3.5604,0.3941,0.7236,0.4596,-5.8912

PRICE_WINDOW_180_ROW_099=20260401,31.2,31.2,30.95,31.0,26000.0,31.2,30.9324,31.0325,30.6867,29.902,-0.4815,0.813,1.6393,0.6851,0.2187,-0.1047,-6.3444

PRICE_WINDOW_180_ROW_100=20260402,31.05,31.2,31.0,31.0,16000.0,31.11,30.938,31.0225,30.715,29.913,0.0,-1.4308,-0.641,0.4631,0.2004,-0.0725,-6.3444

PRICE_WINDOW_180_ROW_101=20260407,31.0,31.0,30.75,30.9,11000.0,31.01,30.9348,30.9925,30.7358,29.9228,-0.3226,-1.5924,-1.9048,0.3323,-0.1126,-0.2985,-6.6465

PRICE_WINDOW_180_ROW_102=20260408,30.85,31.0,30.85,30.9,10000.0,30.99,30.9319,30.9875,30.7675,29.9324,0.0,-0.3226,-0.3226,0.3361,-0.1032,-0.2824,-6.6465

PRICE_WINDOW_180_ROW_103=20260409,31.15,33.95,31.15,33.15,822000.0,31.39,31.1168,31.065,30.82,29.9636,7.2816,6.4205,4.9051,11.9912,6.5342,6.7117,-2.3564

PRICE_WINDOW_180_ROW_104=20260410,33.5,33.85,32.4,32.5,222000.0,31.69,31.232,31.1025,30.8633,29.988,-1.9608,4.8387,2.3622,2.9191,4.0598,4.4932,-4.271

PRICE_WINDOW_180_ROW_105=20260413,32.5,33.1,31.8,32.55,155000.0,32.0,31.3419,31.165,30.9158,30.0124,0.1538,5.0,3.9936,1.8776,3.8547,4.4441,-4.1237

PRICE_WINDOW_180_ROW_106=20260414,32.55,32.55,31.85,32.0,92000.0,32.22,31.3967,31.2125,30.95,30.0311,-1.6897,3.5599,3.0596,1.0648,1.9215,2.523,-5.7437

PRICE_WINDOW_180_ROW_107=20260415,31.85,32.7,31.85,32.15,60000.0,32.47,31.4595,31.2725,30.9708,30.0509,0.4687,4.0453,3.8772,0.6853,2.1949,2.806,-5.3019

PRICE_WINDOW_180_ROW_108=20260416,32.25,32.35,31.7,31.7,78000.0,32.18,31.4795,31.31,30.9883,30.0662,-1.3997,-4.3741,2.4233,0.8696,0.7004,1.2456,-6.6274

PRICE_WINDOW_180_ROW_109=20260417,31.7,32.8,31.7,32.15,73000.0,32.11,31.5354,31.3775,31.015,30.0853,1.4196,-1.0769,4.3831,0.7974,1.9489,2.462,-5.3019

PRICE_WINDOW_180_ROW_110=20260420,32.45,34.15,32.2,32.2,512000.0,32.04,31.5908,31.48,31.0383,30.1045,0.1555,-1.0753,6.7993,4.517,1.9285,2.2872,-5.7101

PRICE_WINDOW_180_ROW_111=20260421,35.4,35.4,35.4,35.4,558000.0,32.72,31.9082,31.705,31.1125,30.1523,9.9379,10.625,14.5631,4.0101,10.9432,11.6543,0.0

PRICE_WINDOW_180_ROW_112=20260422,38.9,38.9,37.55,38.9,2306000.0,34.07,32.4909,32.1275,31.2483,30.2304,9.887,20.9953,27.7504,9.0913,19.726,21.0801,0.0

PRICE_WINDOW_180_ROW_113=20260423,42.1,42.5,39.1,41.65,3382000.0,36.06,33.2541,32.695,31.4267,30.3314,7.0694,31.388,37.4587,8.0218,25.2476,27.3895,-2.0

PRICE_WINDOW_180_ROW_114=20260424,41.45,42.75,38.6,39.95,1286000.0,37.62,33.8121,33.155,31.5783,30.4158,-4.0816,24.2613,29.9187,2.6513,18.1529,20.4946,-6.5497

PRICE_WINDOW_180_ROW_115=20260427,39.7,39.7,37.15,37.15,560000.0,38.61,34.0903,33.44,31.6833,30.4743,-7.0088,15.3727,18.124,1.0975,8.9754,11.0945,-13.0994

PRICE_WINDOW_180_ROW_116=20260428,38.15,38.2,34.7,36.0,1000000.0,38.73,34.2494,33.67,31.7667,30.522,-3.0956,1.6949,14.6497,1.7868,5.1113,6.9201,-15.7895

PRICE_WINDOW_180_ROW_117=20260429,35.75,38.0,35.5,36.9,485000.0,38.33,34.4703,33.965,31.8717,30.5765,2.5,-5.1414,19.0323,0.8312,7.0487,8.6412,-13.6842

PRICE_WINDOW_180_ROW_118=20260430,37.1,37.95,36.05,36.65,383000.0,37.33,34.6519,34.24,31.9592,30.628,-0.6775,-12.0048,17.6565,0.6364,5.7661,7.0386,-14.269

PRICE_WINDOW_180_ROW_119=20260504,36.65,36.8,35.5,35.7,355000.0,36.48,34.7393,34.475,32.0308,30.6706,-2.5921,-10.6383,15.1613,0.5742,2.7655,3.5533,-16.4912

PRICE_WINDOW_180_ROW_120=20260505,35.8,37.35,35.35,36.7,442000.0,36.39,34.9027,34.76,32.1267,30.7208,2.8011,-1.2113,18.3871,0.6911,5.1495,5.5811,-14.152

PRICE_WINDOW_180_ROW_121=20260506,37.8,37.8,34.9,36.5,518000.0,36.49,35.0358,35.04,32.225,30.6708,-0.545,1.3889,18.123,0.779,4.1792,4.1667,-14.6199

PRICE_WINDOW_180_ROW_122=20260507,36.8,36.9,35.65,35.9,281000.0,36.29,35.1078,35.29,32.3083,30.7325,-1.6438,-2.71,16.1812,0.4141,2.2565,1.7285,-16.0234

PRICE_WINDOW_180_ROW_123=20260508,35.6,37.5,35.6,35.9,300000.0,36.14,35.1738,35.4275,32.3933,30.7917,0.0,-2.0464,8.2956,0.4598,2.0646,1.3337,-16.0234

PRICE_WINDOW_180_ROW_124=20260511,36.15,38.2,35.9,38.0,586000.0,36.6,35.4093,35.7025,32.515,30.8696,5.8496,6.4426,16.9231,0.8738,7.3163,6.4351,-11.1111

PRICE_WINDOW_180_ROW_125=20260512,38.0,38.3,36.7,37.85,330000.0,36.83,35.6127,35.9675,32.6433,30.9458,-0.3947,3.1335,16.2826,0.4858,6.2822,5.2339,-11.462

PRICE_WINDOW_180_ROW_126=20260513,37.75,41.6,36.65,41.6,1172000.0,37.85,36.1117,36.4475,32.8342,31.0542,9.9075,13.9726,30.0,1.5981,15.1982,14.1368,-2.6901

PRICE_WINDOW_180_ROW_127=20260514,42.15,45.75,41.7,45.75,3828000.0,39.82,36.9149,37.1275,33.0917,31.1971,9.976,27.4373,42.3017,4.153,23.9338,23.224,0.0

PRICE_WINDOW_180_ROW_128=20260515,46.1,49.0,46.1,48.1,7597000.0,42.26,37.847,37.9475,33.3925,31.3625,5.1366,33.9833,51.735,5.8542,27.0908,26.7541,-1.8367

PRICE_WINDOW_180_ROW_129=20260518,46.35,47.85,44.8,45.85,1149000.0,43.83,38.5139,38.6325,33.6558,31.5075,-4.6778,20.6579,42.6128,0.8502,19.048,18.6825,-6.4286

PRICE_WINDOW_180_ROW_130=20260519,45.55,45.55,41.35,41.45,1212000.0,44.55,38.7586,39.095,33.8475,31.6162,-9.5965,9.5112,28.7267,0.8741,6.9441,6.0238,-15.4082

PRICE_WINDOW_180_ROW_131=20260520,41.95,44.5,41.55,43.0,697000.0,44.83,39.112,39.475,34.0633,31.7379,3.7394,3.3654,21.4689,0.5002,9.9407,8.9297,-12.2449

PRICE_WINDOW_180_ROW_132=20260521,43.0,46.0,42.25,43.3,649000.0,44.34,39.461,39.695,34.2792,31.8621,0.6977,-5.3552,11.3111,0.4952,9.7286,9.0817,-11.6327

PRICE_WINDOW_180_ROW_133=20260522,43.4,45.9,42.3,44.4,44000.0,43.6,39.8726,39.8325,34.5142,31.9971,2.5404,-7.6923,6.6026,0.0385,11.3547,11.4668,-9.3878

PRICE_WINDOW_180_ROW_134=20260525,45.0,45.8,43.7,44.35,44000.0,43.3,40.2457,40.0525,34.7475,32.1329,-0.1126,-3.2715,11.0138,0.0407,10.1981,10.7297,-9.4898

PRICE_WINDOW_180_ROW_135=20260526,45.0,45.0,42.8,43.4,43000.0,43.69,40.5086,40.365,34.96,32.2604,-2.1421,4.7045,16.8237,0.0407,7.1378,7.5189,-11.4286

PRICE_WINDOW_180_ROW_136=20260527,43.7,43.7,41.5,41.95,42000.0,43.48,40.6287,40.6625,35.1433,32.3758,-3.341,-2.4419,16.5278,0.0417,3.2522,3.1663,-14.3878

PRICE_WINDOW_180_ROW_137=20260528,42.25,42.6,40.85,41.3,42000.0,43.08,40.6846,40.8825,35.3042,32.4867,-1.5495,-4.6189,11.9241,0.0426,1.5125,1.0212,-15.7143

PRICE_WINDOW_180_ROW_138=20260529,42.0,43.15,41.95,42.5,43000.0,42.7,40.8359,41.175,35.4742,32.6079,2.9056,-4.2793,15.9618,0.0444,4.0751,3.218,-13.2653

PRICE_WINDOW_180_ROW_139=20260601,43.25,44.45,41.8,43.65,43000.0,42.56,41.0704,41.5725,35.6933,32.7375,2.7059,-1.5784,22.2689,0.0451,6.2809,4.9973,-10.9184

PRICE_WINDOW_180_ROW_140=20260602,44.7,44.7,42.0,42.35,43.0,42.35,41.177,41.855,35.8792,32.8571,-2.9782,-2.4194,15.3951,0.0,2.8486,1.1827,-13.5714

PRICE_WINDOW_180_ROW_141=20260603,42.35,43.8,42.35,42.35,43000.0,42.43,41.2748,42.1475,36.06,32.9762,0.0,0.9535,16.0274,0.0474,2.605,0.4805,-13.5714

PRICE_WINDOW_180_ROW_142=20260604,42.75,42.9,41.5,42.55,42000.0,42.68,41.3811,42.48,36.2525,33.0979,0.4723,3.0266,18.5237,0.0469,2.8248,0.1648,-13.1633

PRICE_WINDOW_180_ROW_143=20260605,44.0,46.8,43.85,46.8,46000.0,43.54,41.8326,43.025,36.5058,33.2529,9.9882,10.1176,30.3621,0.0521,11.8744,8.774,-4.4898

PRICE_WINDOW_180_ROW_144=20260608,42.15,45.0,42.15,43.75,1247000.0,43.56,41.9924,43.3125,36.7058,33.3833,-6.5171,0.2291,15.1316,1.3619,4.1855,1.0101,-10.7143

PRICE_WINDOW_180_ROW_145=20260609,45.35,45.95,42.5,43.4,861000.0,43.77,42.1097,43.59,36.9075,33.5112,-0.8,2.4793,14.6631,0.9138,3.0641,-0.4359,-11.4286

PRICE_WINDOW_180_ROW_146=20260610,43.7,44.85,41.85,42.0,798000.0,43.7,42.1006,43.61,37.09,33.6275,-3.2258,-0.8264,0.9615,0.8641,-0.2389,-3.6918,-14.2857

PRICE_WINDOW_180_ROW_147=20260611,41.85,44.9,41.8,42.75,869000.0,43.74,42.1547,43.46,37.2867,33.7492,1.7857,0.47,-6.5574,1.1205,1.4122,-1.6337,-12.7551

PRICE_WINDOW_180_ROW_148=20260612,43.5,44.85,43.05,43.15,498000.0,43.01,42.2376,43.2125,37.49,33.8746,0.9357,-7.7991,-10.2911,1.184,2.1601,-0.1446,-11.9388

PRICE_WINDOW_180_ROW_149=20260615,43.4,44.4,43.1,44.2,479000.0,43.1,42.4012,43.13,37.7133,34.0075,2.4334,1.0286,-3.5987,1.2374,4.2424,2.4809,-9.7959

PRICE_WINDOW_180_ROW_150=20260616,44.7,45.0,43.0,43.25,350000.0,43.07,42.4719,43.22,37.9317,34.1329,-2.1493,-0.3456,4.3426,1.0174,1.832,0.0694,-11.7347

PRICE_WINDOW_180_ROW_151=20260617,43.25,47.4,43.0,45.9,941000.0,43.85,42.7576,43.365,38.1817,34.2812,6.1272,9.2857,6.7442,2.6418,7.3494,5.8457,-6.3265

PRICE_WINDOW_180_ROW_152=20260618,45.9,49.15,45.3,48.05,1232000.0,44.91,43.1986,43.6025,38.475,34.4475,4.6841,12.3977,10.97,3.1971,11.2304,10.2001,-2.238

PRICE_WINDOW_180_ROW_153=20260622,50.0,52.8,49.6,52.8,2569000.0,46.84,43.9987,44.0225,38.85,34.6542,9.8855,22.3638,18.9189,5.0215,20.0035,19.9387,0.0

PRICE_WINDOW_180_ROW_154=20260623,52.6,54.1,48.4,49.7,2873000.0,47.94,44.4738,44.29,39.1658,34.8317,-5.8712,12.4434,12.0631,4.3993,11.7511,12.2149,-8.1331

PRICE_WINDOW_180_ROW_155=20260624,48.45,50.0,47.1,49.45,778000.0,49.18,44.8885,44.5925,39.4658,35.0075,-0.503,14.3353,13.9401,1.1279,10.1618,10.8931,-8.5952

PRICE_WINDOW_180_ROW_156=20260625,51.0,51.0,46.9,48.0,850000.0,49.6,45.1478,44.895,39.7425,35.1708,-2.9323,4.5752,14.4219,1.1641,6.3175,6.9161,-11.2754

PRICE_WINDOW_180_ROW_157=20260626,47.25,48.35,45.45,45.5,504000.0,49.09,45.1772,45.105,39.9842,35.3129,-5.2083,-5.307,10.1695,0.6691,0.7146,0.8757,-15.8965

PRICE_WINDOW_180_ROW_158=20260629,45.75,46.4,44.95,46.2,234000.0,47.77,45.2624,45.29,40.235,35.4467,1.5385,-12.5,8.7059,0.3067,2.0715,2.0093,-14.6026

PRICE_WINDOW_180_ROW_159=20260630,46.25,48.45,46.05,48.1,289000.0,47.45,45.4989,45.5125,40.52,35.6033,4.1126,-3.2193,10.1947,0.3728,5.7169,5.6853,-11.0906

PRICE_WINDOW_180_ROW_160=20260701,48.2,50.4,47.85,48.3,525000.0,47.22,45.7323,45.81,40.8083,35.7617,0.4158,-2.3256,14.0496,0.6551,5.6147,5.4355,-10.7209
