# PRICE_WINDOW_180

columns=date,open,high,low,close,volume,ma5,ema23,ma20,ma60,ma120,return_1d,return_5d,return_20d,volume_ratio,distance_to_ema23_pct,distance_to_ma20_pct,distance_to_high_60_pct

PRICE_WINDOW_180_ROW_001=20251114,58.9,58.9,57.9,58.0,14000.0,58.54,59.2886,59.3,60.2783,62.21,-0.8547,-1.6949,-4.1322,0.9281,-2.1734,-2.1922,-8.6614

PRICE_WINDOW_180_ROW_002=20251117,58.2,58.2,57.2,58.0,27051.0,58.3,59.1812,59.19,60.1983,62.1517,0.0,-2.027,-3.6545,1.6509,-1.9959,-2.0105,-8.0824

PRICE_WINDOW_180_ROW_003=20251118,57.3,58.6,56.3,58.6,21001.0,58.42,59.1328,59.11,60.1267,62.0967,1.0345,1.0345,-2.6578,1.2364,-0.901,-0.8628,-7.1315

PRICE_WINDOW_180_ROW_004=20251119,58.8,58.8,58.8,58.8,2012.0,58.38,59.105,59.055,60.0733,62.0542,0.3413,-0.339,-1.8364,0.1206,-0.5161,-0.4318,-6.8146

PRICE_WINDOW_180_ROW_005=20251120,58.8,58.8,58.8,58.8,1000.0,58.44,59.0796,58.995,60.0283,62.0083,0.0,0.5128,-2.0,0.0624,-0.4733,-0.3305,-6.8146

PRICE_WINDOW_180_ROW_006=20251121,58.8,59.0,58.8,58.8,7199.0,58.6,59.0563,58.96,59.9983,61.965,0.0,1.3793,-1.1765,0.4433,-0.434,-0.2714,-6.8146

PRICE_WINDOW_180_ROW_007=20251124,58.8,59.0,58.8,59.0,3000.0,58.8,59.0516,58.925,59.93,61.9275,0.3401,1.7241,-1.1725,0.2122,-0.0874,0.1273,-5.6

PRICE_WINDOW_180_ROW_008=20251125,59.2,59.2,59.2,59.2,1003.0,58.92,59.064,58.915,59.8867,61.8917,0.339,1.0239,-0.3367,0.0733,0.2303,0.4837,-5.28

PRICE_WINDOW_180_ROW_009=20251126,59.5,60.0,59.1,60.0,3002.0,59.16,59.142,58.955,59.8833,61.8608,1.3514,2.0408,1.3514,0.225,1.4508,1.7725,-4.0

PRICE_WINDOW_180_ROW_010=20251127,60.2,60.2,60.2,60.2,1003.0,59.44,59.2302,58.965,59.8767,61.8258,0.3333,2.381,0.3333,0.0892,1.6374,2.0945,-3.68

PRICE_WINDOW_180_ROW_011=20251128,60.3,60.3,60.3,60.3,1000.0,59.74,59.3193,58.995,59.8717,61.8008,0.1661,2.551,1.005,0.0935,1.6532,2.2121,-3.52

PRICE_WINDOW_180_ROW_012=20251201,59.5,59.9,59.5,59.9,2000.0,59.92,59.3677,59.025,59.8567,61.7725,-0.6633,1.5254,1.0118,0.2356,0.8966,1.4824,-4.16

PRICE_WINDOW_180_ROW_013=20251202,59.9,59.9,59.6,59.6,4000.0,60.0,59.3871,59.045,59.845,61.735,-0.5008,0.6757,0.6757,0.4797,0.3586,0.94,-4.64

PRICE_WINDOW_180_ROW_014=20251203,59.6,59.6,59.6,59.6,1000.0,59.92,59.4048,59.075,59.83,61.69,0.0,-0.6667,1.0169,0.1301,0.3286,0.8887,-4.64

PRICE_WINDOW_180_ROW_015=20251204,59.8,59.8,59.8,59.8,1200.0,59.84,59.4377,59.115,59.815,61.6475,0.3356,-0.6645,1.3559,0.1673,0.6095,1.1588,-4.32

PRICE_WINDOW_180_ROW_016=20251205,59.9,59.9,59.9,59.9,2000.0,59.76,59.4763,59.16,59.8017,61.605,0.1672,-0.6633,1.5254,0.3019,0.7125,1.2508,-4.16

PRICE_WINDOW_180_ROW_017=20251208,59.8,59.9,59.8,59.9,2030.0,59.76,59.5116,59.195,59.7867,61.5583,0.0,0.0,1.1824,0.3041,0.6527,1.191,-3.3871

PRICE_WINDOW_180_ROW_018=20251209,59.6,59.6,59.0,59.4,12249.0,59.72,59.5023,59.265,59.7683,61.5075,-0.8347,-0.3356,2.4138,2.012,-0.1719,0.2278,-4.1935

PRICE_WINDOW_180_ROW_019=20251211,59.3,59.4,59.2,59.4,3001.0,59.68,59.4938,59.285,59.7483,61.4567,0.0,-0.3356,0.678,0.5141,-0.1576,0.194,-4.1935

PRICE_WINDOW_180_ROW_020=20251212,59.3,59.3,59.3,59.3,1001.0,59.58,59.4776,59.325,59.7217,61.4108,-0.1684,-0.8361,1.3675,0.1824,-0.2986,-0.0421,-4.3548

PRICE_WINDOW_180_ROW_021=20251215,59.7,59.7,59.5,59.5,2000.0,59.5,59.4795,59.4,59.7,61.365,0.3373,-0.6678,2.5862,0.4092,0.0345,0.1684,-4.0323

PRICE_WINDOW_180_ROW_022=20251216,59.3,59.3,59.2,59.2,2001.0,59.36,59.4562,59.46,59.6733,61.3167,-0.5042,-1.1686,2.069,0.5505,-0.4309,-0.4373,-4.5161

PRICE_WINDOW_180_ROW_023=20251217,59.3,59.7,59.0,59.0,5000.0,59.28,59.4182,59.48,59.6517,61.2692,-0.3378,-0.6734,0.6826,1.7636,-0.7038,-0.807,-4.8387

PRICE_WINDOW_180_ROW_024=20251218,59.0,59.3,58.9,59.3,11000.0,59.26,59.4083,59.505,59.63,61.2275,0.5085,-0.1684,0.8503,3.3491,-0.1823,-0.3445,-4.3548

PRICE_WINDOW_180_ROW_025=20251219,59.6,59.6,59.6,59.6,1000.0,59.32,59.4243,59.545,59.6133,61.1917,0.5059,0.5059,1.3605,0.3045,0.2957,0.0924,-3.871

PRICE_WINDOW_180_ROW_026=20251222,59.9,59.9,59.9,59.9,1000.0,59.4,59.4639,59.6,59.6067,61.1508,0.5034,0.6723,1.8707,0.3362,0.7333,0.5034,-3.3871

PRICE_WINDOW_180_ROW_027=20251223,59.9,59.9,59.9,59.9,1004.0,59.54,59.5003,59.645,59.5983,61.1067,0.0,1.1824,1.5254,0.3493,0.6718,0.4275,-3.3871

PRICE_WINDOW_180_ROW_028=20251224,59.9,59.9,59.0,59.0,23000.0,59.54,59.4586,59.635,59.5733,61.0508,-1.5025,0.0,-0.3378,5.7868,-0.7713,-1.0648,-4.8387

PRICE_WINDOW_180_ROW_029=20251226,59.0,59.4,59.0,59.4,56000.0,59.56,59.4537,59.605,59.5533,61.0008,0.678,0.1686,-1.0,8.4535,-0.0903,-0.3439,-4.1935

PRICE_WINDOW_180_ROW_030=20251229,59.8,59.8,59.8,59.8,50076.0,59.6,59.4826,59.585,59.5383,60.955,0.6734,0.3356,-0.6645,5.5161,0.5337,0.3608,-3.5484

PRICE_WINDOW_180_ROW_031=20251230,59.7,59.8,59.7,59.8,57001.0,59.58,59.509,59.56,59.5217,60.9083,0.0,-0.1669,-0.8292,4.7988,0.489,0.403,-3.5484

PRICE_WINDOW_180_ROW_032=20251231,59.9,59.9,58.0,59.9,81000.0,59.58,59.5416,59.56,59.505,60.8617,0.1672,0.0,0.0,5.1175,0.6019,0.5709,-3.3871

PRICE_WINDOW_180_ROW_033=20260102,59.5,59.5,58.8,59.2,47000.0,59.62,59.5131,59.54,59.4933,60.8083,-1.1686,0.339,-0.6711,2.6143,-0.5262,-0.571,-4.5161

PRICE_WINDOW_180_ROW_034=20260105,59.2,59.4,58.5,59.4,30006.0,59.62,59.5037,59.53,59.4817,60.7508,0.3378,0.0,-0.3356,1.5444,-0.1743,-0.2184,-4.1935

PRICE_WINDOW_180_ROW_035=20260106,59.4,59.5,58.8,59.4,32001.0,59.54,59.4951,59.51,59.4633,60.7125,0.0,-0.6689,-0.6689,1.5261,-0.1598,-0.1848,-4.1935

PRICE_WINDOW_180_ROW_036=20260107,59.4,59.6,57.3,59.6,75000.0,59.5,59.5038,59.495,59.4517,60.6767,0.3367,-0.3344,-0.5008,3.0465,0.1617,0.1765,-3.871

PRICE_WINDOW_180_ROW_037=20260108,59.9,59.9,59.1,59.7,76000.0,59.46,59.5202,59.485,59.4433,60.6417,0.1678,-0.3339,-0.3339,2.6839,0.3022,0.3614,-3.7097

PRICE_WINDOW_180_ROW_038=20260109,59.8,59.9,59.1,59.9,73670.0,59.6,59.5518,59.51,59.4383,60.6033,0.335,1.1824,0.8418,2.3471,0.5847,0.6554,-3.3871

PRICE_WINDOW_180_ROW_039=20260112,59.9,60.2,59.0,59.0,73000.0,59.52,59.5058,59.49,59.43,60.5575,-1.5025,-0.6734,-0.6734,2.0924,-0.85,-0.8237,-4.8387

PRICE_WINDOW_180_ROW_040=20260113,59.5,59.5,58.6,59.5,46003.0,59.54,59.5053,59.5,59.4167,60.5158,0.8475,0.1684,0.3373,1.2387,-0.009,0.0,-4.0323

PRICE_WINDOW_180_ROW_041=20260114,59.5,59.5,59.1,59.5,73425.0,59.52,59.5049,59.5,59.4,60.4742,0.0,-0.1678,0.0,1.8036,-0.0082,0.0,-4.0323

PRICE_WINDOW_180_ROW_042=20260115,59.5,59.5,59.3,59.5,15000.0,59.48,59.5045,59.515,59.3883,60.4408,0.0,-0.335,0.5068,0.3627,-0.0075,-0.0252,-4.0323

PRICE_WINDOW_180_ROW_043=20260116,59.4,59.5,59.4,59.5,5004.0,59.4,59.5041,59.54,59.3767,60.3992,0.0,-0.6678,0.8475,0.121,-0.0069,-0.0672,-4.0323

PRICE_WINDOW_180_ROW_044=20260119,59.6,59.7,59.6,59.7,181000.0,59.54,59.5204,59.56,59.3733,60.3708,0.3361,1.1864,0.6745,3.6302,0.3017,0.2351,-0.995

PRICE_WINDOW_180_ROW_045=20260120,59.9,59.9,59.6,59.8,8200.0,59.6,59.5437,59.57,59.37,60.3425,0.1675,0.5042,0.3356,0.1633,0.4304,0.3861,-0.8292

PRICE_WINDOW_180_ROW_046=20260121,59.8,59.9,58.9,59.3,113000.0,59.56,59.5234,59.54,59.3667,60.3108,-0.8361,-0.3361,-1.0017,2.0244,-0.3754,-0.4031,-1.6584

PRICE_WINDOW_180_ROW_047=20260122,59.3,59.4,59.0,59.4,49570.0,59.54,59.5131,59.515,59.3617,60.2867,0.1686,-0.1681,-0.8347,0.851,-0.1901,-0.1932,-1.4925

PRICE_WINDOW_180_ROW_048=20260123,59.5,59.8,59.0,59.6,124043.0,59.56,59.5204,59.545,59.365,60.2625,0.3367,0.1681,1.0169,1.9596,0.1338,0.0924,-1.1609

PRICE_WINDOW_180_ROW_049=20260126,59.6,59.7,59.2,59.4,104000.0,59.5,59.5103,59.545,59.3683,60.2308,-0.3356,-0.5025,0.0,1.583,-0.1854,-0.2435,-1.4925

PRICE_WINDOW_180_ROW_050=20260127,59.6,59.7,59.5,59.7,83554.0,59.48,59.5261,59.54,59.3633,60.1983,0.5051,-0.1672,-0.1672,1.2402,0.2921,0.2687,-0.995

PRICE_WINDOW_180_ROW_051=20260128,59.8,59.8,59.2,59.7,75006.0,59.56,59.5406,59.535,59.3633,60.165,0.0,0.6745,-0.1672,1.0986,0.2677,0.2771,-0.995

PRICE_WINDOW_180_ROW_052=20260129,59.7,59.7,59.1,59.4,73180.0,59.56,59.5289,59.51,59.365,60.1283,-0.5025,0.0,-0.8347,1.078,-0.2166,-0.1848,-1.4925

PRICE_WINDOW_180_ROW_053=20260130,59.4,59.5,59.4,59.5,85303.0,59.54,59.5265,59.525,59.37,60.1033,0.1684,-0.1678,0.5068,1.2221,-0.0445,-0.042,-1.3267

PRICE_WINDOW_180_ROW_054=20260202,59.4,59.6,58.9,59.6,194000.0,59.58,59.5326,59.535,59.38,60.0742,0.1681,0.3367,0.3367,2.4872,0.1132,0.1092,-1.1609

PRICE_WINDOW_180_ROW_055=20260203,59.5,59.5,59.1,59.3,113265.0,59.5,59.5132,59.53,59.385,60.0408,-0.5034,-0.67,-0.1684,1.3803,-0.3583,-0.3864,-1.6584

PRICE_WINDOW_180_ROW_056=20260204,59.4,59.4,59.0,59.3,91000.0,59.42,59.4955,59.515,59.39,60.0075,0.0,-0.67,-0.5034,1.0982,-0.3286,-0.3613,-1.6584

PRICE_WINDOW_180_ROW_057=20260205,59.3,59.3,58.5,58.5,122095.0,59.24,59.4125,59.455,59.3783,59.9658,-1.3491,-1.5152,-2.0101,1.4336,-1.5359,-1.6063,-2.9851

PRICE_WINDOW_180_ROW_058=20260206,58.9,58.9,58.2,58.5,38941.0,59.04,59.3365,59.385,59.3867,59.9258,0.0,-1.6807,-2.3372,0.4668,-1.4097,-1.4903,-2.9851

PRICE_WINDOW_180_ROW_059=20260209,59.0,59.0,58.1,58.6,124307.0,58.84,59.2751,59.365,59.38,59.8942,0.1709,-1.6779,-0.678,1.4455,-1.1389,-1.2886,-2.8192

PRICE_WINDOW_180_ROW_060=20260210,58.7,59.6,58.0,59.5,441000.0,58.88,59.2938,59.365,59.3967,59.8717,1.5358,0.3373,0.0,4.1704,0.3477,0.2274,-1.3267

PRICE_WINDOW_180_ROW_061=20260211,59.5,60.0,58.3,58.6,436200.0,58.74,59.236,59.32,59.4067,59.8425,-1.5126,-1.1804,-1.5126,3.5211,-1.0737,-1.2138,-2.8192

PRICE_WINDOW_180_ROW_062=20260223,59.1,59.8,59.1,59.8,47001.0,59.0,59.283,59.335,59.4367,59.8175,2.0478,2.2222,0.5042,0.3746,0.8721,0.7837,-0.8292

PRICE_WINDOW_180_ROW_063=20260224,60.3,60.4,60.0,60.3,54548.0,59.36,59.3678,59.375,59.465,59.7958,0.8361,3.0769,1.3445,0.4263,1.5703,1.5579,-0.1656

PRICE_WINDOW_180_ROW_064=20260225,60.3,61.5,60.3,61.5,64197.0,59.94,59.5455,59.465,59.51,59.7917,1.99,4.9488,3.0151,0.5257,3.2824,3.4222,0.0

PRICE_WINDOW_180_ROW_065=20260226,62.2,67.6,62.2,67.6,139695.0,61.56,60.2167,59.855,59.6567,59.8425,9.9187,13.6134,13.0435,1.0855,12.2613,12.9396,0.0

PRICE_WINDOW_180_ROW_066=20260302,69.8,70.0,68.4,69.1,56091.0,63.66,60.9569,60.345,59.8283,59.9133,2.2189,17.9181,16.5261,0.4457,13.3587,14.5082,-1.2857

PRICE_WINDOW_180_ROW_067=20260303,68.5,69.4,68.3,68.3,53002.0,65.36,61.5689,60.79,59.9833,59.9567,-1.1577,14.214,14.9832,0.4206,10.9327,12.354,-2.4286

PRICE_WINDOW_180_ROW_068=20260304,68.5,75.1,68.0,69.7,141401.0,67.24,62.2465,61.295,60.1583,60.0225,2.0498,15.5887,16.9463,1.1144,11.9742,13.7124,-7.1904

PRICE_WINDOW_180_ROW_069=20260305,70.4,73.2,70.1,71.2,109031.0,69.18,62.9926,61.885,60.345,60.1142,2.1521,15.7724,19.8653,0.8576,13.0292,15.0521,-5.1931

PRICE_WINDOW_180_ROW_070=20260306,71.8,72.9,71.4,72.5,60213.0,70.16,63.7849,62.525,60.55,60.2133,1.8258,7.2485,21.4405,0.478,13.6633,15.9536,-3.4621

PRICE_WINDOW_180_ROW_071=20260309,72.5,72.5,68.1,69.2,82184.0,70.18,64.2361,63.0,60.6983,60.285,-4.5517,0.1447,15.9129,0.6505,7.7275,9.8413,-7.8562

PRICE_WINDOW_180_ROW_072=20260310,69.3,69.6,65.9,65.9,75114.0,69.7,64.3748,63.325,60.7983,60.3275,-4.7688,-3.5139,10.9428,0.5941,2.3693,4.0663,-12.2503

PRICE_WINDOW_180_ROW_073=20260311,65.2,68.0,65.1,67.8,90476.0,69.32,64.6602,63.74,60.935,60.39,2.8832,-2.726,13.9496,0.7142,4.8558,6.3696,-9.7204

PRICE_WINDOW_180_ROW_074=20260312,67.3,68.5,67.3,68.4,38082.0,68.76,64.9719,64.18,61.0817,60.4558,0.885,-3.9326,14.7651,0.3203,5.2763,6.5753,-8.9214

PRICE_WINDOW_180_ROW_075=20260313,68.6,68.9,67.7,68.0,39002.0,67.86,65.2242,64.615,61.2183,60.5167,-0.5848,-6.2069,14.6712,0.3386,4.2558,5.2387,-9.4541

PRICE_WINDOW_180_ROW_076=20260316,68.7,71.0,68.6,69.0,49304.0,67.82,65.5389,65.1,61.37,60.5858,1.4706,-0.289,16.3575,0.436,5.281,5.9908,-8.1225

PRICE_WINDOW_180_ROW_077=20260317,69.5,71.3,68.8,69.2,51003.0,68.48,65.844,65.635,61.525,60.6558,0.2899,5.0076,18.2906,0.4656,5.097,5.4316,-7.8562

PRICE_WINDOW_180_ROW_078=20260318,69.6,69.6,68.2,69.5,53002.0,68.82,66.1486,66.185,61.6933,60.7308,0.4335,2.5074,18.8034,0.4808,5.0664,5.0087,-7.4567

PRICE_WINDOW_180_ROW_079=20260319,69.5,69.5,68.7,69.2,18308.0,68.98,66.4029,66.715,61.8567,60.8025,-0.4317,1.1696,18.0887,0.1745,4.2123,3.7248,-7.8562

PRICE_WINDOW_180_ROW_080=20260320,69.5,70.3,69.5,70.1,20000.0,69.4,66.711,67.245,62.0367,60.8792,1.3006,3.0882,17.8151,0.2384,5.0801,4.2457,-6.6578

PRICE_WINDOW_180_ROW_081=20260323,70.6,70.7,69.3,70.2,39001.0,69.64,67.0018,67.825,62.215,60.9575,0.1427,1.7391,19.7952,0.6091,4.7734,3.5017,-6.5246

PRICE_WINDOW_180_ROW_082=20260324,70.5,70.5,69.8,70.5,24020.0,69.9,67.2933,68.36,62.4033,61.0383,0.4274,1.8786,17.893,0.382,4.7653,3.1305,-6.1252

PRICE_WINDOW_180_ROW_083=20260325,70.6,70.6,70.5,70.5,22000.0,70.1,67.5605,68.87,62.595,61.1233,0.0,1.4388,16.9154,0.3591,4.3509,2.3668,-6.1252

PRICE_WINDOW_180_ROW_084=20260326,71.1,74.2,71.1,72.1,76016.0,70.68,67.9388,69.4,62.8083,61.2192,2.2695,4.1908,17.2358,1.2291,6.1249,3.8905,-3.9947

PRICE_WINDOW_180_ROW_085=20260327,72.0,72.0,71.6,71.9,19034.0,71.04,68.2689,69.615,63.0133,61.3133,-0.2774,2.5678,6.3609,0.341,5.3188,3.2823,-4.261

PRICE_WINDOW_180_ROW_086=20260330,71.9,72.0,69.0,71.2,37201.0,71.24,68.5132,69.72,63.2017,61.4042,-0.9736,1.4245,3.0391,0.678,3.9217,2.1228,-5.1931

PRICE_WINDOW_180_ROW_087=20260331,70.4,71.2,69.2,70.4,49022.0,71.22,68.6704,69.825,63.3767,61.4875,-1.1236,-0.1418,3.0747,0.8967,2.5187,0.8235,-6.2583

PRICE_WINDOW_180_ROW_088=20260401,70.4,70.4,69.2,70.1,12003.0,71.14,68.7895,69.845,63.5617,61.5675,-0.4261,-0.5674,0.5739,0.249,1.9051,0.3651,-6.6578

PRICE_WINDOW_180_ROW_089=20260402,69.8,69.8,68.7,68.7,17416.0,70.46,68.7821,69.72,63.7167,61.635,-1.9971,-4.7157,-3.5112,0.3993,-0.1193,-1.463,-8.522

PRICE_WINDOW_180_ROW_090=20260407,69.2,69.2,68.1,69.1,19002.0,69.9,68.8086,69.55,63.8717,61.705,0.5822,-3.8943,-4.6897,0.4572,0.4236,-0.647,-7.9893

PRICE_WINDOW_180_ROW_091=20260408,68.9,69.0,68.1,68.9,30181.0,69.44,68.8162,69.535,64.0233,61.7725,-0.2894,-3.2303,-0.4335,0.7747,0.1218,-0.9132,-8.2557

PRICE_WINDOW_180_ROW_092=20260409,69.1,69.1,68.0,68.0,16425.0,68.96,68.7482,69.64,64.1583,61.8317,-1.3062,-3.4091,3.1866,0.4559,-1.0883,-2.355,-9.4541

PRICE_WINDOW_180_ROW_093=20260410,68.4,68.8,68.4,68.8,20003.0,68.7,68.7525,69.69,64.3183,61.9058,1.1765,-1.8545,1.4749,0.6155,0.0691,-1.2771,-8.3888

PRICE_WINDOW_180_ROW_094=20260413,68.9,68.9,68.9,68.9,12032.0,68.74,68.7648,69.715,64.4767,61.9792,0.1453,0.2911,0.731,0.3857,0.1966,-1.169,-8.2557

PRICE_WINDOW_180_ROW_095=20260414,68.8,68.9,68.5,68.9,14000.0,68.7,68.776,69.76,64.635,62.0492,0.0,-0.2894,1.3235,0.4675,0.1802,-1.2328,-8.2557

PRICE_WINDOW_180_ROW_096=20260415,68.9,69.9,68.9,69.8,20004.0,68.88,68.8614,69.8,64.805,62.1283,1.3062,1.3062,1.1594,0.7023,1.3631,0.0,-7.0573

PRICE_WINDOW_180_ROW_097=20260416,69.5,70.1,69.4,69.6,25154.0,69.2,68.9229,69.82,64.97,62.2067,-0.2865,2.3529,0.578,0.9251,0.9824,-0.3151,-7.3236

PRICE_WINDOW_180_ROW_098=20260417,69.9,70.6,68.9,70.5,20649.0,69.54,69.0543,69.87,65.1467,62.2925,1.2931,2.4709,1.4388,0.8074,2.0935,0.9017,-6.1252

PRICE_WINDOW_180_ROW_099=20260420,70.7,77.5,70.7,77.5,141443.0,71.26,69.7582,70.285,65.455,62.4425,9.9291,12.4819,11.9942,4.4577,11.0981,10.2653,0.0

PRICE_WINDOW_180_ROW_100=20260421,85.2,85.2,85.2,85.2,41922.0,74.52,71.045,71.04,65.8833,62.65,9.9355,23.6575,21.5407,1.2771,19.924,19.9324,0.0

PRICE_WINDOW_180_ROW_101=20260422,93.7,93.7,83.4,86.1,284396.0,77.78,72.2996,71.835,66.3267,62.8633,1.0563,23.3524,22.6496,6.3064,19.0879,19.858,-8.111

PRICE_WINDOW_180_ROW_102=20260423,86.1,86.1,80.9,80.9,56323.0,80.04,73.0163,72.355,66.6833,63.0358,-6.0395,16.2356,14.7518,1.2058,10.7972,11.8098,-13.6606

PRICE_WINDOW_180_ROW_103=20260424,80.0,80.3,77.3,77.9,62002.0,81.52,73.4232,72.725,66.99,63.1833,-3.7083,10.4965,10.4965,1.2728,6.0972,7.1158,-16.8623

PRICE_WINDOW_180_ROW_104=20260427,78.0,78.0,72.5,72.5,59234.0,80.52,73.3463,72.745,67.2033,63.2883,-6.932,-6.4516,0.5548,1.2373,-1.1538,-0.3368,-22.6254

PRICE_WINDOW_180_ROW_105=20260428,72.9,73.0,72.9,72.9,5124.0,78.06,73.3091,72.795,67.4217,63.3958,0.5517,-14.4366,1.3908,0.1086,-0.5581,0.1442,-22.1985

PRICE_WINDOW_180_ROW_106=20260429,73.3,73.3,72.5,72.5,2099.0,75.34,73.2417,72.86,67.6417,63.5042,-0.5487,-15.7956,1.8258,0.0462,-1.0127,-0.4941,-22.6254

PRICE_WINDOW_180_ROW_107=20260430,71.9,71.9,71.0,71.5,7035.0,73.46,73.0965,72.915,67.8433,63.6025,-1.3793,-11.6193,1.5625,0.1624,-2.1842,-1.9406,-23.6926

PRICE_WINDOW_180_ROW_108=20260504,70.8,70.8,70.7,70.7,2745.0,72.02,72.8968,72.945,68.0283,63.6967,-1.1189,-9.2426,0.8559,0.064,-3.0136,-3.0777,-24.5464

PRICE_WINDOW_180_ROW_109=20260505,70.5,70.5,69.6,69.6,4447.0,71.44,72.6221,72.99,68.1983,63.7833,-1.5559,-4.0,1.31,0.1054,-4.1614,-4.6445,-25.7204

PRICE_WINDOW_180_ROW_110=20260506,68.1,70.1,68.1,70.1,34516.0,70.88,72.4119,73.04,68.3717,63.8675,0.7184,-3.8409,1.4472,0.8029,-3.1927,-4.0252,-25.1868

PRICE_WINDOW_180_ROW_111=20260507,69.0,69.1,66.7,68.2,56049.0,70.02,72.0609,73.005,68.5133,63.9383,-2.7104,-5.931,-1.016,1.2658,-5.3579,-6.5817,-27.2145

PRICE_WINDOW_180_ROW_112=20260508,68.2,68.5,68.2,68.5,3400.0,69.42,71.7642,73.03,68.665,64.015,0.4399,-4.1958,0.7353,0.0779,-4.5485,-6.2029,-26.8943

PRICE_WINDOW_180_ROW_113=20260511,67.4,68.4,65.0,65.0,21000.0,68.28,71.2005,72.84,68.7567,64.0633,-5.1095,-8.0622,-5.5233,0.4808,-8.7085,-10.7633,-30.6297

PRICE_WINDOW_180_ROW_114=20260512,65.0,65.0,61.0,61.1,44246.0,66.58,70.3588,72.45,68.7817,64.0808,-6.0,-12.2126,-11.3208,0.977,-13.1594,-15.666,-34.7919

PRICE_WINDOW_180_ROW_115=20260513,60.8,61.0,60.8,61.0,8561.0,64.76,69.5789,72.055,68.81,64.0975,-0.1637,-12.9815,-11.4659,0.1902,-12.3297,-15.3424,-34.8986

PRICE_WINDOW_180_ROW_116=20260514,60.2,60.5,58.0,58.5,45331.0,62.82,68.6557,71.49,68.7967,64.0933,-4.0984,-14.2229,-16.1891,0.9794,-14.7922,-18.1704,-37.5667

PRICE_WINDOW_180_ROW_117=20260515,58.5,60.0,55.7,58.4,120000.0,60.8,67.801,70.93,68.795,64.0867,-0.1709,-14.7445,-16.092,2.3517,-13.8656,-17.6653,-37.6734

PRICE_WINDOW_180_ROW_118=20260518,58.6,59.0,56.3,58.4,48190.0,59.48,67.0176,70.325,68.7933,64.09,0.0,-10.1538,-17.1631,0.9196,-12.8587,-16.957,-37.6734

PRICE_WINDOW_180_ROW_119=20260519,58.9,58.9,58.9,58.9,1001.0,59.04,66.3411,69.395,68.7983,64.0892,0.8562,-3.6007,-24.0,0.0221,-11.2165,-15.1236,-37.1398

PRICE_WINDOW_180_ROW_120=20260520,58.1,58.3,58.0,58.0,17043.0,58.44,65.646,68.035,68.7733,64.085,-1.528,-4.918,-31.9249,0.3861,-11.6474,-14.7498,-38.1003

PRICE_WINDOW_180_ROW_121=20260521,57.5,59.0,56.2,58.4,54002.0,58.42,65.0422,66.65,68.77,64.0883,0.6897,-0.1709,-32.1719,1.6556,-10.2121,-12.3781,-37.6734

PRICE_WINDOW_180_ROW_122=20260522,57.5,58.1,57.5,58.1,3121.0,58.36,64.4637,65.51,68.7417,64.0892,-0.5137,-0.5137,-28.1829,0.1042,-9.8717,-11.3113,-37.9936

PRICE_WINDOW_180_ROW_123=20260525,58.5,58.5,58.5,58.5,1002.0,58.38,63.9667,64.54,68.7117,64.0883,0.6885,0.1712,-24.9037,0.0372,-8.5462,-9.3585,-37.5667

PRICE_WINDOW_180_ROW_124=20260526,58.5,60.1,57.5,59.2,37060.0,58.44,63.5695,63.875,68.6733,64.0917,1.1966,0.5093,-18.3448,1.4365,-6.8736,-7.319,-36.8196

PRICE_WINDOW_180_ROW_125=20260527,59.2,64.8,59.2,64.8,43006.0,59.8,63.672,63.47,68.6267,64.1417,9.4595,11.7241,-11.1111,1.553,1.7715,2.0955,-30.8431

PRICE_WINDOW_180_ROW_126=20260528,64.8,66.0,64.5,65.2,11053.0,61.16,63.7994,63.105,68.5617,64.195,0.6173,11.6438,-10.069,0.3928,2.1954,3.3199,-30.4162

PRICE_WINDOW_180_ROW_127=20260529,65.2,70.9,65.1,70.9,30255.0,63.72,64.3911,63.075,68.605,64.2942,8.7423,22.031,-0.8392,1.0325,10.1084,12.4059,-24.333

PRICE_WINDOW_180_ROW_128=20260601,70.0,70.0,67.0,67.0,28032.0,65.42,64.6085,62.89,68.56,64.3592,-5.5007,14.5299,-5.2334,0.9171,3.7015,6.5352,-28.4952

PRICE_WINDOW_180_ROW_129=20260602,66.6,67.0,64.5,65.7,31050.0,66.72,64.6994,62.695,68.4683,64.4067,-1.9403,10.9797,-5.6034,0.9735,1.5465,4.793,-29.8826

PRICE_WINDOW_180_ROW_130=20260603,66.2,66.2,65.3,66.1,5001.0,66.98,64.8162,62.495,68.3617,64.4558,0.6088,2.0062,-5.7061,0.1644,1.9807,5.7685,-29.4557

PRICE_WINDOW_180_ROW_131=20260604,65.8,65.8,63.1,63.7,15027.0,66.68,64.7231,62.27,68.27,64.4842,-3.6309,-2.3006,-6.5982,0.5297,-1.5808,2.2965,-32.0171

PRICE_WINDOW_180_ROW_132=20260605,64.5,64.6,64.5,64.5,34001.0,65.4,64.7046,62.07,68.2467,64.5225,1.2559,-9.0268,-5.8394,1.1372,-0.3161,3.9149,-31.1633

PRICE_WINDOW_180_ROW_133=20260608,63.4,64.5,61.8,63.8,63628.0,64.76,64.6292,62.01,68.18,64.5575,-1.0853,-4.7761,-1.8462,1.9865,-1.283,2.8866,-31.9104

PRICE_WINDOW_180_ROW_134=20260609,62.7,65.5,62.4,63.4,49014.0,64.3,64.5267,62.125,68.0967,64.5892,-0.627,-3.5008,3.7643,1.5189,-1.7462,2.0523,-32.3372

PRICE_WINDOW_180_ROW_135=20260610,61.2,63.6,59.9,60.2,85032.0,63.12,64.1662,62.085,67.9667,64.5925,-5.0473,-8.9259,-1.3115,2.3559,-6.1811,-3.0362,-35.7524

PRICE_WINDOW_180_ROW_136=20260611,60.3,60.3,60.0,60.0,3000.0,62.38,63.819,62.16,67.8167,64.5933,-0.3322,-5.8085,2.5641,0.0883,-5.9841,-3.4749,-35.9658

PRICE_WINDOW_180_ROW_137=20260612,60.2,60.2,58.8,59.7,13000.0,61.42,63.4757,62.225,67.6583,64.5917,-0.5,-7.4419,2.226,0.4541,-5.9483,-4.0579,-36.286

PRICE_WINDOW_180_ROW_138=20260615,59.8,59.8,59.8,59.8,2001.0,60.62,63.1694,62.295,67.4967,64.595,0.1675,-6.2696,2.3973,0.076,-5.334,-4.0051,-36.1793

PRICE_WINDOW_180_ROW_139=20260616,60.5,62.4,60.5,62.4,33000.0,60.42,63.1053,62.47,67.3833,64.62,4.3478,-1.5773,5.9423,1.1821,-1.1177,-0.1121,-33.4045

PRICE_WINDOW_180_ROW_140=20260617,62.1,62.1,61.9,61.9,7000.0,60.76,63.0049,62.665,67.2467,64.6417,-0.8013,2.8239,6.7241,0.2553,-1.7536,-1.2208,-33.9381

PRICE_WINDOW_180_ROW_141=20260618,62.2,62.2,62.2,62.2,1051.0,61.2,62.9378,62.855,67.1133,64.6642,0.4847,3.6667,6.5068,0.0424,-1.1723,-1.0421,-33.6179

PRICE_WINDOW_180_ROW_142=20260622,61.2,61.2,58.4,59.0,22215.0,61.06,62.6097,62.9,66.9217,64.6625,-5.1447,-1.1725,1.5491,0.8637,-5.7653,-6.2003,-37.0331

PRICE_WINDOW_180_ROW_143=20260623,60.4,60.4,59.0,59.0,9661.0,60.9,62.3088,62.925,66.73,64.6625,0.0,-1.3378,0.8547,0.3694,-5.3104,-6.2376,-37.0331

PRICE_WINDOW_180_ROW_144=20260624,59.3,59.3,59.3,59.3,1010.0,60.28,62.0581,62.93,66.5167,64.6625,0.5085,-4.9679,0.1689,0.0415,-4.4444,-5.7683,-36.7129

PRICE_WINDOW_180_ROW_145=20260625,58.7,58.7,58.7,58.7,2010.0,59.64,61.7783,62.625,66.2967,64.655,-1.0118,-5.1696,-9.4136,0.0901,-4.9828,-6.2675,-37.3533

PRICE_WINDOW_180_ROW_146=20260626,59.3,59.3,59.3,59.3,2002.0,59.06,61.5717,62.33,66.0983,64.65,1.0221,-4.6624,-9.0491,0.0916,-3.6896,-4.8612,-36.7129

PRICE_WINDOW_180_ROW_147=20260629,59.3,59.5,59.3,59.5,2000.0,59.16,61.3991,61.76,65.9167,64.6467,0.3373,0.8475,-16.079,0.0979,-3.093,-3.6593,-36.4995

PRICE_WINDOW_180_ROW_148=20260630,59.4,59.4,59.4,59.4,1200.0,59.24,61.2325,61.38,65.7383,64.65,-0.1681,0.678,-11.3433,0.0628,-2.9927,-3.2258,-36.6062

PRICE_WINDOW_180_ROW_149=20260701,59.6,59.6,59.6,59.6,3000.0,59.3,61.0965,61.075,65.5867,64.6517,0.3367,0.5059,-9.2846,0.1696,-2.4493,-2.4151,-36.3927

PRICE_WINDOW_180_ROW_150=20260702,60.1,60.1,58.2,59.7,14051.0,59.5,60.9801,60.755,65.43,64.6508,0.1678,1.7036,-9.6823,0.7744,-2.0992,-1.7365,-36.286

PRICE_WINDOW_180_ROW_151=20260703,60.0,60.5,59.3,59.3,12000.0,59.5,60.8401,60.535,65.27,64.6467,-0.67,0.0,-6.9074,0.6669,-2.5314,-2.0401,-36.7129

PRICE_WINDOW_180_ROW_152=20260706,59.1,59.6,59.1,59.6,10000.0,59.52,60.7367,60.29,65.13,64.6442,0.5059,0.1681,-7.5969,0.5955,-1.8716,-1.1445,-36.3927

PRICE_WINDOW_180_ROW_153=20260707,59.6,59.6,59.6,59.6,2000.0,59.56,60.642,60.08,64.9767,64.6475,0.0,0.3367,-6.5831,0.1459,-1.7183,-0.7989,-36.3927

PRICE_WINDOW_180_ROW_154=20260708,59.1,59.4,59.1,59.4,4001.0,59.52,60.5385,59.88,64.8183,64.6475,-0.3356,-0.3356,-6.3091,0.3491,-1.8806,-0.8016,-36.6062

PRICE_WINDOW_180_ROW_155=20260709,59.4,59.4,59.4,59.4,1000.0,59.46,60.4436,59.84,64.66,64.6475,0.0,-0.5025,-1.3289,0.1377,-1.7266,-0.7353,-36.6062

PRICE_WINDOW_180_ROW_156=20260714,59.4,59.4,58.6,59.3,3000.0,59.46,60.3483,59.805,64.485,64.645,-0.1684,0.0,-1.1667,0.4132,-1.7371,-0.8444,-36.7129

PRICE_WINDOW_180_ROW_157=20260715,58.6,59.5,58.5,59.5,6525.0,59.44,60.2776,59.795,64.3167,64.6433,0.3373,-0.1678,-0.335,0.9407,-1.2901,-0.4934,-36.4995

PRICE_WINDOW_180_ROW_158=20260716,59.6,60.3,59.2,59.5,8001.0,59.42,60.2128,59.78,64.1333,64.64,0.0,-0.1678,-0.5017,1.1057,-1.1839,-0.4684,-36.4995

PRICE_WINDOW_180_ROW_159=20260717,60.1,60.2,58.0,58.6,11180.0,59.26,60.0784,59.59,63.8183,64.6367,-1.5126,-1.3468,-6.0897,1.8193,-2.4608,-1.6614,-37.46

PRICE_WINDOW_180_ROW_160=20260720,58.9,63.7,58.9,61.2,29382.0,59.62,60.1719,59.555,63.4183,64.6508,4.4369,3.0303,-1.1309,4.0446,1.7086,2.7622,-34.6852

PRICE_WINDOW_180_ROW_161=20260722,60.5,60.5,60.5,60.5,1000.0,59.86,60.1992,59.47,62.9917,64.6592,-1.1438,2.0236,-2.7331,0.1377,0.4996,1.732,-29.7329

PRICE_WINDOW_180_ROW_162=20260723,60.9,60.9,58.9,60.5,14000.0,60.06,60.2243,59.545,62.6517,64.6675,0.0,1.6807,2.5424,2.0435,0.4578,1.6038,-24.6575

PRICE_WINDOW_180_ROW_163=20260724,59.4,60.6,59.2,60.6,7000.0,60.28,60.2556,59.625,62.3633,64.6767,0.1653,1.8487,2.7119,1.042,0.5715,1.6352,-22.3077

PRICE_WINDOW_180_ROW_164=20260727,59.5,60.5,59.5,59.5,4000.0,60.46,60.1926,59.635,62.1467,64.675,-1.8152,1.5358,0.3373,0.5824,-1.1507,-0.2264,-18.8267

PRICE_WINDOW_180_ROW_165=20260728,60.1,60.5,59.4,60.5,5000.0,60.32,60.2183,59.725,61.94,64.6808,1.6807,-1.1438,3.0664,0.7125,0.4679,1.2976,-17.4625

PRICE_WINDOW_180_ROW_166=20260729,60.5,62.0,60.5,62.0,14181.0,60.62,60.3667,59.86,61.765,64.7033,2.4793,2.4793,4.5531,1.8595,2.7056,3.575,-13.7691

PRICE_WINDOW_180_ROW_167=20260730,61.4,61.9,61.3,61.9,5001.0,60.9,60.4945,59.98,61.605,64.7242,-0.1613,2.314,4.0336,0.6431,2.3233,3.2011,-12.6939

PRICE_WINDOW_180_ROW_168=20260731,61.1,61.4,61.0,61.4,4147.0,61.06,60.57,60.08,61.45,64.7392,-0.8078,1.3201,3.367,0.5234,1.3704,2.1971,-13.3992

PRICE_WINDOW_180_ROW_169=20260803,60.9,60.9,60.6,60.6,4378.0,61.28,60.5725,60.13,61.3,64.7492,-1.3029,1.8487,1.6779,0.5478,0.0455,0.7816,-14.5275

PRICE_WINDOW_180_ROW_170=20260804,60.4,61.0,59.8,61.0,16035.0,61.38,60.6081,60.195,61.1483,64.76,0.6601,0.8264,2.1776,1.9817,0.6466,1.3373,-13.9633

PRICE_WINDOW_180_ROW_171=20260806,60.9,60.9,60.9,60.9,2208.0,61.16,60.6324,60.275,61.0267,64.77,-0.1639,-1.7742,2.6981,0.2905,0.4413,1.0369,-14.1044

PRICE_WINDOW_180_ROW_172=20260810,61.2,61.2,60.3,60.7,4003.0,60.92,60.6381,60.33,60.8967,64.7808,-0.3284,-1.9386,1.8456,0.5482,0.1022,0.6133,-14.3865

PRICE_WINDOW_180_ROW_173=20260811,60.9,60.9,60.9,60.9,1147.0,60.82,60.6599,60.395,60.8283,64.7925,0.3295,-0.8143,2.1812,0.158,0.3958,0.8362,-14.1044

PRICE_WINDOW_180_ROW_174=20260812,61.2,61.2,60.1,60.7,4000.0,60.84,60.6632,60.46,60.8217,64.8017,-0.3284,0.165,2.1886,0.551,0.0606,0.397,-14.3865

PRICE_WINDOW_180_ROW_175=20260813,60.9,60.9,59.3,59.3,8010.0,60.5,60.5496,60.455,60.7933,64.8017,-2.3064,-2.7869,-0.1684,1.0526,-2.0638,-1.9105,-16.3611

PRICE_WINDOW_180_ROW_176=20260814,59.7,59.7,58.8,58.8,7000.0,60.08,60.4038,60.43,60.7983,64.7975,-0.8432,-3.4483,-0.8432,0.8963,-2.6552,-2.6973,-17.0663

PRICE_WINDOW_180_ROW_177=20260817,59.4,59.4,58.4,59.3,8003.0,59.8,60.3118,60.42,60.8133,64.8042,0.8503,-2.3064,-0.3361,1.0151,-1.6777,-1.8537,-16.3611

PRICE_WINDOW_180_ROW_178=20260819,59.1,59.1,58.2,58.7,5000.0,59.36,60.1775,60.38,60.8183,64.8058,-1.0118,-3.6125,-1.3445,0.6465,-2.4553,-2.7824,-17.2073

PRICE_WINDOW_180_ROW_179=20260820,62.0,62.0,59.7,60.5,13006.0,59.32,60.2044,60.475,60.845,64.8217,3.0664,-0.3295,3.2423,1.6621,0.491,0.0413,-14.6685

PRICE_WINDOW_180_ROW_180=20260821,59.9,60.3,59.8,60.3,3000.0,59.52,60.2124,60.43,60.8833,64.8283,-0.3306,1.6863,-1.4706,0.4611,0.1456,-0.2151,-14.9506
