# PRICE_WINDOW_180

columns=date,open,high,low,close,volume,ma5,ema23,ma20,ma60,ma120,return_1d,return_5d,return_20d,volume_ratio,distance_to_ema23_pct,distance_to_ma20_pct,distance_to_high_60_pct

PRICE_WINDOW_180_ROW_001=20250924,888.0,893.0,866.0,891.0,16745252.0,894.2,774.5136,769.7,619.1917,497.3957,-0.224,6.5789,37.5,1.086,15.0399,15.7594,-2.8353

PRICE_WINDOW_180_ROW_002=20250925,886.0,903.0,883.0,884.0,12323755.0,892.6,783.6374,780.7,626.8583,500.7284,-0.7856,-0.8969,33.1325,0.7945,12.8073,13.2317,-3.5987

PRICE_WINDOW_180_ROW_003=20250926,867.0,869.0,837.0,848.0,20674889.0,884.6,789.001,789.3,634.1083,503.6966,-4.0724,-4.5045,25.4438,1.2882,7.4777,7.437,-7.5245

PRICE_WINDOW_180_ROW_004=20250930,852.0,888.0,851.0,854.0,17397008.0,874.0,794.4176,797.75,641.2083,506.6653,0.7075,-5.8434,24.6715,1.061,7.5001,7.0511,-6.8702

PRICE_WINDOW_180_ROW_005=20251001,870.0,878.0,860.0,871.0,10214371.0,869.6,800.7994,805.3,648.5667,509.7269,1.9906,-2.4636,20.9722,0.6359,8.7663,8.1585,-5.0164

PRICE_WINDOW_180_ROW_006=20251002,893.0,910.0,893.0,894.0,18926279.0,870.2,808.5661,814.55,655.8167,512.9292,2.6406,0.3367,26.0931,1.1433,10.5661,9.7539,-2.5082

PRICE_WINDOW_180_ROW_007=20251003,900.0,944.0,895.0,942.0,18806970.0,881.8,819.6856,826.1,663.9,518.0042,5.3691,6.5611,32.4895,1.1109,14.9221,14.0298,-0.2119

PRICE_WINDOW_180_ROW_008=20251007,942.0,995.0,941.0,987.0,25946493.0,909.6,833.6285,841.05,672.85,523.6875,4.7771,16.3915,43.4593,1.4829,18.3981,17.3533,-0.804

PRICE_WINDOW_180_ROW_009=20251008,963.0,985.0,962.0,981.0,12278241.0,935.0,845.9095,855.85,681.675,529.525,-0.6079,14.8712,43.2117,0.7004,15.9699,14.6229,-1.407

PRICE_WINDOW_180_ROW_010=20251009,1000.0,1005.0,986.0,999.0,15540963.0,960.6,858.667,871.8,690.8083,535.2792,1.8349,14.6958,46.9118,0.8778,16.3431,14.5905,-0.597

PRICE_WINDOW_180_ROW_011=20251013,968.0,1045.0,968.0,1030.0,24052561.0,987.8,872.9448,888.75,699.9333,541.1125,3.1031,15.2125,49.0593,1.3077,17.9914,15.8931,-1.4354

PRICE_WINDOW_180_ROW_012=20251014,1050.0,1060.0,990.0,992.0,21048517.0,997.8,882.866,902.05,708.4167,546.625,-3.6893,5.3079,36.6391,1.1268,12.3613,9.9717,-6.4151

PRICE_WINDOW_180_ROW_013=20251016,1005.0,1025.0,1000.0,1025.0,7987323.0,1005.4,894.7105,914.1,717.6167,552.4958,3.3266,3.8501,30.7398,0.4437,14.5622,12.1322,-3.3019

PRICE_WINDOW_180_ROW_014=20251020,998.0,1020.0,986.0,1015.0,12374832.0,1012.2,904.7346,923.0,726.3,558.325,-0.9756,3.4659,21.2664,0.7103,12.1876,9.9675,-4.2453

PRICE_WINDOW_180_ROW_015=20251021,1015.0,1030.0,1000.0,1020.0,7996535.0,1016.4,914.3401,932.45,734.9667,564.1625,0.4926,2.1021,22.7437,0.4863,11.5559,9.3892,-3.7736

PRICE_WINDOW_180_ROW_016=20251022,1005.0,1020.0,1000.0,1020.0,5842272.0,1014.4,923.1451,941.65,743.65,570.0625,0.0,-0.9709,22.0096,0.3604,10.4918,8.3205,-3.7736

PRICE_WINDOW_180_ROW_017=20251023,1005.0,1020.0,1000.0,1010.0,5326210.0,1018.0,930.383,947.55,752.0,575.8958,-0.9804,1.8145,13.2287,0.347,8.5574,6.5907,-4.717

PRICE_WINDOW_180_ROW_018=20251027,1035.0,1075.0,1035.0,1070.0,14665958.0,1027.0,942.0177,956.65,761.25,582.0667,5.9406,4.3902,20.4955,0.9745,13.586,11.8486,-0.4651

PRICE_WINDOW_180_ROW_019=20251028,1060.0,1080.0,1055.0,1075.0,9123838.0,1039.0,953.0996,965.05,770.6167,588.3042,0.4673,5.9113,18.5226,0.618,12.7899,11.3932,-0.463

PRICE_WINDOW_180_ROW_020=20251029,1075.0,1085.0,1035.0,1060.0,13037322.0,1047.0,962.008,973.4,779.6167,594.3833,-1.3953,3.9216,18.701,0.8982,10.1862,8.8967,-2.3041

PRICE_WINDOW_180_ROW_021=20251030,1070.0,1070.0,1005.0,1010.0,23687176.0,1045.0,966.0073,979.35,787.8167,599.9625,-4.717,-0.9804,13.3558,1.5937,4.5541,3.1296,-6.9124

PRICE_WINDOW_180_ROW_022=20251031,1000.0,1015.0,990.0,995.0,21049860.0,1042.0,968.4234,984.9,795.7833,605.4208,-1.4851,-1.4851,12.5566,1.3759,2.7443,1.0255,-8.2949

PRICE_WINDOW_180_ROW_023=20251103,992.0,1005.0,982.0,983.0,16545187.0,1024.6,969.6381,991.65,803.4667,610.8333,-1.206,-8.1308,15.9198,1.0963,1.378,-0.8723,-9.4009

PRICE_WINDOW_180_ROW_024=20251104,980.0,1010.0,975.0,975.0,18976367.0,1004.6,970.0849,997.7,810.9667,616.0083,-0.8138,-9.3023,14.1686,1.2508,0.5067,-2.2752,-10.1382

PRICE_WINDOW_180_ROW_025=20251105,930.0,972.0,930.0,967.0,18127318.0,986.0,969.8278,1002.5,818.25,621.0833,-0.8205,-8.7736,11.0218,1.1645,-0.2916,-3.5411,-10.8756

PRICE_WINDOW_180_ROW_026=20251106,980.0,994.0,977.0,978.0,10520332.0,979.6,970.5088,1006.7,825.1,626.2417,1.1375,-3.1683,9.396,0.6946,0.7719,-2.8509,-9.8618

PRICE_WINDOW_180_ROW_027=20251107,960.0,972.0,956.0,965.0,9673113.0,973.6,970.0498,1007.85,831.3833,631.2542,-1.3292,-3.0151,2.4416,0.6585,-0.5206,-4.2516,-11.0599

PRICE_WINDOW_180_ROW_028=20251110,980.0,994.0,968.0,982.0,11544121.0,973.4,971.0456,1007.6,837.8667,636.3375,1.7617,-0.1017,-0.5066,0.8264,1.1281,-2.5407,-9.4931

PRICE_WINDOW_180_ROW_029=20251111,993.0,998.0,972.0,972.0,11380761.0,972.8,971.1252,1007.15,843.5333,641.3208,-1.0183,-0.3077,-0.9174,0.8173,0.0901,-3.49,-10.4147

PRICE_WINDOW_180_ROW_030=20251112,965.0,981.0,954.0,967.0,14451354.0,972.8,970.7814,1005.55,849.3,646.2958,-0.5144,0.0,-3.2032,1.0419,-0.3895,-3.8337,-10.8756

PRICE_WINDOW_180_ROW_031=20251113,965.0,973.0,958.0,958.0,11148197.0,968.8,969.7163,1001.95,854.8833,651.2125,-0.9307,-2.045,-6.9903,0.8429,-1.2082,-4.3864,-11.7051

PRICE_WINDOW_180_ROW_032=20251114,938.0,945.0,922.0,922.0,19610238.0,960.2,965.7399,998.45,859.6333,655.7958,-3.7578,-4.456,-7.0565,1.4909,-4.5292,-7.6569,-15.023

PRICE_WINDOW_180_ROW_033=20251117,931.0,946.0,916.0,916.0,11523207.0,947.0,961.5949,993.0,864.2667,660.3417,-0.6508,-6.721,-10.6341,0.8644,-4.7416,-7.7543,-15.576

PRICE_WINDOW_180_ROW_034=20251118,906.0,930.0,898.0,898.0,13615098.0,932.2,956.2954,987.15,868.5333,664.7333,-1.9651,-7.6132,-11.5271,1.0166,-6.096,-9.031,-17.235

PRICE_WINDOW_180_ROW_035=20251119,890.0,911.0,889.0,894.0,12208506.0,917.6,951.1041,980.85,872.1833,669.1583,-0.4454,-7.5491,-12.3529,0.8975,-6.004,-8.8546,-17.6037

PRICE_WINDOW_180_ROW_036=20251120,939.0,965.0,934.0,954.0,16670416.0,916.8,951.3454,977.55,876.9167,674.0625,6.7114,-0.4175,-6.4706,1.1786,0.279,-2.4091,-12.0737

PRICE_WINDOW_180_ROW_037=20251121,907.0,913.0,895.0,895.0,17544293.0,911.4,946.6499,971.8,880.4,678.3708,-6.1845,-2.9284,-11.3861,1.189,-5.4561,-7.9029,-17.5115

PRICE_WINDOW_180_ROW_038=20251124,904.0,909.0,893.0,893.0,18856003.0,906.8,942.1791,962.95,883.8167,682.7,-0.2235,-2.5109,-16.5421,1.26,-5.2197,-7.2641,-17.6959

PRICE_WINDOW_180_ROW_039=20251125,913.0,926.0,899.0,910.0,10504174.0,909.2,939.4975,954.7,887.9667,687.1958,1.9037,1.3363,-15.3488,0.6987,-3.1397,-4.6821,-16.129

PRICE_WINDOW_180_ROW_040=20251126,928.0,950.0,916.0,945.0,11426896.0,919.4,939.9561,948.95,893.3,692.0083,3.8462,5.7047,-10.8491,0.7642,0.5366,-0.4162,-12.9032

PRICE_WINDOW_180_ROW_041=20251127,955.0,959.0,938.0,942.0,8820259.0,917.0,940.1264,945.55,898.2,696.775,-0.3175,-1.2579,-6.7327,0.6207,0.1993,-0.3754,-13.1797

PRICE_WINDOW_180_ROW_042=20251128,946.0,946.0,928.0,932.0,8363698.0,924.4,939.4492,942.4,902.6667,701.425,-1.0616,4.1341,-6.3317,0.6161,-0.7929,-1.1036,-14.1014

PRICE_WINDOW_180_ROW_043=20251201,936.0,978.0,932.0,973.0,17532398.0,940.4,942.2451,941.9,907.6167,706.4708,4.3991,8.9586,-1.0173,1.2868,3.264,3.3018,-10.3226

PRICE_WINDOW_180_ROW_044=20251202,988.0,998.0,974.0,989.0,20318111.0,956.2,946.1413,942.6,912.6833,711.55,1.6444,8.6813,1.4359,1.4839,4.5298,4.9226,-8.8479

PRICE_WINDOW_180_ROW_045=20251203,997.0,1005.0,984.0,997.0,12779073.0,966.6,950.3796,944.1,917.3,716.6167,0.8089,5.5026,3.1024,0.9519,4.9055,5.6032,-8.1106

PRICE_WINDOW_180_ROW_046=20251204,999.0,1005.0,991.0,999.0,6988805.0,978.0,954.4313,945.15,922.1333,721.625,0.2006,6.051,2.1472,0.5275,4.6697,5.6975,-7.9263

PRICE_WINDOW_180_ROW_047=20251205,998.0,1005.0,973.0,979.0,9899996.0,987.4,956.4787,945.85,926.6,726.4833,-2.002,5.0429,1.4508,0.7466,2.3546,3.5048,-9.7696

PRICE_WINDOW_180_ROW_048=20251208,985.0,993.0,970.0,979.0,5977776.0,988.6,958.3554,945.7,931.45,731.3292,0.0,0.6166,-0.3055,0.4605,2.1542,3.5212,-9.7696

PRICE_WINDOW_180_ROW_049=20251209,976.0,980.0,966.0,971.0,7892104.0,985.0,959.4091,945.65,936.2167,736.0708,-0.8172,-1.82,-0.1029,0.6163,1.2081,2.6807,-10.5069

PRICE_WINDOW_180_ROW_050=20251210,973.0,978.0,965.0,968.0,6353279.0,979.2,960.1251,945.7,941.0167,740.7875,-0.309,-2.9087,0.1034,0.5123,0.8202,2.358,-10.7834

PRICE_WINDOW_180_ROW_051=20251211,970.0,976.0,945.0,945.0,12453039.0,968.4,958.8646,945.05,945.25,745.3333,-2.376,-5.4054,-1.357,0.9989,-1.4459,-0.0053,-12.9032

PRICE_WINDOW_180_ROW_052=20251212,945.0,948.0,929.0,938.0,9967630.0,960.2,957.1259,945.85,948.7833,749.8333,-0.7407,-4.1879,1.7354,0.8317,-1.9983,-0.8299,-13.5484

PRICE_WINDOW_180_ROW_053=20251215,917.0,933.0,916.0,922.0,7161588.0,948.8,954.1988,946.15,951.0833,754.1792,-1.7058,-5.8223,0.655,0.6086,-3.3744,-2.5524,-15.023

PRICE_WINDOW_180_ROW_054=20251216,908.0,915.0,899.0,901.0,11299114.0,934.8,949.7655,946.3,952.15,758.3958,-2.2777,-7.2091,0.3341,0.9698,-5.1345,-4.7871,-16.9585

PRICE_WINDOW_180_ROW_055=20251217,900.0,907.0,890.0,890.0,14101199.0,919.2,944.7851,946.1,953.1333,762.475,-1.2209,-8.0579,-0.4474,1.2006,-5.7987,-5.9296,-17.9724

PRICE_WINDOW_180_ROW_056=20251218,889.0,896.0,886.0,891.0,6718290.0,908.4,940.303,942.95,954.05,766.5333,0.1124,-5.7143,-6.6038,0.5973,-5.2433,-5.5093,-17.8802

PRICE_WINDOW_180_ROW_057=20251219,899.0,923.0,895.0,911.0,13809520.0,903.0,937.8611,943.75,954.3667,770.7917,2.2447,-2.8785,1.7877,1.2485,-2.8641,-3.4702,-16.0369

PRICE_WINDOW_180_ROW_058=20251222,911.0,957.0,909.0,953.0,14176209.0,909.2,939.1226,946.75,955.45,775.4,4.6103,3.3623,6.7189,1.3093,1.4777,0.6602,-12.1659

PRICE_WINDOW_180_ROW_059=20251223,962.0,965.0,943.0,943.0,6033660.0,917.6,939.4458,948.4,956.05,779.7833,-1.0493,4.6615,3.6264,0.569,0.3783,-0.5694,-13.0876

PRICE_WINDOW_180_ROW_060=20251224,952.0,960.0,948.0,955.0,5165678.0,930.6,940.7419,948.9,957.0833,784.2125,1.2725,7.3034,1.0582,0.502,1.5156,0.6428,-11.9816

PRICE_WINDOW_180_ROW_061=20251226,960.0,962.0,952.0,956.0,3406520.0,943.6,942.0134,949.6,958.1667,788.6792,0.1047,7.2952,1.4862,0.34,1.4848,0.674,-11.8894

PRICE_WINDOW_180_ROW_062=20251229,960.0,974.0,960.0,962.0,6436356.0,953.8,943.679,951.1,959.4667,793.1625,0.6276,5.5982,3.2189,0.6486,1.9414,1.146,-11.3364

PRICE_WINDOW_180_ROW_063=20251230,964.0,970.0,957.0,961.0,4664368.0,955.4,945.1224,950.5,961.35,797.7292,-0.104,0.8395,-1.2333,0.5026,1.68,1.1047,-11.4286

PRICE_WINDOW_180_ROW_064=20251231,959.0,974.0,950.0,963.0,9297343.0,959.4,946.6122,949.2,963.1667,802.1875,0.2081,2.1209,-2.6289,1.0651,1.7312,1.4539,-11.2442

PRICE_WINDOW_180_ROW_065=20260102,970.0,998.0,969.0,995.0,14649316.0,967.4,950.6445,949.1,965.2333,806.9,3.3229,4.1885,-0.2006,1.6604,4.6658,4.8362,-8.2949

PRICE_WINDOW_180_ROW_066=20260105,1010.0,1025.0,1000.0,1010.0,13808472.0,978.2,955.5908,949.65,967.1667,811.4917,1.5075,5.6485,1.1011,1.5069,5.6938,6.355,-6.9124

PRICE_WINDOW_180_ROW_067=20260106,1005.0,1050.0,983.0,1050.0,17611330.0,995.8,963.4582,953.2,968.9667,816.4333,3.9604,9.1476,7.2523,1.8443,8.9824,10.1553,-3.2258

PRICE_WINDOW_180_ROW_068=20260107,1080.0,1085.0,988.0,1030.0,18956362.0,1009.6,969.0034,955.75,969.6833,821.2667,-1.9048,7.18,5.2094,1.8588,6.2948,7.7688,-5.0691

PRICE_WINDOW_180_ROW_069=20260108,1035.0,1040.0,1010.0,1010.0,9495549.0,1019.0,972.4198,957.7,970.1667,825.9208,-1.9417,4.8806,4.0165,0.9238,3.8646,5.461,-6.9124

PRICE_WINDOW_180_ROW_070=20260109,1000.0,1030.0,995.0,1015.0,7818509.0,1023.0,975.9681,960.05,970.4333,830.6208,0.495,2.0101,4.8554,0.7553,3.9993,5.7237,-6.4516

PRICE_WINDOW_180_ROW_071=20260112,1040.0,1065.0,1035.0,1055.0,12690911.0,1032.0,982.5541,965.55,970.85,835.3917,3.9409,4.4554,11.6402,1.2246,7.3732,9.2641,-2.765

PRICE_WINDOW_180_ROW_072=20260113,1070.0,1080.0,1025.0,1030.0,12476270.0,1028.0,986.5079,970.15,971.4833,839.95,-2.3697,-1.9048,9.8081,1.1895,4.4087,6.1691,-5.0691

PRICE_WINDOW_180_ROW_073=20260114,1040.0,1070.0,1040.0,1060.0,9296311.0,1034.0,992.6323,977.05,972.0667,844.8417,2.9126,2.9126,14.9675,0.8774,6.7868,8.4898,-2.3041

PRICE_WINDOW_180_ROW_074=20260115,1055.0,1060.0,1025.0,1045.0,8579869.0,1041.0,996.9963,984.25,972.5667,849.4333,-1.4151,3.4653,15.9822,0.8203,4.8148,6.1722,-3.6866

PRICE_WINDOW_180_ROW_075=20260116,1075.0,1135.0,1060.0,1125.0,24482607.0,1063.0,1007.6632,996.0,974.3167,854.6417,7.6555,10.8374,26.4045,2.23,11.6444,12.9518,-0.8811

PRICE_WINDOW_180_ROW_076=20260119,1145.0,1160.0,1110.0,1120.0,12864701.0,1076.0,1017.0246,1007.45,975.9833,859.8167,-0.4444,6.1611,25.7015,1.1399,10.1252,11.1718,-3.4483

PRICE_WINDOW_180_ROW_077=20260120,1105.0,1140.0,1100.0,1130.0,7555816.0,1096.0,1026.4392,1018.4,977.9833,864.9917,0.8929,9.7087,24.0395,0.6886,10.0893,10.9584,-2.5862

PRICE_WINDOW_180_ROW_078=20260121,1130.0,1185.0,1115.0,1135.0,18878632.0,1111.0,1035.486,1027.5,979.0667,870.1583,0.4425,7.0755,19.0976,1.6843,9.6104,10.4623,-4.2194

PRICE_WINDOW_180_ROW_079=20260122,1200.0,1245.0,1195.0,1245.0,20586581.0,1151.0,1052.9455,1042.6,981.9,876.2583,9.6916,19.1388,32.0255,1.7247,18.2397,19.413,0.0

PRICE_WINDOW_180_ROW_080=20260123,1280.0,1285.0,1245.0,1260.0,18187774.0,1178.0,1070.2,1057.85,985.2333,882.425,1.2048,12.0,31.9372,1.4449,17.735,19.1095,-1.9455

PRICE_WINDOW_180_ROW_081=20260126,1220.0,1240.0,1205.0,1230.0,13054383.0,1200.0,1083.5167,1071.55,988.9,888.3583,-2.381,9.8214,28.6611,0.9988,13.5192,14.787,-4.2802

PRICE_WINDOW_180_ROW_082=20260127,1230.0,1260.0,1220.0,1250.0,9071726.0,1224.0,1097.3903,1085.95,993.15,894.4667,1.626,10.6195,29.9376,0.6872,13.9066,15.1066,-2.7237

PRICE_WINDOW_180_ROW_083=20260128,1250.0,1280.0,1235.0,1280.0,11623072.0,1253.0,1112.6078,1101.9,998.1,900.7833,2.4,12.7753,33.1946,0.8578,15.045,16.163,-0.3891

PRICE_WINDOW_180_ROW_084=20260129,1310.0,1315.0,1240.0,1255.0,13505064.0,1255.0,1124.4738,1116.5,1002.7667,906.8667,-1.9531,0.8032,30.3219,0.9815,11.6078,12.4048,-4.5627

PRICE_WINDOW_180_ROW_085=20260130,1250.0,1255.0,1215.0,1220.0,10993513.0,1247.0,1132.4343,1127.75,1006.9833,912.6167,-2.7888,-3.1746,22.6131,0.8097,7.7325,8.18,-7.2243

PRICE_WINDOW_180_ROW_086=20260202,1185.0,1200.0,1160.0,1175.0,13451195.0,1236.0,1135.9814,1136.0,1010.2667,917.6833,-3.6885,-4.4715,16.3366,0.992,3.4348,3.4331,-10.6464

PRICE_WINDOW_180_ROW_087=20260203,1205.0,1220.0,1175.0,1215.0,11407245.0,1229.0,1142.5663,1144.25,1014.4333,922.9083,3.4043,-2.8,15.7143,0.861,6.3396,6.1831,-7.6046

PRICE_WINDOW_180_ROW_088=20260204,1220.0,1220.0,1195.0,1210.0,7342941.0,1215.0,1148.1858,1153.25,1018.2333,928.05,-0.4115,-5.4688,17.4757,0.5796,5.3836,4.9209,-7.9848

PRICE_WINDOW_180_ROW_089=20260205,1175.0,1180.0,1130.0,1150.0,15861433.0,1194.0,1148.337,1160.25,1021.2,932.3667,-4.9587,-8.3665,13.8614,1.2214,0.1448,-0.8834,-12.5475

PRICE_WINDOW_180_ROW_090=20260206,1135.0,1170.0,1115.0,1160.0,10693038.0,1182.0,1149.3089,1167.5,1024.4167,936.8583,0.8696,-4.918,14.2857,0.8144,0.9302,-0.6424,-11.7871

PRICE_WINDOW_180_ROW_091=20260209,1200.0,1210.0,1180.0,1180.0,9124038.0,1183.0,1151.8665,1173.75,1028.1167,941.5,1.7241,0.4255,11.8483,0.7045,2.4424,0.5325,-10.2662

PRICE_WINDOW_180_ROW_092=20260210,1205.0,1210.0,1170.0,1185.0,8355167.0,1177.0,1154.6276,1181.5,1032.5,946.0667,0.4237,-2.4691,15.0485,0.6555,2.6305,0.2962,-9.8859

PRICE_WINDOW_180_ROW_093=20260211,1200.0,1265.0,1190.0,1260.0,15443021.0,1187.0,1163.4087,1191.5,1038.2333,951.25,6.3291,4.1322,18.8679,1.1831,8.3024,5.7491,-4.1825

PRICE_WINDOW_180_ROW_094=20260223,1320.0,1380.0,1295.0,1305.0,22078521.0,1218.0,1175.2079,1204.5,1045.0167,956.775,3.5714,13.4783,24.8804,1.6083,11.0442,8.3437,-5.4348

PRICE_WINDOW_180_ROW_095=20260224,1355.0,1385.0,1335.0,1385.0,14083155.0,1263.0,1192.6906,1217.5,1053.2,962.6917,6.1303,19.3966,23.1111,1.0663,16.124,13.7577,0.0

PRICE_WINDOW_180_ROW_096=20260225,1425.0,1480.0,1380.0,1435.0,14709013.0,1314.0,1212.8831,1233.25,1061.2167,969.0667,3.6101,21.6102,28.125,1.1059,18.3131,16.3592,-3.0405

PRICE_WINDOW_180_ROW_097=20260226,1450.0,1455.0,1415.0,1430.0,17965290.0,1363.0,1230.9761,1248.25,1070.1333,975.2667,-0.3484,20.6751,26.5487,1.2999,16.168,14.5604,-3.3784

PRICE_WINDOW_180_ROW_098=20260302,1355.0,1445.0,1355.0,1425.0,15569999.0,1396.0,1247.1448,1262.75,1079.0,981.4083,-0.3497,13.0952,25.5507,1.1402,14.261,12.8489,-3.7162

PRICE_WINDOW_180_ROW_099=20260303,1410.0,1435.0,1340.0,1340.0,17852498.0,1403.0,1254.8827,1267.5,1086.1667,987.0667,-5.9649,2.682,7.6305,1.3206,6.7829,5.7199,-9.4595

PRICE_WINDOW_180_ROW_100=20260304,1295.0,1320.0,1250.0,1255.0,19185365.0,1377.0,1254.8925,1267.25,1091.3333,992.3167,-6.3433,-9.3863,-0.3968,1.414,0.0086,-0.9667,-15.2027

PRICE_WINDOW_180_ROW_101=20260305,1335.0,1365.0,1310.0,1335.0,13686208.0,1357.0,1261.5681,1272.5,1097.8833,998.0417,6.3745,-6.9686,8.5366,1.0063,5.8207,4.9116,-9.7973

PRICE_WINDOW_180_ROW_102=20260306,1340.0,1345.0,1310.0,1320.0,11211730.0,1335.0,1266.4374,1276.0,1104.35,1003.5083,-1.1236,-7.6923,5.6,0.818,4.2294,3.4483,-10.8108

PRICE_WINDOW_180_ROW_103=20260309,1210.0,1230.0,1195.0,1220.0,23398789.0,1294.0,1262.5677,1273.0,1108.4667,1008.0417,-7.5758,-14.386,-4.6875,1.6368,-3.3715,-4.1634,-17.5676

PRICE_WINDOW_180_ROW_104=20260310,1280.0,1325.0,1275.0,1290.0,12096363.0,1284.0,1264.8537,1274.75,1113.4833,1013.0833,5.7377,-3.7313,2.7888,0.8503,1.9881,1.1963,-12.8378

PRICE_WINDOW_180_ROW_105=20260311,1350.0,1415.0,1325.0,1400.0,15114745.0,1313.0,1276.1159,1283.75,1120.2,1018.75,8.5271,11.5538,14.7541,1.0473,9.7079,9.0555,-5.4054

PRICE_WINDOW_180_ROW_106=20260312,1390.0,1410.0,1365.0,1370.0,7808202.0,1320.0,1283.9396,1293.5,1126.3833,1024.2583,-2.1429,2.6217,16.5957,0.5518,6.7028,5.9142,-7.4324

PRICE_WINDOW_180_ROW_107=20260313,1355.0,1405.0,1340.0,1385.0,7798371.0,1333.0,1292.3613,1302.0,1133.15,1029.875,1.0949,4.9242,13.9918,0.5583,7.1682,6.3748,-6.4189

PRICE_WINDOW_180_ROW_108=20260316,1395.0,1395.0,1350.0,1360.0,6238589.0,1361.0,1297.9978,1309.5,1139.5,1035.475,-1.8051,11.4754,12.3967,0.4484,4.7768,3.8564,-8.1081

PRICE_WINDOW_180_ROW_109=20260317,1385.0,1470.0,1385.0,1440.0,13512996.0,1391.0,1309.8313,1324.0,1147.3167,1041.7667,5.8824,11.6279,25.2174,0.9795,9.9378,8.7613,-2.7027

PRICE_WINDOW_180_ROW_110=20260318,1465.0,1490.0,1450.0,1465.0,11442896.0,1404.0,1322.7621,1339.25,1155.6,1048.3083,1.7361,4.6429,26.2931,0.8272,10.7531,9.3896,-1.6779

PRICE_WINDOW_180_ROW_111=20260319,1450.0,1480.0,1445.0,1455.0,8335494.0,1421.0,1333.7819,1353.0,1164.1,1054.675,-0.6826,6.2044,23.3051,0.6043,9.0883,7.5388,-2.349

PRICE_WINDOW_180_ROW_112=20260320,1450.0,1530.0,1410.0,1475.0,15939579.0,1439.0,1345.5501,1367.5,1173.05,1060.9167,1.3746,6.4982,24.4726,1.1246,9.6206,7.8611,-3.5948

PRICE_WINDOW_180_ROW_113=20260323,1405.0,1425.0,1385.0,1410.0,13897471.0,1449.0,1350.9209,1375.0,1181.1833,1066.1333,-4.4068,3.6765,11.9048,0.9859,4.3732,2.5455,-7.8431

PRICE_WINDOW_180_ROW_114=20260324,1455.0,1470.0,1410.0,1415.0,13206637.0,1444.0,1356.2608,1380.5,1189.75,1070.95,0.3546,-1.7361,8.4291,0.9673,4.331,2.4991,-7.5163

PRICE_WINDOW_180_ROW_115=20260325,1485.0,1555.0,1485.0,1550.0,16571563.0,1461.0,1372.4057,1388.75,1200.75,1076.9417,9.5406,5.802,11.9134,1.2028,12.9404,11.6112,-0.3215

PRICE_WINDOW_180_ROW_116=20260326,1535.0,1565.0,1515.0,1515.0,13856198.0,1473.0,1384.2886,1392.75,1211.15,1082.6,-2.2581,4.1237,5.5749,1.0089,9.4425,8.7776,-3.1949

PRICE_WINDOW_180_ROW_117=20260327,1460.0,1520.0,1440.0,1510.0,10527057.0,1480.0,1394.7646,1396.75,1221.1333,1087.75,-0.33,2.3729,5.5944,0.7878,8.262,8.1081,-3.5144

PRICE_WINDOW_180_ROW_118=20260330,1480.0,1495.0,1450.0,1485.0,11853740.0,1495.0,1402.2842,1399.75,1230.0,1092.725,-1.6556,5.3191,4.2105,0.8996,5.8986,6.0904,-5.1118

PRICE_WINDOW_180_ROW_119=20260331,1465.0,1470.0,1365.0,1380.0,21389778.0,1488.0,1400.4272,1401.75,1237.2833,1096.6667,-7.0707,-2.4735,2.9851,1.6018,-1.4586,-1.5516,-11.8211

PRICE_WINDOW_180_ROW_120=20260401,1465.0,1495.0,1450.0,1475.0,12559029.0,1473.0,1406.6416,1412.75,1245.95,1101.5167,6.8841,-4.8387,17.5299,0.9644,4.8597,4.4063,-5.7508

PRICE_WINDOW_180_ROW_121=20260402,1480.0,1510.0,1420.0,1430.0,9953601.0,1456.0,1408.5881,1417.5,1253.85,1106.0083,-3.0508,-5.6106,7.1161,0.7755,1.5201,0.8818,-8.6262

PRICE_WINDOW_180_ROW_122=20260407,1495.0,1515.0,1490.0,1515.0,11190572.0,1457.0,1417.4558,1427.25,1263.0667,1111.2667,5.9441,0.3311,14.7727,0.8719,6.8816,6.1482,-3.1949

PRICE_WINDOW_180_ROW_123=20260408,1630.0,1665.0,1615.0,1665.0,13400336.0,1493.0,1438.0844,1449.5,1274.8,1118.075,9.901,12.1212,36.4754,1.0864,15.779,14.8672,0.0

PRICE_WINDOW_180_ROW_124=20260409,1685.0,1705.0,1635.0,1645.0,15129409.0,1546.0,1455.3274,1467.25,1286.1667,1124.6667,-1.2012,19.2029,27.5194,1.2117,13.033,12.1145,-3.5191

PRICE_WINDOW_180_ROW_125=20260410,1690.0,1750.0,1675.0,1735.0,11557080.0,1598.0,1478.6335,1484.0,1298.5,1131.8667,5.4711,17.6271,23.9286,0.939,17.3381,16.9137,-0.8571

PRICE_WINDOW_180_ROW_126=20260413,1730.0,1760.0,1710.0,1740.0,7069198.0,1660.0,1500.414,1502.5,1310.6667,1138.9167,0.2882,21.6783,27.0073,0.5761,15.968,15.807,-1.1364

PRICE_WINDOW_180_ROW_127=20260414,1805.0,1820.0,1750.0,1750.0,12801739.0,1707.0,1521.2128,1520.75,1322.3333,1145.65,0.5747,15.5116,26.3538,1.0224,15.0398,15.0748,-3.8462

PRICE_WINDOW_180_ROW_128=20260415,1785.0,1835.0,1785.0,1785.0,12877432.0,1731.0,1543.1951,1542.0,1334.9167,1152.3,2.0,7.2072,31.25,1.0019,15.6691,15.7588,-2.7248

PRICE_WINDOW_180_ROW_129=20260416,1835.0,1845.0,1785.0,1845.0,13254811.0,1771.0,1568.3455,1562.25,1348.8333,1159.5,3.3613,12.1581,28.125,1.0323,17.6399,18.0989,0.0

PRICE_WINDOW_180_ROW_130=20260417,1865.0,1870.0,1830.0,1840.0,10769751.0,1792.0,1590.9834,1581.0,1362.5833,1166.5083,-0.271,6.0519,25.5973,0.8409,15.6517,16.382,-1.6043

PRICE_WINDOW_180_ROW_131=20260420,1860.0,1980.0,1860.0,1900.0,12064485.0,1824.0,1616.7348,1603.25,1376.6667,1173.7583,3.2609,9.1954,30.5842,0.9285,17.5208,18.5093,-4.0404

PRICE_WINDOW_180_ROW_132=20260421,1950.0,2035.0,1930.0,2015.0,11917108.0,1877.0,1649.9235,1630.25,1393.0833,1182.2833,6.0526,15.1429,36.6102,0.9316,22.1269,23.6007,-0.9828

PRICE_WINDOW_180_ROW_133=20260422,2040.0,2045.0,1995.0,2015.0,10968852.0,1923.0,1680.3466,1660.5,1409.0,1190.5333,0.0,12.8852,42.9078,0.8674,19.9157,21.349,-1.467

PRICE_WINDOW_180_ROW_134=20260423,2100.0,2115.0,1935.0,1980.0,17431212.0,1950.0,1705.3177,1688.75,1424.5833,1198.575,-1.737,7.3171,39.9293,1.3558,16.1074,17.2465,-6.383

PRICE_WINDOW_180_ROW_135=20260424,2005.0,2090.0,1990.0,2075.0,11571377.0,1997.0,1736.1246,1715.0,1440.4167,1207.3667,4.798,12.7717,33.871,0.9178,19.5191,20.9913,-1.8913

PRICE_WINDOW_180_ROW_136=20260427,2070.0,2080.0,1995.0,2020.0,15898086.0,2021.0,1759.7808,1740.25,1455.4167,1215.7,-2.6506,6.3158,33.3333,1.2509,14.787,16.0753,-4.4917

PRICE_WINDOW_180_ROW_137=20260428,2030.0,2160.0,2030.0,2125.0,15038642.0,2043.0,1790.2158,1771.0,1472.0,1224.9917,5.198,5.4591,40.7285,1.1626,18.7008,19.9887,-1.6204

PRICE_WINDOW_180_ROW_138=20260429,2040.0,2170.0,2035.0,2165.0,12261414.0,2073.0,1821.4478,1805.0,1489.1667,1234.1167,1.8824,7.4442,45.7912,0.9464,18.8615,19.9446,-0.2304

PRICE_WINDOW_180_ROW_139=20260430,2220.0,2280.0,2150.0,2165.0,14060511.0,2110.0,1850.0771,1844.25,1504.5,1243.2,0.0,9.3434,56.8841,1.1169,17.0221,17.3919,-5.0439

PRICE_WINDOW_180_ROW_140=20260504,2250.0,2260.0,2150.0,2220.0,12649019.0,2139.0,1880.904,1881.5,1520.5,1252.8667,2.5404,6.988,50.5085,1.0044,18.0283,17.991,-2.6316

PRICE_WINDOW_180_ROW_141=20260505,2185.0,2195.0,2145.0,2165.0,10559120.0,2168.0,1904.5787,1918.25,1536.0833,1262.4917,-2.4775,7.1782,51.3986,0.8365,13.6734,12.8633,-5.0439

PRICE_WINDOW_180_ROW_142=20260506,2215.0,2270.0,2150.0,2210.0,15562046.0,2185.0,1930.0305,1953.0,1552.0833,1272.6167,2.0785,4.0,45.8746,1.2118,14.506,13.1592,-3.0702

PRICE_WINDOW_180_ROW_143=20260507,2275.0,2370.0,2250.0,2280.0,15656408.0,2208.0,1959.1946,1983.75,1568.75,1283.425,3.1674,5.3118,36.9369,1.2085,16.3744,14.9338,-3.7975

PRICE_WINDOW_180_ROW_144=20260508,2230.0,2250.0,2170.0,2200.0,11802071.0,2215.0,1979.2617,2011.5,1584.5,1293.6333,-3.5088,1.6166,33.7386,0.9229,11.1526,9.3711,-7.173

PRICE_WINDOW_180_ROW_145=20260511,2215.0,2270.0,2205.0,2245.0,9200516.0,2220.0,2001.4066,2037.0,1601.5833,1304.2833,2.0455,1.1261,29.3948,0.7261,12.1711,10.2111,-5.2743

PRICE_WINDOW_180_ROW_146=20260512,2225.0,2260.0,2190.0,2195.0,13011711.0,2226.0,2017.5394,2059.75,1618.5833,1314.425,-2.2272,1.3857,26.1494,1.0034,8.7959,6.5663,-7.384

PRICE_WINDOW_180_ROW_147=20260513,2160.0,2185.0,2140.0,2165.0,7659621.0,2217.0,2029.8278,2080.5,1634.4167,1324.425,-1.3667,-2.0362,23.7143,0.6026,6.6593,4.0615,-8.6498

PRICE_WINDOW_180_ROW_148=20260514,2210.0,2250.0,2155.0,2155.0,7332576.0,2192.0,2040.2588,2099.0,1650.1667,1334.2,-0.4619,-5.4825,20.7283,0.5897,5.6239,2.6679,-9.0717

PRICE_WINDOW_180_ROW_149=20260515,2185.0,2195.0,2075.0,2075.0,12351492.0,2167.0,2043.1539,2110.5,1665.5833,1343.3917,-3.7123,-5.6818,12.4661,0.997,1.5587,-1.6821,-12.4473

PRICE_WINDOW_180_ROW_150=20260518,1985.0,2040.0,1985.0,2020.0,10082191.0,2122.0,2041.2244,2119.5,1679.9167,1352.1667,-2.6506,-10.0223,9.7826,0.8161,-1.0398,-4.6945,-14.7679

PRICE_WINDOW_180_ROW_151=20260519,2020.0,2025.0,1910.0,1915.0,16288903.0,2066.0,2030.7057,2120.25,1692.1667,1360.1417,-5.198,-12.7563,0.7895,1.2964,-5.6978,-9.6805,-19.1983

PRICE_WINDOW_180_ROW_152=20260520,1880.0,1960.0,1880.0,1915.0,10890054.0,2016.0,2021.0635,2115.25,1704.3333,1368.4167,0.0,-11.5473,-4.9628,0.8702,-5.2479,-9.467,-19.1983

PRICE_WINDOW_180_ROW_153=20260521,2015.0,2060.0,1990.0,2030.0,11663874.0,1991.0,2021.8083,2116.0,1717.1667,1377.7,6.0052,-5.8005,0.7444,0.9295,0.4052,-4.0643,-14.346

PRICE_WINDOW_180_ROW_154=20260522,2125.0,2125.0,2050.0,2095.0,8534359.0,1995.0,2027.9076,2121.75,1730.3333,1387.675,3.202,0.9639,5.8081,0.7051,3.3085,-1.2608,-11.6034

PRICE_WINDOW_180_ROW_155=20260525,2205.0,2300.0,2185.0,2290.0,12049781.0,2049.0,2049.7486,2132.5,1745.4167,1399.3083,9.3079,13.3663,10.3614,0.9936,11.721,7.3857,-3.3755

PRICE_WINDOW_180_ROW_156=20260526,2350.0,2410.0,2290.0,2350.0,12198582.0,2136.0,2074.7695,2149.0,1760.6667,1410.9417,2.6201,22.7154,16.3366,1.0214,13.2656,9.3532,-2.4896

PRICE_WINDOW_180_ROW_157=20260527,2490.0,2585.0,2490.0,2520.0,13897689.0,2257.0,2111.8721,2168.75,1778.8333,1424.4833,7.234,31.5927,18.5882,1.1693,19.3254,16.196,-2.5145

PRICE_WINDOW_180_ROW_158=20260528,2485.0,2520.0,2370.0,2390.0,11721062.0,2329.0,2135.0494,2180.0,1794.9167,1436.9583,-5.1587,17.734,10.3926,0.9884,11.9412,9.633,-7.5435

PRICE_WINDOW_180_ROW_159=20260529,2470.0,2525.0,2445.0,2445.0,17179076.0,2399.0,2160.8786,2194.0,1813.3333,1449.75,2.3013,16.7064,12.933,1.4299,13.1484,11.4403,-5.4159

PRICE_WINDOW_180_ROW_160=20260601,2450.0,2520.0,2410.0,2420.0,9840869.0,2425.0,2182.4721,2204.0,1832.75,1462.0417,-1.0225,5.6769,9.009,0.8288,10.8834,9.8004,-6.383

PRICE_WINDOW_180_ROW_161=20260602,2430.0,2455.0,2330.0,2360.0,12331189.0,2427.0,2197.2661,2213.75,1849.8333,1473.8583,-2.4793,0.4255,9.0069,1.0308,7.4062,6.6064,-8.7041

PRICE_WINDOW_180_ROW_162=20260603,2420.0,2460.0,2410.0,2455.0,10882344.0,2414.0,2218.7439,2226.0,1868.75,1486.55,4.0254,-2.5794,11.086,0.9278,10.6482,10.2875,-5.029

PRICE_WINDOW_180_ROW_163=20260604,2440.0,2465.0,2405.0,2425.0,9416420.0,2421.0,2235.9319,2233.25,1888.8333,1498.65,-1.222,1.4644,6.3596,0.8248,8.4559,8.5861,-6.1896

PRICE_WINDOW_180_ROW_164=20260605,2380.0,2380.0,2275.0,2300.0,12283892.0,2392.0,2241.2709,2238.25,1905.6667,1509.575,-5.1546,-5.9305,4.5455,1.0737,2.6203,2.7589,-11.0251

PRICE_WINDOW_180_ROW_165=20260608,2090.0,2260.0,2090.0,2255.0,15374423.0,2359.0,2242.415,2238.75,1919.9167,1520.0583,-1.9565,-6.8182,0.4454,1.3085,0.5612,0.7259,-12.766

PRICE_WINDOW_180_ROW_166=20260609,2265.0,2435.0,2215.0,2415.0,15579800.0,2370.0,2256.7971,2249.75,1937.3333,1531.8583,7.0953,2.3305,10.0228,1.3117,7.0101,7.3453,-6.5764

PRICE_WINDOW_180_ROW_167=20260610,2370.0,2410.0,2190.0,2200.0,18810727.0,2319.0,2252.064,2251.5,1950.9167,1542.0333,-8.9027,-10.387,1.6166,1.5127,-2.3118,-2.2874,-14.8936

PRICE_WINDOW_180_ROW_168=20260611,2170.0,2230.0,2080.0,2160.0,15289457.0,2266.0,2244.392,2251.75,1964.25,1551.875,-1.8182,-10.9278,0.232,1.1914,-3.7601,-4.0746,-16.441

PRICE_WINDOW_180_ROW_169=20260612,2260.0,2280.0,2170.0,2215.0,9897155.0,2249.0,2241.9427,2258.75,1977.1667,1562.2417,2.5463,-3.6957,6.747,0.7787,-1.2018,-1.9369,-14.3133

PRICE_WINDOW_180_ROW_170=20260615,2310.0,2320.0,2200.0,2210.0,9456969.0,2240.0,2239.2808,2268.25,1989.5833,1572.5917,-0.2257,-1.9956,9.4059,0.7459,-1.3076,-2.5681,-14.5068

PRICE_WINDOW_180_ROW_171=20260616,2265.0,2270.0,2220.0,2230.0,9190426.0,2203.0,2238.5074,2284.0,2002.5,1583.3,0.905,-7.6605,16.4491,0.7457,-0.38,-2.3643,-13.7331

PRICE_WINDOW_180_ROW_172=20260617,2220.0,2220.0,2140.0,2155.0,11613654.0,2194.0,2231.5484,2296.0,2013.8333,1593.4417,-3.3632,-2.0455,12.5326,0.9396,-3.4303,-6.1411,-16.6344

PRICE_WINDOW_180_ROW_173=20260618,2190.0,2210.0,2150.0,2150.0,12882319.0,2192.0,2224.7527,2302.0,2026.1667,1603.675,-0.232,-0.463,5.9113,1.0371,-3.36,-6.603,-16.8279

PRICE_WINDOW_180_ROW_174=20260622,2170.0,2195.0,2135.0,2150.0,16874717.0,2179.0,2218.5233,2304.75,2038.4167,1614.0833,0.0,-2.9345,2.6253,1.3144,-3.0887,-6.7144,-16.8279

PRICE_WINDOW_180_ROW_175=20260623,2170.0,2170.0,2080.0,2080.0,14787242.0,2153.0,2206.9797,2294.25,2047.25,1624.0,-3.2558,-5.8824,-9.1703,1.1396,-5.7536,-9.3386,-19.5358

PRICE_WINDOW_180_ROW_176=20260624,2030.0,2050.0,1970.0,2000.0,23907070.0,2107.0,2189.7314,2276.75,2055.3333,1633.2417,-3.8462,-10.3139,-14.8936,1.763,-8.6646,-12.1555,-22.6306

PRICE_WINDOW_180_ROW_177=20260625,2060.0,2060.0,1960.0,1980.0,13727341.0,2072.0,2172.2538,2249.75,2063.1667,1642.15,-1.0,-8.1206,-21.4286,1.0129,-8.8504,-11.9902,-23.4043

PRICE_WINDOW_180_ROW_178=20260626,1925.0,1935.0,1790.0,1810.0,28604290.0,2004.0,2142.066,2220.75,2068.5833,1649.2917,-8.5859,-15.814,-24.2678,1.9869,-15.5021,-18.496,-29.9807

PRICE_WINDOW_180_ROW_179=20260629,1860.0,1970.0,1850.0,1905.0,16741799.0,1955.0,2122.3105,2193.75,2077.3333,1657.3083,5.2486,-11.3953,-22.0859,1.1647,-10.2393,-13.1624,-26.3056

PRICE_WINDOW_180_ROW_180=20260630,2010.0,2030.0,1950.0,1950.0,13213000.0,1929.0,2107.9513,2170.25,2085.25,1665.6,2.3622,-6.25,-19.4215,0.9085,-7.4931,-10.1486,-24.5648
