# PRICE_WINDOW_180

columns=date,open,high,low,close,volume,ma5,ema23,ma20,ma60,ma120,return_1d,return_5d,return_20d,volume_ratio,distance_to_ema23_pct,distance_to_ma20_pct,distance_to_high_60_pct

PRICE_WINDOW_180_ROW_001=20251007,57.6,58.1,57.5,57.6,20314.0,57.74,57.3039,57.105,57.3467,59.3408,-0.346,1.0526,0.8757,0.8665,0.5167,0.8668,-2.3729

PRICE_WINDOW_180_ROW_002=20251008,57.7,57.7,57.1,57.1,27649.0,57.68,57.2869,57.125,57.3417,59.3275,-0.8681,-0.5226,0.7055,1.1368,-0.3263,-0.0438,-3.2203

PRICE_WINDOW_180_ROW_003=20251009,57.2,57.2,56.8,57.2,21521.0,57.58,57.2797,57.145,57.34,59.2867,0.1751,-0.8666,0.7042,0.8663,-0.1391,0.0962,-3.0508

PRICE_WINDOW_180_ROW_004=20251013,57.2,57.9,57.0,57.0,22511.0,57.34,57.2564,57.145,57.3283,59.25,-0.3497,-2.0619,0.0,0.9361,-0.4478,-0.2537,-3.3898

PRICE_WINDOW_180_ROW_005=20251014,57.0,57.9,56.7,57.5,22486.0,57.28,57.2767,57.17,57.3283,59.2125,0.8772,-0.519,0.8772,0.927,0.3899,0.5772,-2.5424

PRICE_WINDOW_180_ROW_006=20251016,56.8,56.9,56.7,56.7,16344.0,57.1,57.2286,57.15,57.3283,59.175,-1.3913,-1.5625,-0.7005,0.6838,-0.9237,-0.7874,-3.8983

PRICE_WINDOW_180_ROW_007=20251020,56.6,56.9,56.6,56.9,11314.0,57.06,57.2012,57.15,57.3317,59.1358,0.3527,-0.3503,0.0,0.5074,-0.5266,-0.4374,-3.5593

PRICE_WINDOW_180_ROW_008=20251021,56.6,58.0,56.5,57.0,66905.0,57.02,57.1845,57.17,57.3283,59.0983,0.1757,-0.3497,0.7067,2.8652,-0.3226,-0.2974,-3.3898

PRICE_WINDOW_180_ROW_009=20251022,57.8,57.8,57.6,57.6,6635.0,57.14,57.2191,57.22,57.3333,59.065,1.0526,1.0526,1.7668,0.2886,0.6657,0.6641,-2.3729

PRICE_WINDOW_180_ROW_010=20251023,57.1,57.1,57.1,57.1,2290.0,57.06,57.2092,57.245,57.3117,59.0283,-0.8681,-0.6957,0.8834,0.1018,-0.1908,-0.2533,-2.8912

PRICE_WINDOW_180_ROW_011=20251027,57.3,57.3,57.0,57.0,24447.0,57.12,57.1917,57.255,57.2983,58.9925,-0.1751,0.5291,0.3521,1.1002,-0.3353,-0.4454,-3.0612

PRICE_WINDOW_180_ROW_012=20251028,56.9,58.2,56.9,57.5,45522.0,57.24,57.2174,57.29,57.3067,58.9617,0.8772,1.0545,1.2324,1.8942,0.4939,0.3666,-2.2109

PRICE_WINDOW_180_ROW_013=20251029,57.4,57.5,57.2,57.3,19472.0,57.3,57.2243,57.315,57.2983,58.9275,-0.3478,0.5263,0.8803,0.8071,0.1323,-0.0262,-2.551

PRICE_WINDOW_180_ROW_014=20251030,57.1,57.4,57.0,57.0,26054.0,57.18,57.2056,57.29,57.2883,58.8917,-0.5236,-1.0417,-0.8696,1.0792,-0.3594,-0.5062,-2.8961

PRICE_WINDOW_180_ROW_015=20251031,57.9,58.2,57.0,57.7,14553.0,57.3,57.2468,57.315,57.2883,58.86,1.2281,1.0508,0.8741,0.6102,0.7916,0.6717,-1.7036

PRICE_WINDOW_180_ROW_016=20251103,57.1,58.5,57.1,57.6,25733.0,57.42,57.2762,57.345,57.2817,58.83,-0.1733,1.0526,1.0526,1.058,0.5652,0.4447,-1.8739

PRICE_WINDOW_180_ROW_017=20251104,57.5,57.5,57.1,57.1,11406.0,57.34,57.2616,57.33,57.2783,58.7942,-0.8681,-0.6957,-0.5226,0.4612,-0.2821,-0.4012,-2.7257

PRICE_WINDOW_180_ROW_018=20251105,57.0,57.0,56.5,56.6,23138.0,57.2,57.2064,57.275,57.26,58.7567,-0.8757,-1.2216,-1.9064,0.9331,-1.0601,-1.1785,-3.5775

PRICE_WINDOW_180_ROW_019=20251106,56.6,57.4,56.5,57.3,26940.0,57.26,57.2142,57.23,57.2617,58.7233,1.2367,0.5263,-1.5464,1.1936,0.1499,0.1223,-2.385

PRICE_WINDOW_180_ROW_020=20251107,57.3,57.4,57.3,57.4,8238.0,57.2,57.2297,57.21,57.265,58.6875,0.1745,-0.5199,-0.692,0.3715,0.2976,0.3321,-2.2147

PRICE_WINDOW_180_ROW_021=20251110,56.9,57.8,56.9,57.3,5774.0,57.14,57.2356,57.195,57.2583,58.6508,-0.1742,-0.5208,-0.5208,0.2692,0.1126,0.1836,-2.385

PRICE_WINDOW_180_ROW_022=20251111,57.0,57.9,56.8,57.5,21618.0,57.22,57.2576,57.215,57.25,58.615,0.349,0.7005,0.7005,1.0224,0.4233,0.4981,-2.0443

PRICE_WINDOW_180_ROW_023=20251112,57.5,58.0,57.1,57.2,25185.0,57.34,57.2528,57.215,57.24,58.5767,-0.5217,1.0601,0.0,1.1808,-0.0922,-0.0262,-2.5554

PRICE_WINDOW_180_ROW_024=20251113,57.1,57.5,57.0,57.0,23204.0,57.28,57.2317,57.215,57.2217,58.5358,-0.3497,-0.5236,0.0,1.0862,-0.4049,-0.3758,-2.8961

PRICE_WINDOW_180_ROW_025=20251114,56.7,57.1,56.7,56.7,20179.0,57.14,57.1874,57.175,57.2033,58.4925,-0.5263,-1.2195,-1.3913,0.9497,-0.8523,-0.8308,-3.4072

PRICE_WINDOW_180_ROW_026=20251117,56.7,57.0,56.6,56.6,10370.0,57.0,57.1385,57.17,57.1817,58.45,-0.1764,-1.2216,-0.1764,0.495,-0.9424,-0.997,-3.5775

PRICE_WINDOW_180_ROW_027=20251118,56.4,56.5,56.2,56.2,25202.0,56.74,57.0603,57.135,57.1567,58.405,-0.7067,-2.2609,-1.2302,1.1644,-1.5076,-1.6365,-4.2589

PRICE_WINDOW_180_ROW_028=20251119,57.4,57.4,56.4,56.4,5335.0,56.58,57.0052,57.105,57.135,58.3658,0.3559,-1.3986,-1.0526,0.2874,-1.0617,-1.2346,-3.9182

PRICE_WINDOW_180_ROW_029=20251120,56.6,57.5,56.6,57.2,24764.0,56.62,57.0215,57.085,57.1217,58.3325,1.4184,0.3509,-0.6944,1.2718,0.3131,0.2015,-2.5554

PRICE_WINDOW_180_ROW_030=20251121,57.1,57.3,56.7,57.3,19497.0,56.74,57.0447,57.095,57.1117,58.2958,0.1748,1.0582,0.3503,0.959,0.4476,0.3591,-2.385

PRICE_WINDOW_180_ROW_031=20251124,56.9,57.4,56.9,57.4,12264.0,56.9,57.0743,57.115,57.1017,58.26,0.1745,1.4134,0.7018,0.6218,0.5707,0.499,-2.2147

PRICE_WINDOW_180_ROW_032=20251125,57.0,57.5,56.8,57.0,17984.0,57.06,57.0681,57.09,57.085,58.22,-0.6969,1.4235,-0.8696,0.9803,-0.1193,-0.1576,-2.8961

PRICE_WINDOW_180_ROW_033=20251126,57.0,57.1,56.8,57.1,20561.0,57.2,57.0708,57.08,57.09,58.1842,0.1754,1.2411,-0.349,1.1174,0.0512,0.035,-2.7257

PRICE_WINDOW_180_ROW_034=20251127,56.8,57.0,56.7,57.0,12439.0,57.16,57.0649,57.08,57.0783,58.1475,-0.1751,-0.3497,0.0,0.702,-0.1137,-0.1402,-2.8961

PRICE_WINDOW_180_ROW_035=20251128,56.8,57.1,56.7,57.0,23715.0,57.1,57.0595,57.045,57.0783,58.1092,0.0,-0.5236,-1.2132,1.3046,-0.1042,-0.0789,-2.8961

PRICE_WINDOW_180_ROW_036=20251201,56.6,57.2,56.6,57.2,7066.0,57.06,57.0712,57.025,57.085,58.0783,0.3509,-0.3484,-0.6944,0.4098,0.2257,0.3069,-2.5554

PRICE_WINDOW_180_ROW_037=20251202,57.0,57.1,57.0,57.1,12476.0,57.08,57.0736,57.025,57.09,58.0483,-0.1748,0.1754,0.0,0.7213,0.0463,0.1315,-2.7257

PRICE_WINDOW_180_ROW_038=20251203,57.1,57.2,57.0,57.0,15612.0,57.06,57.0674,57.045,57.0967,58.0142,-0.1751,-0.1751,0.7067,0.9226,-0.1182,-0.0789,-2.8961

PRICE_WINDOW_180_ROW_039=20251204,57.0,57.0,56.5,56.5,34626.0,56.96,57.0202,57.005,57.0917,57.9725,-0.8772,-0.8772,-1.3962,2.0009,-0.9122,-0.8859,-3.7479

PRICE_WINDOW_180_ROW_040=20251205,56.9,57.1,56.7,57.1,25423.0,56.98,57.0268,56.99,57.0933,57.9367,1.0619,0.1754,-0.5226,1.3996,0.1283,0.193,-2.7257

PRICE_WINDOW_180_ROW_041=20251208,57.0,57.0,56.7,57.0,6787.0,56.94,57.0246,56.975,57.0917,57.8992,-0.1751,-0.3497,-0.5236,0.3726,-0.0431,0.0439,-2.8961

PRICE_WINDOW_180_ROW_042=20251209,56.8,56.8,56.6,56.6,12567.0,56.84,56.9892,56.93,57.09,57.8575,-0.7018,-0.8757,-1.5652,0.7075,-0.6829,-0.5797,-3.5775

PRICE_WINDOW_180_ROW_043=20251210,56.6,56.9,56.6,56.6,11391.0,56.76,56.9568,56.9,57.0867,57.8208,0.0,-0.7018,-1.049,0.6672,-0.6264,-0.5272,-3.5775

PRICE_WINDOW_180_ROW_044=20251211,56.7,57.0,56.6,56.8,12052.0,56.82,56.9437,56.89,57.0833,57.785,0.3534,0.531,-0.3509,0.7297,-0.2523,-0.1582,-3.2368

PRICE_WINDOW_180_ROW_045=20251212,57.2,57.2,56.9,57.0,7038.0,56.8,56.9484,56.905,57.0833,57.7558,0.3521,-0.1751,0.5291,0.4438,0.0906,0.1669,-2.8961

PRICE_WINDOW_180_ROW_046=20251215,57.0,57.0,56.5,56.6,19030.0,56.72,56.9194,56.905,57.075,57.72,-0.7018,-0.7018,0.0,1.1681,-0.5611,-0.536,-3.5775

PRICE_WINDOW_180_ROW_047=20251216,56.4,57.0,55.7,57.0,80121.0,56.8,56.9261,56.945,57.0767,57.6875,0.7067,0.7067,1.4235,4.2086,0.1299,0.0966,-2.8961

PRICE_WINDOW_180_ROW_048=20251217,57.0,57.0,56.4,56.6,24012.0,56.8,56.8989,56.955,57.0767,57.65,-0.7018,0.0,0.3546,1.2023,-0.5253,-0.6233,-3.5775

PRICE_WINDOW_180_ROW_049=20251218,56.8,57.0,56.4,56.6,19965.0,56.76,56.874,56.925,57.0767,57.6192,0.0,-0.3521,-1.049,1.0118,-0.4818,-0.5709,-3.5775

PRICE_WINDOW_180_ROW_050=20251219,56.6,57.0,56.5,56.7,13473.0,56.7,56.8595,56.895,57.0783,57.585,0.1767,-0.5263,-1.0471,0.6934,-0.2805,-0.3427,-3.4072

PRICE_WINDOW_180_ROW_051=20251222,56.7,56.9,56.4,56.9,21700.0,56.76,56.8629,56.87,57.08,57.5575,0.3527,0.53,-0.8711,1.0903,0.0653,0.0528,-3.0664

PRICE_WINDOW_180_ROW_052=20251223,56.4,56.7,56.3,56.3,24585.0,56.62,56.816,56.835,57.0717,57.5067,-1.0545,-1.2281,-1.2281,1.2152,-0.9081,-0.9413,-4.0886

PRICE_WINDOW_180_ROW_053=20251224,56.3,56.8,56.0,56.3,33888.0,56.56,56.773,56.795,57.0633,57.4625,0.0,-0.53,-1.4011,1.6216,-0.8331,-0.8716,-4.0886

PRICE_WINDOW_180_ROW_054=20251226,56.2,56.2,56.1,56.2,21103.0,56.48,56.7252,56.755,57.0417,57.415,-0.1776,-0.7067,-1.4035,0.9893,-0.9259,-0.9779,-4.2589

PRICE_WINDOW_180_ROW_055=20251229,56.2,56.3,56.0,56.3,18524.0,56.4,56.6898,56.72,57.0267,57.365,0.1779,-0.7055,-1.2281,0.8791,-0.6876,-0.7405,-4.0886

PRICE_WINDOW_180_ROW_056=20251230,56.6,56.6,56.1,56.1,14561.0,56.24,56.6406,56.665,57.0117,57.32,-0.3552,-1.406,-1.9231,0.6789,-0.9545,-0.9971,-4.4293

PRICE_WINDOW_180_ROW_057=20251231,56.3,56.3,56.1,56.2,16749.0,56.22,56.6039,56.62,56.9917,57.2658,0.1783,-0.1776,-1.5762,0.7733,-0.7136,-0.7418,-4.2589

PRICE_WINDOW_180_ROW_058=20260102,56.2,56.2,56.0,56.0,26538.0,56.16,56.5536,56.57,56.9633,57.2125,-0.3559,-0.5329,-1.7544,1.195,-0.9789,-1.0076,-4.5997

PRICE_WINDOW_180_ROW_059=20260105,56.7,56.7,56.0,56.0,28684.0,56.12,56.5075,56.545,56.9267,57.1592,0.0,-0.3559,-0.885,1.3092,-0.898,-0.9638,-4.2735

PRICE_WINDOW_180_ROW_060=20260106,56.0,56.9,55.8,56.6,36414.0,56.18,56.5152,56.52,56.9067,57.1225,1.0714,0.5329,-0.8757,1.6213,0.1501,0.1415,-3.2479

PRICE_WINDOW_180_ROW_061=20260107,56.1,56.7,56.0,56.4,20335.0,56.24,56.5056,56.49,56.8867,57.1167,-0.3534,0.5348,-1.0526,0.8789,-0.1868,-0.1593,-3.5897

PRICE_WINDOW_180_ROW_062=20260108,56.5,56.6,56.1,56.2,13734.0,56.24,56.4801,56.47,56.8717,57.1067,-0.3546,0.0,-0.7067,0.5921,-0.4959,-0.4781,-3.9316

PRICE_WINDOW_180_ROW_063=20260109,56.4,56.4,56.0,56.2,14394.0,56.28,56.4568,56.45,56.855,57.0975,0.0,0.3571,-0.7067,0.6166,-0.4548,-0.4429,-3.9316

PRICE_WINDOW_180_ROW_064=20260112,56.5,56.5,55.8,55.8,43380.0,56.24,56.402,56.4,56.835,57.0817,-0.7117,-0.3571,-1.7606,1.7414,-1.0674,-1.0638,-4.6154

PRICE_WINDOW_180_ROW_065=20260113,56.3,56.3,55.6,55.7,48182.0,56.06,56.3435,56.335,56.805,57.0667,-0.1792,-1.5901,-2.2807,1.7866,-1.1422,-1.1272,-4.7863

PRICE_WINDOW_180_ROW_066=20260114,55.9,55.9,55.5,55.7,36023.0,55.92,56.2899,56.29,56.7883,57.0583,0.0,-1.2411,-1.5901,1.2949,-1.048,-1.0481,-4.7863

PRICE_WINDOW_180_ROW_067=20260115,55.7,56.0,55.5,55.8,59920.0,55.84,56.2491,56.23,56.77,57.0508,0.1795,-0.7117,-2.1053,2.2351,-0.7984,-0.7647,-4.6154

PRICE_WINDOW_180_ROW_068=20260116,55.8,56.0,55.6,55.6,36700.0,55.72,56.195,56.18,56.7467,57.0375,-0.3584,-1.0676,-1.7668,1.3373,-1.0588,-1.0324,-4.9573

PRICE_WINDOW_180_ROW_069=20260119,55.4,56.1,55.1,55.2,101871.0,55.6,56.1121,56.11,56.7067,57.02,-0.7194,-1.0753,-2.4735,3.2301,-1.6254,-1.6218,-5.641

PRICE_WINDOW_180_ROW_070=20260120,55.1,55.3,54.9,54.9,96333.0,55.44,56.0111,56.02,56.67,56.9908,-0.5435,-1.4363,-3.1746,2.6998,-1.9837,-1.9993,-6.1538

PRICE_WINDOW_180_ROW_071=20260121,55.0,55.8,54.6,54.7,102658.0,55.24,55.9018,55.91,56.6317,56.965,-0.3643,-1.7953,-3.8664,2.584,-2.1499,-2.1642,-6.4957

PRICE_WINDOW_180_ROW_072=20260122,54.8,55.7,54.6,54.6,57046.0,55.0,55.7933,55.825,56.5833,56.945,-0.1828,-2.1505,-3.0195,1.3795,-2.1388,-2.1944,-6.6667

PRICE_WINDOW_180_ROW_073=20260123,54.8,55.0,54.2,54.3,57860.0,54.74,55.6689,55.725,56.5333,56.9158,-0.5495,-2.3381,-3.5524,1.3598,-2.459,-2.5572,-7.1795

PRICE_WINDOW_180_ROW_074=20260126,54.3,55.2,54.2,55.1,43520.0,54.72,55.6215,55.67,56.5017,56.895,1.4733,-0.1812,-1.9573,0.9965,-0.9375,-1.0239,-5.812

PRICE_WINDOW_180_ROW_075=20260127,55.1,55.3,54.9,55.0,16588.0,54.74,55.5697,55.605,56.4567,56.8725,-0.1815,0.1821,-2.3091,0.3807,-1.0252,-1.088,-5.9829

PRICE_WINDOW_180_ROW_076=20260128,55.0,55.6,54.9,55.2,47894.0,54.84,55.5389,55.56,56.4167,56.8492,0.3636,0.9141,-1.6043,1.0586,-0.6102,-0.6479,-4.8276

PRICE_WINDOW_180_ROW_077=20260129,55.1,55.4,54.6,54.9,42497.0,54.9,55.4856,55.495,56.38,56.8292,-0.5435,0.5495,-2.3132,0.9134,-1.0555,-1.0722,-5.3448

PRICE_WINDOW_180_ROW_078=20260130,54.9,55.0,54.4,54.9,27110.0,55.02,55.4368,55.44,56.3517,56.8058,0.0,1.105,-1.9643,0.5823,-0.9684,-0.974,-5.3448

PRICE_WINDOW_180_ROW_079=20260202,54.8,54.8,54.0,54.2,79064.0,54.84,55.3338,55.35,56.3,56.7808,-1.275,-1.6334,-3.2143,1.611,-2.049,-2.0777,-6.5517

PRICE_WINDOW_180_ROW_080=20260203,55.1,55.2,54.1,54.2,21920.0,54.68,55.2393,55.23,56.2467,56.7558,0.0,-1.4545,-4.2403,0.4533,-1.8814,-1.8649,-6.5517

PRICE_WINDOW_180_ROW_081=20260204,54.2,55.1,54.2,55.1,55311.0,54.66,55.2277,55.165,56.21,56.7342,1.6605,-0.1812,-2.305,1.104,-0.2312,-0.1178,-5.0

PRICE_WINDOW_180_ROW_082=20260205,55.0,55.0,54.3,54.5,21147.0,54.58,55.167,55.08,56.16,56.705,-1.0889,-0.7286,-3.0249,0.419,-1.2091,-1.053,-6.0345

PRICE_WINDOW_180_ROW_083=20260206,54.2,54.5,54.1,54.3,26082.0,54.46,55.0948,54.985,56.1117,56.6758,-0.367,-1.0929,-3.3808,0.5109,-1.4426,-1.2458,-5.5652

PRICE_WINDOW_180_ROW_084=20260209,54.3,55.0,54.2,54.6,70504.0,54.54,55.0536,54.925,56.0717,56.6467,0.5525,0.738,-2.1505,1.3452,-0.8238,-0.5917,-5.0435

PRICE_WINDOW_180_ROW_085=20260210,54.9,55.1,54.7,54.9,25818.0,54.68,55.0408,54.885,56.0417,56.6225,0.5495,1.2915,-1.4363,0.5033,-0.2557,0.0273,-4.5217

PRICE_WINDOW_180_ROW_086=20260211,55.3,55.5,54.9,55.5,54023.0,54.76,55.079,54.875,56.0233,56.6025,1.0929,0.726,-0.3591,1.0351,0.7643,1.139,-3.4783

PRICE_WINDOW_180_ROW_087=20260223,55.6,56.2,55.6,56.2,81303.0,55.1,55.1724,54.895,56.0233,56.59,1.2613,3.1193,0.7168,1.5265,1.8624,2.3773,-2.2609

PRICE_WINDOW_180_ROW_088=20260224,56.4,56.5,56.3,56.5,41882.0,55.54,55.2831,54.94,56.025,56.58,0.5338,4.0516,1.6187,0.7825,2.2013,2.8395,-1.7391

PRICE_WINDOW_180_ROW_089=20260225,56.5,56.6,56.2,56.6,40578.0,55.94,55.3928,55.01,56.015,56.5683,0.177,3.663,2.5362,0.8042,2.1793,2.8904,-1.5652

PRICE_WINDOW_180_ROW_090=20260226,56.6,56.8,56.5,56.8,100405.0,56.32,55.5101,55.105,56.0067,56.5592,0.3534,3.4608,3.4608,1.9819,2.3238,3.0759,-1.2174

PRICE_WINDOW_180_ROW_091=20260302,56.8,57.0,56.5,56.5,31853.0,56.52,55.5926,55.195,55.9917,56.5467,-0.5282,1.8018,3.2907,0.676,1.6323,2.3643,-1.7391

PRICE_WINDOW_180_ROW_092=20260303,56.0,56.2,55.4,56.2,33345.0,56.52,55.6432,55.275,55.9783,56.5317,-0.531,0.0,2.9304,0.7259,1.0007,1.6735,-1.7483

PRICE_WINDOW_180_ROW_093=20260304,55.5,56.0,54.5,55.8,96441.0,56.38,55.6563,55.35,55.9567,56.5233,-0.7117,-1.2389,2.7624,2.0149,0.2583,0.813,-2.4476

PRICE_WINDOW_180_ROW_094=20260305,55.8,56.4,55.1,56.3,68361.0,56.32,55.7099,55.41,55.945,56.5117,0.8961,-0.53,2.1779,1.3921,1.0592,1.6062,-1.5734

PRICE_WINDOW_180_ROW_095=20260306,55.3,57.0,55.3,56.7,59420.0,56.3,55.7924,55.495,55.94,56.5092,0.7105,-0.1761,3.0909,1.1595,1.6267,2.1714,-0.8741

PRICE_WINDOW_180_ROW_096=20260309,54.5,54.9,54.4,54.9,87171.0,55.98,55.718,55.48,55.9017,56.4933,-3.1746,-2.8319,-0.5435,1.6382,-1.4682,-1.0454,-4.021

PRICE_WINDOW_180_ROW_097=20260310,55.5,55.5,54.4,55.1,44486.0,55.76,55.6665,55.49,55.8683,56.4792,0.3643,-1.9573,0.3643,0.8345,-1.0177,-0.7028,-3.6713

PRICE_WINDOW_180_ROW_098=20260311,55.1,57.7,55.1,55.1,30247.0,55.62,55.6193,55.5,55.8367,56.4667,0.0,-1.2545,0.3643,0.5657,-0.9337,-0.7207,-4.5061

PRICE_WINDOW_180_ROW_099=20260312,54.8,55.7,54.8,55.1,36664.0,55.38,55.5761,55.545,55.8133,56.4525,0.0,-2.1314,1.6605,0.714,-0.8566,-0.8012,-4.5061

PRICE_WINDOW_180_ROW_100=20260313,54.8,56.0,54.5,55.3,112022.0,55.1,55.553,55.6,55.7833,56.4383,0.363,-2.4691,2.0295,2.0057,-0.4555,-0.5396,-4.1594

PRICE_WINDOW_180_ROW_101=20260316,55.9,56.0,55.0,55.1,54837.0,55.14,55.5153,55.6,55.7517,56.4217,-0.3617,0.3643,0.0,0.9822,-0.7481,-0.8993,-4.5061

PRICE_WINDOW_180_ROW_102=20260317,55.6,56.2,55.5,56.1,75871.0,55.34,55.564,55.68,55.7433,56.4167,1.8149,1.8149,2.9358,1.2955,0.9646,0.7543,-2.773

PRICE_WINDOW_180_ROW_103=20260318,56.9,56.9,56.2,56.6,52249.0,55.64,55.6504,55.795,55.7433,56.415,0.8913,2.7223,4.2357,0.8726,1.7065,1.4428,-1.9064

PRICE_WINDOW_180_ROW_104=20260319,55.8,56.7,55.8,55.9,41965.0,55.8,55.6712,55.86,55.7283,56.4058,-1.2367,1.4519,2.381,0.718,0.4111,0.0716,-3.1196

PRICE_WINDOW_180_ROW_105=20260320,55.7,56.8,55.5,55.9,17733.0,55.92,55.6902,55.91,55.71,56.3967,0.0,1.085,1.8215,0.3055,0.3767,-0.0179,-3.1196

PRICE_WINDOW_180_ROW_106=20260323,55.2,56.0,55.2,55.6,31324.0,56.02,55.6827,55.915,55.6933,56.3842,-0.5367,0.9074,0.1802,0.5504,-0.1485,-0.5634,-3.6395

PRICE_WINDOW_180_ROW_107=20260324,57.4,57.4,56.0,56.0,11771.0,56.0,55.7091,55.905,55.6767,56.3767,0.7194,-0.1783,-0.3559,0.2203,0.5221,0.1699,-2.9463

PRICE_WINDOW_180_ROW_108=20260325,57.0,57.0,56.1,56.5,31537.0,55.98,55.7751,55.905,55.675,56.3758,0.8929,-0.1767,0.0,0.596,1.2998,1.0643,-2.0797

PRICE_WINDOW_180_ROW_109=20260326,56.8,56.8,55.6,55.8,76107.0,55.96,55.7771,55.865,55.6617,56.3692,-1.2389,-0.1789,-1.4134,1.3916,0.041,-0.1164,-3.2929

PRICE_WINDOW_180_ROW_110=20260327,55.6,56.5,55.4,56.2,31976.0,56.02,55.8124,55.835,55.6533,56.3658,0.7168,0.5367,-1.0563,0.6237,0.6945,0.6537,-2.5997

PRICE_WINDOW_180_ROW_111=20260330,55.4,56.0,55.3,55.6,24065.0,56.02,55.7947,55.79,55.6317,56.3558,-1.0676,0.0,-1.5929,0.473,-0.3489,-0.3406,-3.6395

PRICE_WINDOW_180_ROW_112=20260331,55.4,56.0,55.4,55.8,17736.0,55.98,55.7951,55.77,55.6233,56.3475,0.3597,-0.3571,-0.7117,0.354,0.0088,0.0538,-3.2929

PRICE_WINDOW_180_ROW_113=20260401,55.9,56.9,55.7,56.4,60151.0,55.96,55.8455,55.8,55.625,56.3442,1.0753,-0.177,1.0753,1.2458,0.9929,1.0753,-2.253

PRICE_WINDOW_180_ROW_114=20260402,56.7,56.8,56.0,56.0,16747.0,56.0,55.8584,55.785,55.6217,56.3317,-0.7092,0.3584,-0.5329,0.3664,0.2535,0.3854,-2.9463

PRICE_WINDOW_180_ROW_115=20260407,56.0,56.4,56.0,56.2,19589.0,56.0,55.8869,55.76,55.62,56.3233,0.3571,0.0,-0.8818,0.4481,0.5603,0.7891,-2.5997

PRICE_WINDOW_180_ROW_116=20260408,56.7,57.2,56.6,56.7,56680.0,56.22,55.9546,55.85,55.63,56.3208,0.8897,1.9784,3.2787,1.3435,1.3321,1.5219,-1.7331

PRICE_WINDOW_180_ROW_117=20260409,57.0,57.0,56.5,56.5,15854.0,56.36,56.0001,55.92,55.635,56.3133,-0.3527,1.2545,2.5408,0.389,0.8927,1.0372,-2.0797

PRICE_WINDOW_180_ROW_118=20260410,57.0,57.1,56.8,56.9,44657.0,56.46,56.0751,56.01,55.65,56.3067,0.708,0.8865,3.2668,1.0767,1.4711,1.589,-1.3865

PRICE_WINDOW_180_ROW_119=20260413,56.5,57.0,56.2,56.8,47629.0,56.62,56.1355,56.095,55.6633,56.295,-0.1757,1.4286,3.0853,1.1333,1.1838,1.2568,-1.5598

PRICE_WINDOW_180_ROW_120=20260414,56.9,57.2,56.9,57.1,56362.0,56.8,56.2159,56.185,55.6717,56.2892,0.5282,1.6014,3.255,1.4363,1.5728,1.6285,-1.0399

PRICE_WINDOW_180_ROW_121=20260415,57.4,57.4,57.0,57.3,49111.0,56.92,56.3062,56.295,55.6867,56.2867,0.3503,1.0582,3.9927,1.2607,1.765,1.7852,-0.6932

PRICE_WINDOW_180_ROW_122=20260416,57.2,57.6,57.0,57.5,79228.0,57.12,56.4057,56.365,55.7083,56.29,0.349,1.7699,2.4955,2.0251,1.9401,2.0137,-0.3466

PRICE_WINDOW_180_ROW_123=20260417,57.5,58.3,57.5,58.1,84842.0,57.36,56.5469,56.44,55.74,56.2975,1.0435,2.109,2.6502,2.0818,2.7466,2.9412,-0.3431

PRICE_WINDOW_180_ROW_124=20260420,58.4,58.7,58.2,58.5,61000.0,57.7,56.7096,56.57,55.785,56.31,0.6885,2.993,4.6512,1.4627,3.1571,3.4117,-0.3407

PRICE_WINDOW_180_ROW_125=20260421,59.0,59.0,58.6,58.7,63708.0,58.02,56.8755,56.71,55.835,56.32,0.3419,2.8021,5.0089,1.4478,3.2079,3.5091,-0.5085

PRICE_WINDOW_180_ROW_126=20260422,58.7,58.7,58.1,58.1,19289.0,58.18,56.9775,56.835,55.875,56.3317,-1.0221,1.3962,4.4964,0.4444,1.97,2.2257,-1.5254

PRICE_WINDOW_180_ROW_127=20260423,58.9,58.9,57.0,57.1,23848.0,58.1,56.9877,56.89,55.8967,56.3333,-1.7212,-0.6957,1.9643,0.5419,0.197,0.3691,-3.2203

PRICE_WINDOW_180_ROW_128=20260424,57.2,57.8,56.6,57.3,29141.0,57.94,57.0138,56.93,55.925,56.3358,0.3503,-1.3769,1.4159,0.664,0.502,0.6499,-2.8814

PRICE_WINDOW_180_ROW_129=20260427,56.5,57.4,56.3,56.9,40674.0,57.62,57.0043,56.985,55.9533,56.33,-0.6981,-2.735,1.9713,0.9658,-0.1829,-0.1492,-3.5593

PRICE_WINDOW_180_ROW_130=20260428,56.9,57.3,56.9,56.9,45599.0,57.26,56.9956,57.02,55.9867,56.3283,0.0,-3.0664,1.2456,1.0655,-0.1677,-0.2105,-3.5593

PRICE_WINDOW_180_ROW_131=20260429,58.4,58.4,57.1,57.6,20816.0,57.16,57.046,57.12,56.035,56.3333,1.2302,-0.8606,3.5971,0.4883,0.9712,0.8403,-2.3729

PRICE_WINDOW_180_ROW_132=20260430,57.5,57.8,57.0,57.1,43221.0,57.16,57.0505,57.185,56.0767,56.33,-0.8681,0.0,2.3297,0.9844,0.0868,-0.1486,-3.2203

PRICE_WINDOW_180_ROW_133=20260504,57.1,57.1,56.9,56.9,23575.0,57.08,57.0379,57.21,56.12,56.3267,-0.3503,-0.6981,0.8865,0.5603,-0.2418,-0.5419,-3.5593

PRICE_WINDOW_180_ROW_134=20260505,56.9,57.0,56.7,56.7,25926.0,57.04,57.0098,57.245,56.1467,56.3242,-0.3515,-0.3515,1.25,0.6095,-0.5434,-0.952,-3.8983

PRICE_WINDOW_180_ROW_135=20260506,57.0,57.5,56.7,57.5,58625.0,57.16,57.0506,57.31,56.1883,56.3225,1.4109,1.0545,2.3132,1.3177,0.7877,0.3315,-2.5424

PRICE_WINDOW_180_ROW_136=20260507,57.5,57.6,56.7,56.8,63764.0,57.0,57.0297,57.315,56.215,56.3158,-1.2174,-1.3889,0.1764,1.4219,-0.4028,-0.8985,-3.7288

PRICE_WINDOW_180_ROW_137=20260508,57.0,57.3,56.3,56.8,51467.0,56.94,57.0106,57.33,56.2467,56.3133,0.0,-0.5254,0.531,1.1039,-0.3694,-0.9245,-3.7288

PRICE_WINDOW_180_ROW_138=20260511,56.8,57.5,56.4,56.4,66729.0,56.84,56.9597,57.305,56.2717,56.3117,-0.7042,-0.8787,-0.8787,1.3981,-0.9826,-1.5793,-4.4068

PRICE_WINDOW_180_ROW_139=20260512,58.0,58.0,56.6,56.6,44949.0,56.82,56.9297,57.295,56.3117,56.3058,0.3546,-0.1764,-0.3521,0.9444,-0.5792,-1.213,-4.0678

PRICE_WINDOW_180_ROW_140=20260513,56.7,56.7,55.9,56.3,22146.0,56.58,56.8773,57.255,56.3467,56.2967,-0.53,-2.087,-1.4011,0.4827,-1.0149,-1.668,-4.5763

PRICE_WINDOW_180_ROW_141=20260514,56.3,57.3,55.7,55.7,61880.0,56.36,56.7791,57.175,56.3567,56.2833,-1.0657,-1.9366,-2.7923,1.3301,-1.9006,-2.5798,-5.5932

PRICE_WINDOW_180_ROW_142=20260515,56.2,56.2,55.7,55.8,34079.0,56.16,56.6976,57.09,56.3783,56.2692,0.1795,-1.7606,-2.9565,0.7699,-1.5831,-2.2596,-5.4237

PRICE_WINDOW_180_ROW_143=20260518,56.6,56.6,55.9,56.0,23293.0,56.08,56.6394,56.985,56.4067,56.2592,0.3584,-0.7092,-3.6145,0.5656,-1.1289,-1.7285,-5.0847

PRICE_WINDOW_180_ROW_144=20260519,55.9,56.4,55.6,56.1,38975.0,55.98,56.5945,56.865,56.4317,56.2517,0.1786,-0.8834,-4.1026,0.9723,-0.8737,-1.3453,-4.9153

PRICE_WINDOW_180_ROW_145=20260520,56.4,56.7,56.1,56.5,51846.0,56.02,56.5866,56.755,56.4583,56.25,0.713,0.3552,-3.7479,1.3128,-0.153,-0.4493,-4.2373

PRICE_WINDOW_180_ROW_146=20260521,56.5,57.7,56.5,56.8,45778.0,56.24,56.6044,56.69,56.48,56.2517,0.531,1.9749,-2.2375,1.1216,0.3456,0.194,-3.7288

PRICE_WINDOW_180_ROW_147=20260522,56.6,58.0,56.4,56.8,102486.0,56.44,56.6207,56.675,56.49,56.2567,0.0,1.7921,-0.5254,2.2903,0.3167,0.2206,-3.7288

PRICE_WINDOW_180_ROW_148=20260525,57.3,57.8,56.8,57.3,37534.0,56.7,56.6773,56.675,56.5033,56.2642,0.8803,2.3214,0.0,0.831,1.0987,1.1028,-2.8814

PRICE_WINDOW_180_ROW_149=20260526,57.3,57.4,56.6,57.2,25694.0,56.92,56.7209,56.69,56.5133,56.2642,-0.1745,1.9608,0.5272,0.5784,0.8447,0.8996,-3.0508

PRICE_WINDOW_180_ROW_150=20260527,57.4,58.0,56.8,58.0,145072.0,57.22,56.8274,56.745,56.5333,56.27,1.3986,2.6549,1.9332,2.9371,2.0634,2.2116,-1.6949

PRICE_WINDOW_180_ROW_151=20260528,58.0,58.1,57.3,57.5,61190.0,57.36,56.8835,56.74,56.55,56.2708,-0.8621,1.2324,-0.1736,1.1902,1.0838,1.3394,-2.5424

PRICE_WINDOW_180_ROW_152=20260529,58.1,58.2,57.2,58.2,55338.0,57.64,56.9932,56.795,56.5833,56.2808,1.2174,2.4648,1.9264,1.0638,2.1174,2.4738,-1.3559

PRICE_WINDOW_180_ROW_153=20260601,58.2,58.4,58.0,58.4,82407.0,57.86,57.1104,56.87,56.6267,56.2917,0.3436,1.9197,2.6362,1.4994,2.258,2.6903,-1.0169

PRICE_WINDOW_180_ROW_154=20260602,58.3,58.5,57.4,58.4,75819.0,58.1,57.2179,56.955,56.6617,56.3033,0.0,2.0979,2.9982,1.3197,2.066,2.5371,-1.0169

PRICE_WINDOW_180_ROW_155=20260603,58.4,58.7,58.0,58.7,93783.0,58.24,57.3414,57.015,56.695,56.3175,0.5137,1.2069,2.087,1.5839,2.3693,2.9554,-0.5085

PRICE_WINDOW_180_ROW_156=20260604,58.4,58.9,58.0,58.8,42618.0,58.5,57.463,57.115,56.76,56.3308,0.1704,2.2609,3.5211,0.7328,2.3268,2.9502,-0.339

PRICE_WINDOW_180_ROW_157=20260605,59.0,59.0,58.3,58.3,26400.0,58.52,57.5327,57.19,56.8133,56.3408,-0.8503,0.1718,2.6408,0.464,1.3337,1.9409,-1.1864

PRICE_WINDOW_180_ROW_158=20260608,58.0,58.0,56.7,56.8,59972.0,58.2,57.4717,57.21,56.8417,56.3392,-2.5729,-2.7397,0.7092,1.0603,-1.1687,-0.7167,-3.7288

PRICE_WINDOW_180_ROW_159=20260609,56.2,57.6,56.2,57.5,62411.0,58.02,57.474,57.255,56.8817,56.3475,1.2324,-1.5411,1.5901,1.0866,0.0452,0.4279,-2.5424

PRICE_WINDOW_180_ROW_160=20260610,56.7,57.6,56.7,57.2,40548.0,57.72,57.4512,57.3,56.9133,56.3483,-0.5217,-2.5554,1.5986,0.6948,-0.4372,-0.1745,-3.0508

PRICE_WINDOW_180_ROW_161=20260611,57.8,57.8,56.7,57.2,44869.0,57.4,57.4302,57.375,56.9483,56.35,0.0,-2.7211,2.693,0.7803,-0.4009,-0.305,-3.0508

PRICE_WINDOW_180_ROW_162=20260612,58.1,58.1,57.3,57.4,21822.0,57.22,57.4277,57.455,56.97,56.3567,0.3497,-1.5437,2.8674,0.3836,-0.0483,-0.0957,-2.7119

PRICE_WINDOW_180_ROW_163=20260615,58.4,58.4,57.6,57.9,44011.0,57.44,57.4671,57.55,56.9917,56.3675,0.8711,1.9366,3.3929,0.7597,0.7533,0.6082,-1.8644

PRICE_WINDOW_180_ROW_164=20260616,58.1,58.3,57.6,57.9,36420.0,57.52,57.5032,57.64,57.025,56.3767,0.0,0.6957,3.2086,0.6301,0.6901,0.4511,-1.8644

PRICE_WINDOW_180_ROW_165=20260617,57.9,58.0,57.6,57.9,24307.0,57.66,57.5362,57.71,57.0583,56.3842,0.0,1.2238,2.4779,0.4308,0.6322,0.3292,-1.8644

PRICE_WINDOW_180_ROW_166=20260618,58.4,58.4,58.0,58.0,32087.0,57.82,57.5749,57.77,57.0983,56.3958,0.1727,1.3986,2.1127,0.5757,0.7384,0.3981,-1.6949

PRICE_WINDOW_180_ROW_167=20260622,58.5,58.5,57.9,58.1,27289.0,57.96,57.6186,57.835,57.1333,56.405,0.1724,1.2195,2.2887,0.525,0.8354,0.4582,-1.5254

PRICE_WINDOW_180_ROW_168=20260623,58.0,58.5,57.9,58.2,72727.0,58.02,57.6671,57.88,57.1617,56.4183,0.1721,0.5181,1.5707,1.3533,0.9241,0.5529,-1.3559

PRICE_WINDOW_180_ROW_169=20260624,58.2,58.3,58.0,58.3,18163.0,58.1,57.7198,57.935,57.2033,56.4325,0.1718,0.6908,1.9231,0.3404,1.0052,0.63,-1.1864

PRICE_WINDOW_180_ROW_170=20260625,58.3,58.8,58.3,58.4,35507.0,58.2,57.7765,57.955,57.24,56.4467,0.1715,0.8636,0.6897,0.7415,1.0791,0.7678,-1.0169

PRICE_WINDOW_180_ROW_171=20260626,58.0,58.4,58.0,58.1,42346.0,58.22,57.8035,57.985,57.2817,56.4567,-0.5137,0.1724,1.0435,0.9021,0.513,0.1983,-1.5254

PRICE_WINDOW_180_ROW_172=20260629,58.8,58.8,58.1,58.1,23906.0,58.22,57.8282,57.98,57.32,56.4717,0.0,0.0,-0.1718,0.5269,0.4701,0.207,-1.5254

PRICE_WINDOW_180_ROW_173=20260630,58.8,58.8,57.5,58.7,94000.0,58.32,57.9008,57.995,57.3583,56.4917,1.0327,0.8591,0.5137,2.0457,1.3802,1.2156,-0.5085

PRICE_WINDOW_180_ROW_174=20260701,58.6,58.9,58.2,58.3,40000.0,58.32,57.9341,57.99,57.3967,56.5092,-0.6814,0.0,-0.1712,0.9058,0.6316,0.5346,-1.1864

PRICE_WINDOW_180_ROW_175=20260702,58.5,58.5,57.5,57.6,79000.0,58.16,57.9063,57.935,57.42,56.52,-1.2007,-1.3699,-1.8739,1.8194,-0.5289,-0.5782,-2.3729

PRICE_WINDOW_180_ROW_176=20260703,57.3,57.9,57.0,57.3,296271.0,58.0,57.8557,57.86,57.43,56.53,-0.5208,-1.3769,-2.551,5.2809,-0.9605,-0.9679,-2.8814

PRICE_WINDOW_180_ROW_177=20260706,53.8,54.1,53.7,53.9,117000.0,57.16,57.5261,57.64,57.3867,56.5108,-5.9337,-7.2289,-7.5472,1.9296,-6.3034,-6.4885,-8.6441

PRICE_WINDOW_180_ROW_178=20260707,53.9,54.2,53.6,53.7,100467.0,56.16,57.2072,57.485,57.3333,56.4917,-0.3711,-8.5179,-5.4577,1.6034,-6.1308,-6.5843,-8.9831

PRICE_WINDOW_180_ROW_179=20260708,54.4,54.4,53.5,53.8,37879.0,55.26,56.9233,57.3,57.2833,56.4733,0.1862,-7.7187,-6.4348,0.6166,-5.4869,-6.1082,-8.8136

PRICE_WINDOW_180_ROW_180=20260709,54.0,54.0,53.6,53.9,28645.0,54.52,56.6714,57.135,57.23,56.4508,0.1859,-6.4236,-5.7692,0.4709,-4.8902,-5.662,-8.6441
