# PRICE_WINDOW_180

columns=date,open,high,low,close,volume,ma5,ema23,ma20,ma60,ma120,return_1d,return_5d,return_20d,volume_ratio,distance_to_ema23_pct,distance_to_ma20_pct,distance_to_high_60_pct

PRICE_WINDOW_180_ROW_001=20251208,42.55,42.55,41.8,42.05,42831.0,42.38,42.3386,41.93,43.5575,43.4913,-0.3555,-2.0955,3.5714,0.3678,-0.6816,0.2862,-19.9048

PRICE_WINDOW_180_ROW_002=20251209,41.8,42.1,41.45,41.6,31407.0,42.16,42.277,41.965,43.4975,43.4621,-1.0702,-2.5761,1.7115,0.2849,-1.6014,-0.8698,-20.7619

PRICE_WINDOW_180_ROW_003=20251210,41.9,42.05,41.3,41.35,78884.0,41.93,42.1998,41.9825,43.4475,43.4271,-0.601,-2.7059,0.8537,0.7351,-2.0137,-1.5066,-21.2381

PRICE_WINDOW_180_ROW_004=20251211,41.1,42.0,40.7,41.1,104890.0,41.66,42.1081,41.9875,43.4108,43.4021,-0.6046,-3.1802,0.2439,0.9537,-2.3941,-2.1137,-21.7143

PRICE_WINDOW_180_ROW_005=20251212,41.65,42.2,41.4,41.4,56279.0,41.5,42.0491,41.99,43.3333,43.3804,0.7299,-1.8957,0.1209,0.5202,-1.5437,-1.4051,-21.1429

PRICE_WINDOW_180_ROW_006=20251215,41.85,42.0,41.15,41.25,64541.0,41.34,41.9825,42.0125,43.1825,43.365,-0.3623,-1.9025,1.1029,0.6016,-1.7448,-1.8149,-21.4286

PRICE_WINDOW_180_ROW_007=20251216,41.6,41.8,40.4,40.55,96114.0,41.13,41.8631,42.0425,42.9983,43.3367,-1.697,-2.524,1.5019,0.9133,-3.1368,-3.55,-22.7619

PRICE_WINDOW_180_ROW_008=20251217,41.05,44.6,41.05,43.2,1342157.0,41.5,41.9746,42.2175,42.8958,43.3333,6.5351,4.474,8.8161,8.0881,2.9195,2.3272,-11.2025

PRICE_WINDOW_180_ROW_009=20251218,43.3,44.25,42.0,42.15,311710.0,41.71,41.9892,42.31,42.8433,43.3117,-2.4306,2.5547,4.5906,1.737,0.383,-0.3782,-13.3607

PRICE_WINDOW_180_ROW_010=20251219,42.9,43.2,42.0,42.4,160803.0,41.91,42.0234,42.3825,42.7842,43.2879,0.5931,2.4155,3.5409,0.8962,0.8961,0.0413,-12.8469

PRICE_WINDOW_180_ROW_011=20251222,42.75,42.75,41.8,42.35,132905.0,42.13,42.0506,42.4,42.7,43.2658,-0.1179,2.6667,0.8333,0.7421,0.7119,-0.1179,-11.4017

PRICE_WINDOW_180_ROW_012=20251223,42.6,42.8,42.35,42.6,78068.0,42.54,42.0964,42.4025,42.6333,43.2404,0.5903,5.0555,0.1175,0.4574,1.1963,0.4658,-10.8787

PRICE_WINDOW_180_ROW_013=20251224,43.0,45.45,43.0,44.0,511341.0,42.7,42.255,42.3975,42.5842,43.2321,3.2864,1.8519,-0.2268,2.8256,4.1296,3.7797,-7.9498

PRICE_WINDOW_180_ROW_014=20251226,44.45,44.5,43.2,43.55,92570.0,42.98,42.363,42.355,42.5467,43.2117,-1.0227,3.3215,-1.9144,0.5159,2.8021,2.8214,-8.8912

PRICE_WINDOW_180_ROW_015=20251229,43.65,44.2,43.05,43.6,79377.0,43.22,42.466,42.2975,42.5,43.1996,0.1148,2.8302,-2.5698,0.452,2.6703,3.0794,-8.7866

PRICE_WINDOW_180_ROW_016=20251230,43.85,43.9,42.75,42.8,47998.0,43.31,42.4939,42.29,42.4492,43.1833,-1.8349,1.0626,-0.3492,0.2784,0.7204,1.206,-7.957

PRICE_WINDOW_180_ROW_017=20251231,43.3,43.7,42.4,42.7,50793.0,43.33,42.511,42.29,42.3958,43.1675,-0.2336,0.2347,0.0,0.2952,0.4445,0.9695,-8.172

PRICE_WINDOW_180_ROW_018=20260102,42.5,42.85,42.1,42.25,54342.0,42.98,42.4893,42.2775,42.3433,43.1446,-1.0539,-3.9773,-0.5882,0.3173,-0.5632,-0.065,-7.3465

PRICE_WINDOW_180_ROW_019=20260105,41.85,41.85,41.35,41.4,122193.0,42.55,42.3985,42.225,42.2933,43.1146,-2.0118,-4.9369,-2.4735,0.6955,-2.3551,-1.9538,-9.2105

PRICE_WINDOW_180_ROW_020=20260106,41.55,41.8,41.05,41.15,106522.0,42.06,42.2945,42.1725,42.2333,43.0808,-0.6039,-5.6193,-2.4882,0.5975,-2.706,-2.4246,-9.7588

PRICE_WINDOW_180_ROW_021=20260107,41.35,41.75,41.1,41.2,141953.0,41.74,42.2033,42.13,42.1775,43.0462,0.1215,-3.7383,-2.0214,0.7747,-2.3772,-2.2075,-9.6491

PRICE_WINDOW_180_ROW_022=20260108,41.1,41.85,41.1,41.3,56486.0,41.46,42.128,42.115,42.1192,43.0196,0.2427,-3.2787,-0.7212,0.3062,-1.9654,-1.9352,-9.4298

PRICE_WINDOW_180_ROW_023=20260109,41.7,41.7,41.2,41.65,75474.0,41.34,42.0882,42.13,42.0817,43.0042,0.8475,-1.4201,0.7255,0.4095,-1.0411,-1.1393,-8.3608

PRICE_WINDOW_180_ROW_024=20260112,41.7,41.7,41.4,41.5,72867.0,41.36,42.0392,42.15,42.035,42.9817,-0.3601,0.2415,0.9732,0.3988,-1.2825,-1.5421,-8.6909

PRICE_WINDOW_180_ROW_025=20260113,41.8,41.8,41.15,41.4,66555.0,41.41,41.9859,42.15,41.9967,42.9633,-0.241,0.6075,0.0,0.3632,-1.3954,-1.7794,-8.9109

PRICE_WINDOW_180_ROW_026=20260114,41.5,43.75,41.5,43.15,510366.0,41.8,42.0829,42.245,41.985,42.9612,4.2271,4.733,4.6061,2.4832,2.5357,2.1423,-5.0605

PRICE_WINDOW_180_ROW_027=20260115,43.55,43.55,42.7,43.0,142907.0,42.14,42.1593,42.3675,41.9792,42.9629,-0.3476,4.1162,6.0419,0.6875,1.994,1.4929,-5.3905

PRICE_WINDOW_180_ROW_028=20260116,44.0,44.0,41.8,41.95,161261.0,42.2,42.1419,42.305,41.9692,42.9433,-2.4419,0.7203,-2.8935,1.0836,-0.4553,-0.8391,-7.7008

PRICE_WINDOW_180_ROW_029=20260119,41.4,44.0,41.3,43.2,443141.0,42.54,42.2301,42.3575,41.9808,42.9425,2.9797,4.0964,2.4911,2.8517,2.2968,1.989,-4.9505

PRICE_WINDOW_180_ROW_030=20260120,42.45,42.7,41.8,41.8,169764.0,42.62,42.1942,42.3275,41.9742,42.9333,-3.2407,0.9662,-1.4151,1.0893,-0.9343,-1.2462,-8.0308

PRICE_WINDOW_180_ROW_031=20260121,41.7,42.4,40.95,42.3,396917.0,42.45,42.203,42.325,41.96,42.9367,1.1962,-1.9699,-0.1181,2.348,0.2298,-0.0591,-6.9307

PRICE_WINDOW_180_ROW_032=20260122,42.0,42.0,41.6,41.6,79762.0,42.17,42.1528,42.275,41.9433,42.9396,-1.6548,-3.2558,-2.3474,0.4716,-1.3114,-1.5967,-8.4708

PRICE_WINDOW_180_ROW_033=20260123,41.8,41.8,41.35,41.5,60477.0,42.08,42.0984,42.15,41.9292,42.9333,-0.2404,-1.0727,-5.6818,0.4126,-1.4214,-1.5421,-8.6909

PRICE_WINDOW_180_ROW_034=20260126,41.5,41.55,41.15,41.2,88483.0,41.68,42.0235,42.0325,41.9125,42.9317,-0.7229,-4.6296,-5.3961,0.6045,-1.9597,-1.9806,-9.3509

PRICE_WINDOW_180_ROW_035=20260127,41.5,42.8,41.2,42.3,176029.0,41.78,42.0466,41.9675,41.9217,42.9383,2.6699,1.1962,-2.9817,1.1641,0.6028,0.7923,-6.9307

PRICE_WINDOW_180_ROW_036=20260128,42.3,42.3,41.65,41.8,63613.0,41.68,42.026,41.9175,41.9275,42.935,-1.182,-1.182,-2.3364,0.4185,-0.5378,-0.2803,-8.0308

PRICE_WINDOW_180_ROW_037=20260129,42.25,42.25,41.4,41.75,68919.0,41.71,42.003,41.87,41.9483,42.9342,-0.1196,0.3606,-2.2248,0.4507,-0.6024,-0.2866,-8.1408

PRICE_WINDOW_180_ROW_038=20260130,41.5,42.0,41.15,41.5,155396.0,41.71,41.9611,41.8325,41.975,42.9258,-0.5988,0.0,-1.7751,0.9838,-1.0989,-0.7948,-8.6909

PRICE_WINDOW_180_ROW_039=20260202,41.2,41.2,40.75,40.75,105047.0,41.62,41.8602,41.8,41.9492,42.9071,-1.8072,-1.0922,-1.57,0.6687,-2.6521,-2.512,-10.341

PRICE_WINDOW_180_ROW_040=20260203,40.6,41.0,40.55,40.7,102596.0,41.3,41.7635,41.7775,41.9358,42.8954,-0.1227,-3.7825,-1.0936,0.6539,-2.5465,-2.5791,-10.451

PRICE_WINDOW_180_ROW_041=20260204,40.6,41.05,40.55,41.05,66525.0,41.15,41.704,41.77,41.9433,42.8842,0.86,-1.7943,-0.3641,0.4344,-1.5683,-1.7237,-9.681

PRICE_WINDOW_180_ROW_042=20260205,41.0,41.5,41.0,41.05,83302.0,41.01,41.6495,41.7575,41.9458,42.8783,0.0,-1.6766,-0.6053,0.5393,-1.4395,-1.6943,-9.681

PRICE_WINDOW_180_ROW_043=20260206,40.7,40.7,39.65,40.35,56052.0,40.78,41.5412,41.6925,41.935,42.8688,-1.7052,-2.7711,-3.1212,0.3652,-2.8676,-3.22,-11.2211

PRICE_WINDOW_180_ROW_044=20260209,40.15,41.25,40.15,40.3,81557.0,40.69,41.4378,41.6325,41.9233,42.8596,-0.1239,-1.1043,-2.8916,0.5298,-2.7458,-3.2006,-11.3311

PRICE_WINDOW_180_ROW_045=20260210,40.95,41.0,40.6,40.9,106130.0,40.73,41.393,41.6075,41.9158,42.8558,1.4888,0.4914,-1.2077,0.6807,-1.191,-1.7004,-10.011

PRICE_WINDOW_180_ROW_046=20260211,40.75,41.45,40.3,41.4,130810.0,40.8,41.3936,41.52,41.9258,42.85,1.2225,0.8526,-4.0556,0.9553,0.0155,-0.289,-8.9109

PRICE_WINDOW_180_ROW_047=20260223,42.4,42.4,41.55,42.0,180976.0,40.99,41.4441,41.47,41.96,42.8488,1.4493,2.3143,-2.3256,1.3035,1.3413,1.278,-7.5908

PRICE_WINDOW_180_ROW_048=20260224,42.5,43.9,42.05,43.1,382108.0,41.54,41.5821,41.5275,42.0167,42.8625,2.619,6.8154,2.7414,2.5494,3.6504,3.7866,-5.1705

PRICE_WINDOW_180_ROW_049=20260225,42.75,43.0,42.35,42.85,111452.0,42.05,41.6878,41.51,42.0592,42.8725,-0.58,6.3275,-0.8102,0.8361,2.788,3.2281,-5.7206

PRICE_WINDOW_180_ROW_050=20260226,42.95,43.3,42.85,43.25,117826.0,42.52,41.8179,41.5825,42.0975,42.8912,0.9335,5.7457,3.4689,0.9015,3.4245,4.0101,-4.8405

PRICE_WINDOW_180_ROW_051=20260302,43.0,43.0,42.45,42.9,62354.0,42.82,41.9081,41.6125,42.1125,42.9046,-0.8092,3.6232,1.4184,0.5471,2.3668,3.094,-5.6106

PRICE_WINDOW_180_ROW_052=20260303,42.2,42.85,41.9,42.2,110144.0,42.86,41.9324,41.6425,42.1067,42.9162,-1.6317,0.4762,1.4423,0.9537,0.6381,1.3388,-7.1507

PRICE_WINDOW_180_ROW_053=20260304,41.3,41.3,40.4,41.0,187426.0,42.44,41.8547,41.6175,42.055,42.9162,-2.8436,-4.8724,-1.2048,1.5383,-2.0421,-1.4838,-9.791

PRICE_WINDOW_180_ROW_054=20260305,41.45,41.45,40.7,41.15,49073.0,42.1,41.796,41.615,42.0008,42.9092,0.3659,-3.9673,-0.1214,0.4094,-1.5456,-1.1174,-9.4609

PRICE_WINDOW_180_ROW_055=20260306,41.05,41.05,40.35,40.9,64792.0,41.63,41.7213,41.545,41.9367,42.9,-0.6075,-5.4335,-3.3097,0.5668,-1.9686,-1.5525,-10.011

PRICE_WINDOW_180_ROW_056=20260309,39.45,39.6,38.25,38.65,298290.0,40.78,41.4654,41.3875,41.865,42.8779,-5.5012,-9.9068,-7.5359,2.3667,-6.7897,-6.6143,-14.9615

PRICE_WINDOW_180_ROW_057=20260310,39.25,40.55,39.15,39.85,200525.0,40.31,41.3308,41.2925,41.8175,42.8475,3.1048,-5.5687,-4.5509,1.512,-3.5827,-3.4934,-12.3212

PRICE_WINDOW_180_ROW_058=20260311,39.8,40.25,39.8,40.25,54578.0,40.16,41.2407,41.23,41.78,42.8104,1.0038,-1.8293,-3.012,0.4278,-2.4023,-2.3769,-11.4411

PRICE_WINDOW_180_ROW_059=20260312,40.5,41.45,40.05,40.45,323708.0,40.02,41.1748,41.215,41.7467,42.7379,0.4969,-1.7011,-0.7362,2.3371,-1.7603,-1.8561,-11.0011

PRICE_WINDOW_180_ROW_060=20260313,40.05,40.05,39.6,39.75,99563.0,39.79,41.0561,41.1675,41.7058,42.66,-1.7305,-2.8117,-2.3342,0.7196,-3.1812,-3.4433,-12.5413

PRICE_WINDOW_180_ROW_061=20260316,39.45,40.0,39.0,39.1,226076.0,39.88,40.8931,41.07,41.6567,42.6071,-1.6352,1.1643,-4.7503,1.5449,-4.3848,-4.7967,-13.9714

PRICE_WINDOW_180_ROW_062=20260317,39.05,39.3,39.0,39.1,119031.0,39.73,40.7437,40.9725,41.615,42.5562,0.0,-1.8821,-4.7503,0.8036,-4.0341,-4.5701,-13.9714

PRICE_WINDOW_180_ROW_063=20260318,39.1,39.4,39.0,39.4,64107.0,39.56,40.6317,40.925,41.5825,42.515,0.7673,-2.1118,-2.3544,0.4316,-3.0313,-3.7263,-13.3113

PRICE_WINDOW_180_ROW_064=20260319,38.9,39.25,38.9,38.9,77977.0,39.25,40.4874,40.855,41.5458,42.4783,-1.269,-3.8319,-3.4739,0.5256,-3.9207,-4.7852,-14.4114

PRICE_WINDOW_180_ROW_065=20260320,41.0,41.5,39.15,39.2,302330.0,39.14,40.3801,40.77,41.5092,42.4212,0.7712,-1.3836,-4.1565,1.9116,-2.9225,-3.8509,-13.7514

PRICE_WINDOW_180_ROW_066=20260323,38.5,38.6,37.65,37.9,220557.0,38.9,40.1734,40.595,41.4533,42.3179,-3.3163,-3.0691,-8.4541,1.3561,-5.659,-6.6387,-16.6117

PRICE_WINDOW_180_ROW_067=20260324,37.9,38.25,37.05,37.5,156510.0,38.58,39.9506,40.37,41.4025,42.2004,-1.0554,-4.0921,-10.7143,0.9696,-6.1342,-7.1092,-17.4917

PRICE_WINDOW_180_ROW_068=20260325,38.2,39.0,37.7,38.3,119586.0,38.36,39.8131,40.13,41.3208,42.1083,2.1333,-2.7919,-11.1369,0.8064,-3.8005,-4.5602,-15.7316

PRICE_WINDOW_180_ROW_069=20260326,38.7,38.7,37.55,37.55,40726.0,38.09,39.6245,39.865,41.2442,42.0438,-1.9582,-3.4704,-12.3687,0.2813,-5.2354,-5.8071,-17.3817

PRICE_WINDOW_180_ROW_070=20260327,37.55,37.8,37.45,37.8,26305.0,37.81,39.4725,39.5925,41.1675,41.9758,0.6658,-3.5714,-12.6012,0.1876,-4.237,-4.5274,-16.8317

PRICE_WINDOW_180_ROW_071=20260330,37.1,37.35,37.0,37.05,69132.0,37.64,39.2706,39.3,41.0792,41.8896,-1.9841,-2.2427,-13.6364,0.492,-5.6546,-5.7252,-18.4818

PRICE_WINDOW_180_ROW_072=20260331,36.7,37.55,36.6,37.45,137764.0,37.63,39.1189,39.0625,40.9933,41.8133,1.0796,-0.1333,-11.2559,0.9708,-4.2661,-4.128,-17.6018

PRICE_WINDOW_180_ROW_073=20260401,37.2,39.15,37.2,38.75,143440.0,37.72,39.0881,38.95,40.9058,41.745,3.4713,1.1749,-5.4878,1.0267,-0.865,-0.5135,-12.9213

PRICE_WINDOW_180_ROW_074=20260402,38.4,38.5,38.05,38.1,41310.0,37.83,39.0058,38.7975,40.815,41.6808,-1.6774,1.4647,-7.4119,0.2965,-2.3222,-1.7978,-13.8009

PRICE_WINDOW_180_ROW_075=20260407,38.4,38.4,38.1,38.15,40058.0,37.9,38.9345,38.66,40.7242,41.6121,0.1312,0.9259,-6.7237,0.2901,-2.0148,-1.3192,-13.2955

PRICE_WINDOW_180_ROW_076=20260408,38.75,39.35,38.2,39.0,111341.0,38.29,38.9399,38.6775,40.6608,41.555,2.228,5.2632,0.9056,0.8649,0.1543,0.8338,-11.3636

PRICE_WINDOW_180_ROW_077=20260409,38.85,38.85,38.0,38.5,76201.0,38.5,38.9033,38.61,40.5908,41.4933,-1.2821,2.8037,-3.3877,0.622,-1.0366,-0.2849,-12.5

PRICE_WINDOW_180_ROW_078=20260410,38.5,39.3,38.5,38.6,86736.0,38.47,38.878,38.5275,40.53,41.4367,0.2597,-0.3871,-4.0994,0.6988,-0.715,0.1882,-12.2727

PRICE_WINDOW_180_ROW_079=20260413,38.8,39.0,38.3,38.7,62862.0,38.59,38.8632,38.44,40.485,41.3892,0.2591,1.5748,-4.3263,0.5659,-0.4198,0.6764,-12.0455

PRICE_WINDOW_180_ROW_080=20260414,39.1,39.1,38.5,38.95,107509.0,38.75,38.8704,38.4,40.4483,41.3408,0.646,2.097,-2.0126,0.9644,0.2048,1.4323,-11.4773

PRICE_WINDOW_180_ROW_081=20260415,38.5,39.4,38.5,38.95,84114.0,38.74,38.877,38.3925,40.4108,41.2942,0.0,-0.1282,-0.3836,0.8058,0.1877,1.4521,-11.4773

PRICE_WINDOW_180_ROW_082=20260416,39.25,39.85,39.15,39.85,144438.0,39.01,38.9581,38.43,40.3867,41.2529,2.3107,3.5065,1.9182,1.3671,2.2893,3.695,-9.4318

PRICE_WINDOW_180_ROW_083=20260417,39.75,39.75,39.0,39.75,100228.0,39.24,39.0241,38.4475,40.355,41.2183,-0.2509,2.9793,0.8883,0.9327,1.8601,3.3877,-9.6591

PRICE_WINDOW_180_ROW_084=20260420,39.4,40.3,39.3,39.7,70564.0,39.44,39.0804,38.4875,40.325,41.18,-0.1258,2.584,2.0566,0.6589,1.5854,3.1504,-9.7727

PRICE_WINDOW_180_ROW_085=20260421,39.7,40.1,39.45,39.85,82388.0,39.62,39.1446,38.52,40.2992,41.1479,0.3778,2.3107,1.6582,0.8574,1.8021,3.4528,-9.4318

PRICE_WINDOW_180_ROW_086=20260422,40.1,40.1,38.5,39.0,67104.0,39.63,39.1325,38.575,40.23,41.1075,-2.133,0.1284,2.9024,0.759,-0.3386,1.1017,-11.3636

PRICE_WINDOW_180_ROW_087=20260423,38.75,38.85,37.4,37.5,100616.0,39.16,38.9965,38.575,40.1383,41.0588,-3.8462,-5.8971,0.0,1.1751,-3.8374,-2.7868,-14.7727

PRICE_WINDOW_180_ROW_088=20260424,37.45,37.7,37.05,37.5,70064.0,38.71,38.8718,38.535,40.0642,41.0167,0.0,-5.6604,-2.0888,0.8427,-3.5289,-2.6859,-14.7727

PRICE_WINDOW_180_ROW_089=20260427,37.35,37.35,36.75,36.8,85768.0,38.13,38.6991,38.4975,39.9575,40.9692,-1.8667,-7.3048,-1.9973,1.0043,-4.9074,-4.4094,-16.1731

PRICE_WINDOW_180_ROW_090=20260428,36.95,37.25,36.7,36.9,59042.0,37.54,38.5492,38.4525,39.8758,40.925,0.2717,-7.4028,-2.381,0.6784,-4.2781,-4.0374,-15.9453

PRICE_WINDOW_180_ROW_091=20260429,37.35,38.05,36.9,37.7,190957.0,37.28,38.4784,38.485,39.7992,40.8796,2.168,-3.3333,1.7544,2.0505,-2.023,-2.0398,-14.123

PRICE_WINDOW_180_ROW_092=20260430,37.35,37.35,36.75,36.75,83446.0,37.13,38.3344,38.45,39.7183,40.8308,-2.5199,-2.0,-1.8692,0.923,-4.1331,-4.4213,-16.287

PRICE_WINDOW_180_ROW_093=20260504,37.25,37.25,36.4,36.4,72970.0,36.91,38.1732,38.3325,39.6333,40.7812,-0.9524,-2.9333,-6.0645,0.8398,-4.6451,-5.0414,-17.0843

PRICE_WINDOW_180_ROW_094=20260505,36.2,36.4,36.0,36.1,68036.0,36.77,38.0004,38.2325,39.5483,40.7304,-0.8242,-1.9022,-5.2493,0.7712,-5.0011,-5.5777,-17.7677

PRICE_WINDOW_180_ROW_095=20260506,36.55,36.55,36.15,36.35,80165.0,36.66,37.8629,38.1425,39.4492,40.6854,0.6925,-1.4905,-4.7182,0.8885,-3.9957,-4.6995,-17.1982

PRICE_WINDOW_180_ROW_096=20260507,36.25,36.45,35.85,36.4,135755.0,36.4,37.741,38.0125,39.3592,40.6433,0.1376,-3.4483,-6.6667,1.4845,-3.5531,-4.242,-17.0843

PRICE_WINDOW_180_ROW_097=20260508,36.6,38.0,36.3,36.85,245598.0,36.42,37.6667,37.93,39.2775,40.6129,1.2363,0.2721,-4.2857,2.458,-2.1683,-2.8474,-16.0592

PRICE_WINDOW_180_ROW_098=20260511,36.95,37.2,36.55,36.8,42187.0,36.5,37.5945,37.84,39.1992,40.5871,-0.1357,1.0989,-4.6632,0.4318,-2.1134,-2.7484,-16.1731

PRICE_WINDOW_180_ROW_099=20260512,37.05,37.05,36.2,36.35,75504.0,36.55,37.4908,37.7225,39.1258,40.5375,-1.2228,0.6925,-6.0724,0.7679,-3.0429,-3.6384,-17.1982

PRICE_WINDOW_180_ROW_100=20260513,36.6,36.6,35.05,35.5,124502.0,36.38,37.3249,37.55,39.0392,40.4875,-2.3384,-2.3384,-8.8575,1.2554,-4.8892,-5.4594,-19.1344

PRICE_WINDOW_180_ROW_101=20260514,35.55,35.55,34.25,34.25,157782.0,35.95,37.0687,37.315,38.9258,40.4346,-3.5211,-5.9066,-12.0668,1.534,-7.6039,-8.2139,-21.9818

PRICE_WINDOW_180_ROW_102=20260515,34.6,34.6,33.2,33.2,234253.0,35.22,36.7463,36.9825,38.795,40.3704,-3.0657,-9.905,-16.6876,2.1822,-9.6507,-10.2278,-24.3736

PRICE_WINDOW_180_ROW_103=20260518,33.2,35.95,32.8,34.8,242237.0,34.82,36.5841,36.735,38.7025,40.3188,4.8193,-5.4348,-12.4528,2.1166,-4.8767,-5.2675,-20.7289

PRICE_WINDOW_180_ROW_104=20260519,34.4,35.1,34.25,34.45,37164.0,34.44,36.4062,36.4725,38.605,40.2642,-1.0057,-5.227,-13.2242,0.3295,-5.3734,-5.5453,-21.5262

PRICE_WINDOW_180_ROW_105=20260520,34.05,34.45,33.75,34.3,38715.0,34.2,36.2307,36.195,38.495,40.2054,-0.4354,-3.3803,-13.9272,0.3501,-5.329,-5.2355,-21.8679

PRICE_WINDOW_180_ROW_106=20260521,34.1,34.6,34.1,34.2,44178.0,34.19,36.0615,35.955,38.375,40.1504,-0.2915,-0.146,-12.3077,0.4036,-5.162,-4.8811,-22.0957

PRICE_WINDOW_180_ROW_107=20260522,34.05,34.15,33.3,33.35,79049.0,34.22,35.8355,35.7475,38.2308,40.0954,-2.4854,0.4518,-11.0667,0.7294,-6.9359,-6.7068,-24.0319

PRICE_WINDOW_180_ROW_108=20260525,33.2,33.2,32.5,32.7,450980.0,33.8,35.5742,35.5075,38.0575,40.0371,-1.949,-6.0345,-12.8,3.5395,-8.0796,-7.9068,-24.4804

PRICE_WINDOW_180_ROW_109=20260526,32.55,33.25,32.55,33.25,84996.0,33.56,35.3806,35.33,37.8975,39.9783,1.682,-3.4833,-9.6467,0.6673,-6.0218,-5.8873,-23.2102

PRICE_WINDOW_180_ROW_110=20260527,32.75,33.4,32.6,33.25,55422.0,33.35,35.203,35.1475,37.7308,39.9142,0.0,-3.0612,-9.8916,0.4357,-5.5478,-5.3987,-22.6744

PRICE_WINDOW_180_ROW_111=20260528,33.55,34.35,33.5,34.05,141823.0,33.32,35.1069,34.965,37.5833,39.8479,2.406,-0.4386,-9.6817,1.137,-3.0106,-2.6169,-20.5368

PRICE_WINDOW_180_ROW_112=20260529,34.05,34.6,34.0,34.45,86206.0,33.54,35.0522,34.85,37.4542,39.7804,1.1747,3.2984,-6.2585,0.6903,-1.718,-1.1478,-16.988

PRICE_WINDOW_180_ROW_113=20260601,34.45,35.5,34.45,35.45,184865.0,34.09,35.0853,34.8025,37.3617,39.7083,2.9028,8.4098,-2.6099,1.4169,1.0394,1.8605,-14.5783

PRICE_WINDOW_180_ROW_114=20260602,35.45,35.8,33.5,33.95,349870.0,34.23,34.9907,34.695,37.2417,39.6213,-4.2313,2.1053,-5.9557,2.4202,-2.9743,-2.1473,-18.1928

PRICE_WINDOW_180_ROW_115=20260603,34.45,36.35,34.45,35.75,314128.0,34.73,35.054,34.665,37.1558,39.5462,5.3019,7.5188,-1.6506,2.0103,1.9855,3.13,-13.8554

PRICE_WINDOW_180_ROW_116=20260604,36.2,37.35,35.1,36.25,168541.0,35.17,35.1537,34.6575,37.1158,39.4904,1.3986,6.4611,-0.4121,1.0674,3.1187,4.595,-12.6506

PRICE_WINDOW_180_ROW_117=20260605,36.25,36.45,35.7,36.25,70617.0,35.53,35.245,34.6275,37.0558,39.4367,0.0,5.225,-1.6282,0.4735,2.8514,4.6856,-12.6506

PRICE_WINDOW_180_ROW_118=20260608,35.0,35.0,33.55,34.1,106773.0,35.26,35.1496,34.4925,36.9533,39.3667,-5.931,-3.8082,-7.337,0.7007,-2.9861,-1.1379,-17.8313

PRICE_WINDOW_180_ROW_119=20260609,33.6,34.2,33.5,34.1,157696.0,35.29,35.0621,34.38,36.8475,39.2971,0.0,0.4418,-6.1898,1.0077,-2.7441,-0.8144,-17.8313

PRICE_WINDOW_180_ROW_120=20260610,33.9,37.5,33.7,37.5,475739.0,35.64,35.2653,34.48,36.81,39.2579,9.9707,4.8951,5.6338,2.7333,6.3368,8.7587,-9.6386

PRICE_WINDOW_180_ROW_121=20260611,38.45,39.75,35.8,35.9,1392214.0,35.57,35.3182,34.5625,36.7567,39.2067,-4.2667,-0.9655,4.8175,5.9049,1.6474,3.8698,-13.494

PRICE_WINDOW_180_ROW_122=20260612,36.7,38.4,35.45,36.8,716304.0,35.68,35.4417,34.7425,36.7183,39.1667,2.507,1.5172,10.8434,2.7563,3.8326,5.9221,-11.3253

PRICE_WINDOW_180_ROW_123=20260615,37.65,37.65,36.0,37.0,279016.0,36.26,35.5715,34.8525,36.6783,39.1304,0.5435,8.5044,6.3218,1.0661,4.0158,6.1617,-10.8434

PRICE_WINDOW_180_ROW_124=20260616,36.8,37.55,36.6,37.25,175284.0,36.89,35.7114,34.9925,36.6508,39.0983,0.6757,9.2375,8.1277,0.6525,4.3084,6.4514,-10.241

PRICE_WINDOW_180_ROW_125=20260617,37.9,38.95,36.85,38.95,329981.0,37.18,35.9813,35.225,36.6467,39.0779,4.5638,3.8667,13.5569,1.1653,8.2507,10.5749,-3.3499

PRICE_WINDOW_180_ROW_126=20260618,39.8,40.3,38.15,39.25,366475.0,37.85,36.2537,35.4775,36.6692,39.0612,0.7702,9.3315,14.7661,1.2244,8.2649,10.6335,-2.6055

PRICE_WINDOW_180_ROW_127=20260622,38.25,38.35,36.0,36.5,297557.0,37.79,36.2742,35.635,36.6525,39.0275,-7.0064,-0.8152,9.4453,0.9592,0.6225,2.4274,-9.4293

PRICE_WINDOW_180_ROW_128=20260623,36.5,38.7,35.95,37.6,313958.0,37.91,36.3847,35.88,36.6408,38.9808,3.0137,1.6216,14.9847,1.0349,3.3402,4.7938,-6.6998

PRICE_WINDOW_180_ROW_129=20260624,37.6,38.2,36.75,37.05,134552.0,37.87,36.4401,36.07,36.6325,38.9383,-1.4628,-0.5369,11.4286,0.4399,1.6736,2.7169,-8.0645

PRICE_WINDOW_180_ROW_130=20260625,37.1,37.35,36.65,36.8,66253.0,37.44,36.4701,36.2475,36.6158,38.8917,-0.6748,-5.5199,10.6767,0.2162,0.9045,1.5242,-8.6849

PRICE_WINDOW_180_ROW_131=20260626,36.35,36.75,35.2,35.2,135945.0,36.63,36.3643,36.305,36.585,38.8321,-4.3478,-10.3185,3.3774,0.4441,-3.2017,-3.0437,-12.6551

PRICE_WINDOW_180_ROW_132=20260629,35.3,35.95,35.25,35.3,88594.0,36.39,36.2756,36.3475,36.5492,38.7712,0.2841,-3.2877,2.4673,0.2893,-2.6894,-2.8819,-12.4069

PRICE_WINDOW_180_ROW_133=20260630,35.3,35.45,35.0,35.4,89871.0,35.95,36.2026,36.345,36.4933,38.6996,0.2833,-5.8511,-0.141,0.2981,-2.217,-2.6001,-12.1588

PRICE_WINDOW_180_ROW_134=20260701,36.25,36.25,35.1,35.7,77524.0,35.68,36.1607,36.4325,36.4533,38.6342,0.8475,-3.6437,5.1546,0.2693,-1.2741,-2.0106,-11.4144

PRICE_WINDOW_180_ROW_135=20260702,36.1,37.2,35.8,36.15,92325.0,35.55,36.1598,36.4525,36.42,38.5721,1.2605,-1.7663,1.1189,0.3336,-0.0272,-0.8298,-10.2978

PRICE_WINDOW_180_ROW_136=20260703,35.25,36.95,35.25,36.7,120263.0,35.85,36.2049,36.475,36.3817,38.5212,1.5214,4.2614,1.2414,0.4384,1.3676,0.6169,-8.933

PRICE_WINDOW_180_ROW_137=20260706,36.85,36.9,36.25,36.4,56079.0,36.07,36.2211,36.4825,36.3467,38.4688,-0.8174,3.1161,0.4138,0.205,0.4939,-0.2261,-9.6774

PRICE_WINDOW_180_ROW_138=20260707,36.4,36.4,35.3,35.8,59666.0,36.15,36.186,36.5675,36.3,38.415,-1.6484,1.1299,4.9853,0.22,-1.0668,-2.0989,-11.1663

PRICE_WINDOW_180_ROW_139=20260708,35.4,35.4,35.0,35.0,63538.0,36.01,36.0872,36.6125,36.2383,38.3617,-2.2346,-1.9608,2.6393,0.2384,-3.0127,-4.4042,-13.1514

PRICE_WINDOW_180_ROW_140=20260709,35.4,36.0,35.05,35.5,64222.0,35.88,36.0383,36.5125,36.1808,38.3146,1.4286,-1.7981,-5.3333,0.2611,-1.4936,-2.773,-11.9107

PRICE_WINDOW_180_ROW_141=20260713,35.5,36.0,35.05,35.45,60168.0,35.63,35.9892,36.49,36.1225,38.2667,-0.1408,-3.406,-1.2535,0.3354,-1.4983,-2.8501,-12.0347

PRICE_WINDOW_180_ROW_142=20260714,36.05,36.05,35.3,35.8,124118.0,35.51,35.9735,36.44,36.055,38.2208,0.9873,-1.6484,-2.7174,0.8287,-0.4822,-1.7563,-11.1663

PRICE_WINDOW_180_ROW_143=20260715,36.7,36.7,35.45,36.6,84583.0,35.67,36.0257,36.42,36.0025,38.1788,2.2346,2.2346,-1.0811,0.604,1.5942,0.4942,-9.1811

PRICE_WINDOW_180_ROW_144=20260716,36.75,38.5,35.5,38.45,312715.0,36.36,36.2277,36.48,35.9817,38.1533,5.0546,9.8571,3.2215,2.1285,6.1342,5.4002,-4.5906

PRICE_WINDOW_180_ROW_145=20260717,37.95,38.45,37.2,37.2,131894.0,36.7,36.3087,36.3925,35.9375,38.1183,-3.251,4.7887,-4.4929,0.9626,2.4547,2.2189,-7.6923

PRICE_WINDOW_180_ROW_146=20260720,37.95,38.05,36.95,36.95,138341.0,37.0,36.3622,36.2775,35.9033,38.0667,-0.672,4.2313,-5.8599,1.1014,1.6166,1.8538,-8.3127

PRICE_WINDOW_180_ROW_147=20260721,37.65,37.65,37.25,37.5,24844.0,37.34,36.457,36.3275,35.9033,38.0208,1.4885,4.7486,2.7397,0.2219,2.8609,3.2276,-6.9479

PRICE_WINDOW_180_ROW_148=20260722,37.2,37.55,36.6,36.6,104632.0,37.34,36.4689,36.2775,35.8883,37.9763,-2.4,0.0,-2.6596,1.0308,0.3595,0.889,-9.1811

PRICE_WINDOW_180_ROW_149=20260723,36.2,37.1,35.8,35.8,87187.0,36.81,36.4132,36.215,35.8717,37.9146,-2.1858,-6.8921,-3.3738,0.8794,-1.6839,-1.1459,-11.1663

PRICE_WINDOW_180_ROW_150=20260724,35.7,35.9,34.75,35.05,136123.0,36.38,36.2996,36.1275,35.8408,37.8583,-2.095,-5.7796,-4.7554,1.3263,-3.4424,-2.9825,-13.0273

PRICE_WINDOW_180_ROW_151=20260727,35.8,36.15,34.95,36.1,89221.0,36.21,36.2829,36.1725,35.8142,37.8067,2.9957,-2.3004,2.5568,0.8896,-0.5042,-0.2004,-10.4218

PRICE_WINDOW_180_ROW_152=20260728,36.0,36.0,35.1,35.45,81508.0,35.8,36.2135,36.18,35.7925,37.7554,-1.8006,-5.4667,0.4249,0.8156,-2.1084,-2.0177,-12.0347

PRICE_WINDOW_180_ROW_153=20260729,35.75,36.25,34.1,36.25,290840.0,35.73,36.2166,36.2225,35.79,37.7117,2.2567,-0.9563,2.4011,2.6443,0.0923,0.0759,-10.0496

PRICE_WINDOW_180_ROW_154=20260730,36.55,36.55,35.2,35.3,93128.0,35.63,36.1402,36.2025,35.7767,37.6625,-2.6207,-1.3966,-1.1204,0.8407,-2.3248,-2.4929,-12.4069

PRICE_WINDOW_180_ROW_155=20260731,35.85,36.0,35.45,35.8,93859.0,35.78,36.1118,36.185,35.7675,37.6083,1.4164,2.1398,-0.9682,0.8467,-0.8635,-1.064,-11.1663

PRICE_WINDOW_180_ROW_156=20260803,35.15,35.95,34.7,35.6,81475.0,35.68,36.0692,36.13,35.7542,37.5567,-0.5587,-1.385,-2.9973,0.7481,-1.3008,-1.4669,-11.6625

PRICE_WINDOW_180_ROW_157=20260804,35.0,35.25,34.7,35.05,85359.0,35.6,35.9842,36.0625,35.7242,37.5008,-1.5449,-1.1283,-3.7088,0.7734,-2.5963,-2.8076,-13.0273

PRICE_WINDOW_180_ROW_158=20260805,35.05,35.5,34.95,34.95,64518.0,35.34,35.8981,36.02,35.6933,37.4462,-0.2853,-3.5862,-2.3743,0.5833,-2.641,-2.9706,-13.2754

PRICE_WINDOW_180_ROW_159=20260806,34.8,35.05,33.95,34.05,189597.0,35.09,35.7441,35.9725,35.655,37.3904,-2.5751,-3.5411,-2.7143,1.6216,-4.7394,-5.3444,-15.5087

PRICE_WINDOW_180_ROW_160=20260807,34.0,34.85,34.0,34.15,70616.0,34.76,35.6112,35.905,35.6325,37.3358,0.2937,-4.6089,-3.8028,0.6023,-4.1033,-4.8879,-15.2605

PRICE_WINDOW_180_ROW_161=20260810,34.4,34.4,34.15,34.25,35361.0,34.49,35.4978,35.845,35.6325,37.2792,0.2928,-3.7921,-3.385,0.3048,-3.5151,-4.4497,-15.0124

PRICE_WINDOW_180_ROW_162=20260811,34.2,34.65,33.95,34.6,65462.0,34.4,35.423,35.785,35.6558,37.2254,1.0219,-1.2839,-3.352,0.579,-2.3233,-3.3114,-14.1439

PRICE_WINDOW_180_ROW_163=20260812,34.4,34.7,34.2,34.65,69839.0,34.34,35.3586,35.6875,35.6533,37.1779,0.1445,-0.8584,-5.3279,0.6218,-2.0039,-2.9072,-14.0199

PRICE_WINDOW_180_ROW_164=20260813,35.0,36.4,34.4,35.3,126287.0,34.59,35.3537,35.53,35.6675,37.1362,1.8759,3.6711,-8.1925,1.226,-0.1518,-0.6473,-12.4069

PRICE_WINDOW_180_ROW_165=20260814,35.3,35.3,34.7,34.9,28805.0,34.74,35.3159,35.415,35.6775,37.0862,-1.1331,2.1962,-6.1828,0.2944,-1.1776,-1.4542,-13.3995

PRICE_WINDOW_180_ROW_166=20260817,34.8,35.3,34.8,35.0,32139.0,34.89,35.2895,35.3175,35.6908,37.0329,0.2865,2.1898,-5.2774,0.3473,-0.8205,-0.899,-13.1514

PRICE_WINDOW_180_ROW_167=20260818,34.65,34.75,34.35,34.35,90886.0,34.84,35.2113,35.16,35.7075,36.9692,-1.8571,-0.7225,-8.4,0.9483,-2.446,-2.3038,-14.7643

PRICE_WINDOW_180_ROW_168=20260819,34.25,34.7,34.0,34.0,107495.0,34.71,35.1103,35.03,35.7292,36.8933,-1.0189,-1.8759,-7.1038,1.1199,-3.1624,-2.9403,-15.6328

PRICE_WINDOW_180_ROW_169=20260820,34.35,35.2,34.35,35.05,96286.0,34.66,35.1053,34.9925,35.7592,36.8283,3.0882,-0.7082,-2.095,0.9984,-0.1575,0.1643,-13.0273

PRICE_WINDOW_180_ROW_170=20260821,34.85,35.4,34.5,35.4,54645.0,34.76,35.1298,35.01,35.795,36.7629,0.9986,1.4327,0.9986,0.5916,0.769,1.114,-12.1588

PRICE_WINDOW_180_ROW_171=20260824,34.85,35.1,34.2,35.1,35853.0,34.78,35.1274,34.96,35.8125,36.6979,-0.8475,0.2857,-2.7701,0.3997,-0.0779,0.4005,-12.9032

PRICE_WINDOW_180_ROW_172=20260825,35.1,35.55,34.6,34.8,49164.0,34.87,35.1001,34.9275,35.8183,36.6363,-0.8547,1.31,-1.8336,0.5582,-0.8549,-0.365,-13.6476

PRICE_WINDOW_180_ROW_173=20260826,34.75,35.8,34.75,35.8,77401.0,35.23,35.1584,34.905,35.8242,36.5929,2.8736,5.2941,-1.2414,0.9999,1.8249,2.5641,-11.1663

PRICE_WINDOW_180_ROW_174=20260827,35.95,36.3,35.2,35.5,36804.0,35.32,35.1869,34.915,35.85,36.5458,-0.838,1.2839,0.5666,0.4934,0.8899,1.6755,-11.9107

PRICE_WINDOW_180_ROW_175=20260828,35.45,35.6,35.05,35.2,64446.0,35.28,35.188,34.885,35.8408,36.4983,-0.8451,-0.565,-1.676,0.8814,0.0342,0.903,-12.6551

PRICE_WINDOW_180_ROW_176=20260831,35.15,35.15,34.4,34.75,57220.0,35.21,35.1515,34.8425,35.8158,36.4658,-1.2784,-0.9972,-2.3876,0.7957,-1.1421,-0.2655,-13.7717

PRICE_WINDOW_180_ROW_177=20260901,34.5,35.05,34.5,34.9,54000.0,35.23,35.1305,34.835,35.7933,36.4246,0.4317,0.2874,-0.428,0.7677,-0.6562,0.1866,-13.3995

PRICE_WINDOW_180_ROW_178=20260902,34.55,34.55,34.3,34.3,96847.0,34.93,35.0613,34.8025,35.7967,36.375,-1.7192,-4.1899,-1.8598,1.3459,-2.1714,-1.4439,-14.8883

PRICE_WINDOW_180_ROW_179=20260903,34.25,34.45,34.0,34.0,40801.0,34.63,34.9729,34.8,35.795,36.3212,-0.8746,-4.2254,-0.1468,0.6324,-2.7818,-2.2989,-15.6328

PRICE_WINDOW_180_ROW_180=20260904,34.15,34.75,34.1,34.7,53919.0,34.53,34.9501,34.8275,35.7483,36.2792,2.0588,-1.4205,1.6105,0.8467,-0.7157,-0.3661,-13.8958
