# PRICE_WINDOW_180

columns=date,open,high,low,close,volume,ma5,ema23,ma20,ma60,ma120,return_1d,return_5d,return_20d,volume_ratio,distance_to_ema23_pct,distance_to_ma20_pct,distance_to_high_60_pct

PRICE_WINDOW_180_ROW_001=20251124,112.5,113.0,111.5,112.0,309426.0,110.6,113.4914,113.225,118.1583,116.1917,0.0,1.3575,-2.1834,0.3271,-1.3141,-1.0819,-14.5038

PRICE_WINDOW_180_ROW_002=20251125,113.5,115.0,113.0,114.5,517330.0,111.9,113.5754,113.35,118.0,116.2042,2.2321,6.0185,2.2321,0.5632,0.8141,1.0146,-12.5954

PRICE_WINDOW_180_ROW_003=20251126,114.5,117.0,114.5,115.5,968854.0,113.5,113.7358,113.5,117.8417,116.2042,0.8734,7.4419,2.6667,1.0372,1.5511,1.7621,-11.8321

PRICE_WINDOW_180_ROW_004=20251127,115.5,117.0,115.0,115.5,476435.0,113.9,113.8828,113.725,117.6583,116.2042,0.0,1.7621,4.0541,0.5234,1.42,1.5608,-11.8321

PRICE_WINDOW_180_ROW_005=20251128,116.0,118.0,115.5,117.5,1268709.0,115.0,114.1843,113.875,117.5583,116.225,1.7316,4.9107,2.6201,1.4353,2.9039,3.1833,-10.3053

PRICE_WINDOW_180_ROW_006=20251201,117.5,119.5,117.5,118.0,835173.0,116.2,114.5022,113.95,117.5,116.2875,0.4255,5.3571,1.2876,0.9911,3.0548,3.5542,-9.9237

PRICE_WINDOW_180_ROW_007=20251202,118.0,119.5,117.5,118.0,623342.0,116.9,114.7937,114.125,117.4833,116.35,0.0,3.0568,3.0568,0.7509,2.7931,3.3954,-9.9237

PRICE_WINDOW_180_ROW_008=20251203,118.5,119.5,117.5,117.5,681165.0,117.3,115.0192,114.325,117.45,116.3917,-0.4237,1.7316,3.5242,0.8127,2.1568,2.7772,-10.3053

PRICE_WINDOW_180_ROW_009=20251204,118.0,118.0,117.0,117.5,426374.0,117.7,115.226,114.5,117.3833,116.4,0.0,1.7316,3.0702,0.5107,1.9735,2.6201,-10.3053

PRICE_WINDOW_180_ROW_010=20251205,118.0,119.0,116.0,116.5,684239.0,117.5,115.3321,114.55,117.275,116.4292,-0.8511,-0.8511,0.8658,0.8431,1.0126,1.7023,-11.0687

PRICE_WINDOW_180_ROW_011=20251208,116.0,118.5,115.0,117.0,739182.0,117.3,115.4711,114.675,117.15,116.4667,0.4292,-0.8475,2.1834,0.9309,1.324,2.0275,-10.687

PRICE_WINDOW_180_ROW_012=20251209,115.0,115.0,111.0,113.0,1478918.0,116.3,115.2652,114.55,116.9083,116.4708,-3.4188,-4.2373,-2.1645,1.8119,-1.9652,-1.3531,-13.7405

PRICE_WINDOW_180_ROW_013=20251210,112.5,114.0,111.0,112.5,796693.0,115.3,115.0348,114.375,116.6667,116.4792,-0.4425,-4.2553,-3.0172,0.9818,-2.2035,-1.6393,-12.1094

PRICE_WINDOW_180_ROW_014=20251211,112.0,113.5,109.5,110.5,1324055.0,113.9,114.6569,114.1,116.45,116.4708,-1.7778,-5.9574,-4.7414,1.5655,-3.6255,-3.1551,-12.9921

PRICE_WINDOW_180_ROW_015=20251212,110.0,111.5,110.0,110.5,479203.0,112.7,114.3105,113.875,116.2167,116.5083,0.0,-5.1502,-3.913,0.5794,-3.3334,-2.9638,-12.9921

PRICE_WINDOW_180_ROW_016=20251215,109.5,111.0,109.0,110.5,367578.0,111.4,113.9929,113.875,116.0083,116.5583,0.0,-5.5556,0.0,0.4825,-3.0642,-2.9638,-12.9921

PRICE_WINDOW_180_ROW_017=20251216,109.5,110.0,108.5,109.0,563864.0,110.6,113.5768,113.925,115.7833,116.5792,-1.3575,-3.5398,0.9259,0.7592,-4.0297,-4.323,-14.1732

PRICE_WINDOW_180_ROW_018=20251217,109.5,111.0,109.5,110.5,409404.0,110.2,113.3204,114.075,115.5417,116.6167,1.3761,-1.7778,2.7907,0.5513,-2.4889,-3.1339,-12.9921

PRICE_WINDOW_180_ROW_019=20251218,110.5,110.5,109.0,109.5,449199.0,110.0,113.0021,113.875,115.2917,116.6375,-0.905,-0.905,-3.5242,0.6322,-3.0991,-3.8419,-13.7795

PRICE_WINDOW_180_ROW_020=20251219,110.0,111.0,109.5,111.0,340047.0,110.1,112.8352,113.825,115.0583,116.6583,1.3699,0.4525,-0.8929,0.495,-1.6265,-2.4819,-12.5984

PRICE_WINDOW_180_ROW_021=20251222,111.5,113.0,111.0,113.0,486980.0,110.6,112.849,113.875,114.8583,116.7125,1.8018,2.2624,0.8929,0.6998,0.1338,-0.7684,-11.0236

PRICE_WINDOW_180_ROW_022=20251223,113.0,113.5,111.5,112.5,455636.0,111.3,112.8199,113.775,114.675,116.7583,-0.4425,3.211,-1.7467,0.6577,-0.2835,-1.1206,-11.4173

PRICE_WINDOW_180_ROW_023=20251224,112.5,113.0,111.0,111.5,496507.0,111.5,112.7099,113.575,114.475,116.7917,-0.8889,0.905,-3.4632,0.742,-1.0735,-1.827,-12.2047

PRICE_WINDOW_180_ROW_024=20251226,111.0,112.0,110.5,110.5,785340.0,111.7,112.5257,113.325,114.3083,116.8083,-0.8969,0.9132,-4.329,1.1472,-1.8002,-2.4928,-12.9921

PRICE_WINDOW_180_ROW_025=20251229,113.0,117.5,113.0,114.5,2610621.0,112.4,112.6903,113.175,114.1583,116.8667,3.6199,3.1532,-2.5532,3.4731,1.6059,1.1708,-9.8425

PRICE_WINDOW_180_ROW_026=20251230,114.5,114.5,111.0,112.5,961703.0,112.3,112.6744,112.9,113.9583,116.925,-1.7467,-0.4425,-4.661,1.2687,-0.1548,-0.3543,-11.0672

PRICE_WINDOW_180_ROW_027=20251231,112.5,114.0,111.5,113.0,703745.0,112.4,112.7015,112.65,113.7667,116.9417,0.4444,0.4444,-4.2373,0.9235,0.2648,0.3107,-9.6

PRICE_WINDOW_180_ROW_028=20260102,114.5,116.0,113.5,114.5,999053.0,113.0,112.8514,112.5,113.65,116.9583,1.3274,2.6906,-2.5532,1.2843,1.4609,1.7778,-6.9106

PRICE_WINDOW_180_ROW_029=20260105,115.5,115.5,111.5,112.0,874032.0,113.3,112.7805,112.225,113.5,116.925,-2.1834,1.3575,-4.6809,1.0921,-0.692,-0.2005,-6.6667

PRICE_WINDOW_180_ROW_030=20260106,112.5,113.0,111.0,111.0,827441.0,112.6,112.6321,111.95,113.3583,116.9083,-0.8929,-3.0568,-4.721,1.0247,-1.449,-0.8486,-7.113

PRICE_WINDOW_180_ROW_031=20260107,111.0,112.5,110.5,111.5,735551.0,112.4,112.5377,111.675,113.25,116.8917,0.4505,-0.8889,-4.7009,0.9111,-0.9221,-0.1567,-6.6946

PRICE_WINDOW_180_ROW_032=20260108,112.0,113.5,111.5,112.5,773726.0,112.3,112.5346,111.65,113.225,116.8708,0.8969,-0.4425,-0.4425,1.0022,-0.0307,0.7613,-5.8577

PRICE_WINDOW_180_ROW_033=20260109,112.0,113.5,111.0,112.5,620487.0,111.9,112.5317,111.65,113.2333,116.8583,0.0,-1.7467,0.0,0.813,-0.0282,0.7613,-5.8577

PRICE_WINDOW_180_ROW_034=20260112,111.0,112.0,109.5,110.5,1639384.0,111.6,112.3624,111.65,113.1833,116.8167,-1.7778,-1.3393,0.0,2.1045,-1.6575,-1.03,-7.5314

PRICE_WINDOW_180_ROW_035=20260113,111.0,111.5,110.0,110.5,930591.0,111.5,112.2072,111.65,113.15,116.75,0.0,-0.4505,0.0,1.161,-1.5215,-1.03,-7.5314

PRICE_WINDOW_180_ROW_036=20260114,111.0,114.0,111.0,113.0,1366615.0,111.8,112.2733,111.775,113.175,116.7208,2.2624,1.3453,2.2624,1.605,0.6473,1.096,-5.4393

PRICE_WINDOW_180_ROW_037=20260115,113.5,113.5,111.5,112.0,725887.0,111.7,112.2505,111.925,113.175,116.7208,-0.885,-0.4444,2.7523,0.8444,-0.2232,0.067,-6.2762

PRICE_WINDOW_180_ROW_038=20260116,112.0,113.0,112.0,112.0,461783.0,111.6,112.2296,112.0,113.1583,116.7042,0.0,-0.4444,1.3575,0.5356,-0.2046,0.0,-6.2762

PRICE_WINDOW_180_ROW_039=20260119,112.0,113.5,110.5,112.0,915186.0,111.9,112.2105,112.125,113.1417,116.6875,0.0,1.3575,2.2831,1.0335,-0.1876,-0.1115,-6.2762

PRICE_WINDOW_180_ROW_040=20260120,112.0,114.0,112.0,112.5,853052.0,112.3,112.2346,112.2,113.125,116.6833,0.4464,1.81,1.3514,0.9362,0.2365,0.2674,-5.8577

PRICE_WINDOW_180_ROW_041=20260121,112.0,113.0,110.5,111.0,775605.0,111.9,112.1317,112.1,113.0667,116.65,-1.3333,-1.7699,-1.7699,0.838,-1.0093,-0.9813,-7.113

PRICE_WINDOW_180_ROW_042=20260122,111.5,113.0,111.5,111.5,545415.0,111.8,112.0791,112.05,113.0583,116.6333,0.4505,-0.4464,-0.8889,0.5864,-0.5167,-0.4909,-6.6946

PRICE_WINDOW_180_ROW_043=20260123,112.0,114.0,112.0,112.0,742754.0,111.8,112.0725,112.075,113.05,116.6167,0.4484,0.0,0.4484,0.7882,-0.0647,-0.0669,-6.2762

PRICE_WINDOW_180_ROW_044=20260126,112.0,116.5,112.0,114.5,1881931.0,112.3,112.2748,112.275,113.1083,116.6083,2.2321,2.2321,3.6199,1.8872,1.9819,1.9817,-4.1841

PRICE_WINDOW_180_ROW_045=20260127,115.5,117.0,114.0,115.5,1309847.0,112.9,112.5436,112.325,113.125,116.6125,0.8734,2.6667,0.8734,1.4051,2.6269,2.8266,-3.3473

PRICE_WINDOW_180_ROW_046=20260128,115.5,116.5,114.0,115.0,1364302.0,113.7,112.7483,112.45,113.1,116.5958,-0.4329,3.6036,2.2222,1.4326,1.9971,2.2677,-3.7657

PRICE_WINDOW_180_ROW_047=20260129,115.0,115.5,113.0,113.0,738988.0,114.0,112.7692,112.45,113.075,116.55,-1.7391,1.3453,0.0,0.7746,0.2046,0.4891,-5.4393

PRICE_WINDOW_180_ROW_048=20260130,112.5,113.0,110.0,111.5,792866.0,113.9,112.6635,112.3,113.0417,116.475,-1.3274,-0.4464,-2.6201,0.8401,-1.0327,-0.7124,-6.6946

PRICE_WINDOW_180_ROW_049=20260202,111.0,112.0,110.5,111.0,611917.0,113.2,112.5248,112.25,112.9917,116.3875,-0.4484,-3.0568,-0.8929,0.6575,-1.3551,-1.1136,-7.113

PRICE_WINDOW_180_ROW_050=20260203,112.0,112.0,110.5,111.0,665406.0,112.3,112.3978,112.25,112.9167,116.3042,0.0,-3.8961,0.0,0.7213,-1.2436,-1.1136,-7.113

PRICE_WINDOW_180_ROW_051=20260204,111.0,112.0,109.5,112.0,613587.0,111.7,112.3646,112.275,112.875,116.2125,0.9009,-2.6087,0.4484,0.6695,-0.3245,-0.2449,-6.2762

PRICE_WINDOW_180_ROW_052=20260205,111.0,111.0,108.5,109.5,1298274.0,111.0,112.1259,112.125,112.775,116.0917,-2.2321,-3.0973,-2.6667,1.3772,-2.3419,-2.3411,-8.3682

PRICE_WINDOW_180_ROW_053=20260206,108.0,108.0,105.5,108.0,1091856.0,110.3,111.7821,111.9,112.6417,115.9667,-1.3699,-3.139,-4.0,1.13,-3.3834,-3.4853,-9.6234

PRICE_WINDOW_180_ROW_054=20260209,111.0,112.0,110.0,110.0,1017713.0,110.1,111.6336,111.875,112.5417,115.8667,1.8519,-0.9009,-0.4525,1.0883,-1.4633,-1.676,-7.9498

PRICE_WINDOW_180_ROW_055=20260210,111.0,112.5,110.0,111.5,795967.0,110.2,111.6224,111.925,112.4833,115.775,1.3636,0.4505,0.905,0.8573,-0.1097,-0.3797,-6.6946

PRICE_WINDOW_180_ROW_056=20260211,113.5,117.0,112.5,114.0,2628346.0,110.6,111.8206,111.975,112.5417,115.7208,2.2422,1.7857,0.885,2.6508,1.949,1.8084,-4.6025

PRICE_WINDOW_180_ROW_057=20260223,114.0,115.5,112.5,114.0,1638146.0,111.5,112.0022,112.075,112.6417,115.6708,0.0,4.1096,1.7857,1.5795,1.7837,1.7176,-4.6025

PRICE_WINDOW_180_ROW_058=20260224,114.5,115.0,112.5,114.5,1476645.0,112.8,112.2103,112.2,112.7583,115.6458,0.4386,6.0185,2.2321,1.3573,2.0405,2.0499,-4.1841

PRICE_WINDOW_180_ROW_059=20260225,114.5,114.5,112.5,112.5,841319.0,113.3,112.2345,112.225,112.7417,115.5958,-1.7467,2.2727,0.4464,0.776,0.2366,0.245,-5.8577

PRICE_WINDOW_180_ROW_060=20260226,114.0,122.5,114.0,121.5,5183338.0,115.3,113.0066,112.675,112.9,115.625,8.0,8.9686,8.0,3.985,7.5158,7.8323,-0.8163

PRICE_WINDOW_180_ROW_061=20260302,118.0,124.0,117.0,119.5,2772948.0,116.4,113.5477,113.1,113.025,115.5917,-1.6461,4.8246,7.6577,1.9799,5.2421,5.6587,-3.629

PRICE_WINDOW_180_ROW_062=20260303,120.0,123.0,118.5,119.0,1699876.0,117.4,114.0021,113.475,113.1,115.55,-0.4184,4.386,6.7265,1.1657,4.3841,4.8689,-4.0323

PRICE_WINDOW_180_ROW_063=20260304,118.0,120.0,115.5,118.0,2134020.0,118.1,114.3352,113.775,113.1417,115.4917,-0.8403,3.0568,5.3571,1.3967,3.2053,3.7135,-4.8387

PRICE_WINDOW_180_ROW_064=20260305,122.0,124.0,118.0,118.5,1784391.0,119.3,114.6823,113.975,113.1917,115.425,0.4237,5.3333,3.4934,1.1716,3.3289,3.9702,-4.4355

PRICE_WINDOW_180_ROW_065=20260306,117.0,121.0,117.0,120.5,1381138.0,119.1,115.1671,114.225,113.2417,115.4,1.6878,-0.823,4.329,0.9047,4.6306,5.4935,-2.8226

PRICE_WINDOW_180_ROW_066=20260309,116.0,117.0,114.0,116.5,1428340.0,118.5,115.2782,114.3,113.2167,115.3583,-3.3195,-2.5105,1.3043,0.9337,1.0599,1.9248,-6.0484

PRICE_WINDOW_180_ROW_067=20260310,117.5,118.0,112.0,112.0,2992885.0,117.1,115.005,114.25,113.1167,115.3,-3.8627,-5.8824,-0.885,1.8222,-2.6129,-1.9694,-9.6774

PRICE_WINDOW_180_ROW_068=20260311,112.0,115.5,112.0,115.0,1054868.0,116.5,115.0046,114.425,113.075,115.2625,2.6786,-2.5424,3.139,0.6372,-0.004,0.5025,-7.2581

PRICE_WINDOW_180_ROW_069=20260312,115.0,116.5,115.0,115.5,1021249.0,115.9,115.0459,114.65,113.0417,115.2125,0.4348,-2.5316,4.0541,0.6093,0.3947,0.7414,-6.8548

PRICE_WINDOW_180_ROW_070=20260313,113.5,116.0,113.5,115.0,648775.0,114.8,115.042,114.85,113.0167,115.1458,-0.4329,-4.5643,3.6036,0.3873,-0.0366,0.1306,-7.2581

PRICE_WINDOW_180_ROW_071=20260316,115.0,116.0,114.5,115.0,775301.0,114.5,115.0385,115.0,112.9833,115.0667,0.0,-1.2876,2.6786,0.4606,-0.0335,0.0,-7.2581

PRICE_WINDOW_180_ROW_072=20260317,115.5,118.0,115.5,117.0,1177927.0,115.5,115.202,115.375,113.05,114.9792,1.7391,4.4643,6.8493,0.7023,1.5607,1.4085,-5.6452

PRICE_WINDOW_180_ROW_073=20260318,118.0,118.0,114.5,118.0,2745273.0,116.1,115.4352,115.875,113.1417,114.9042,0.8547,2.6087,9.2593,1.5599,2.2219,1.8339,-4.8387

PRICE_WINDOW_180_ROW_074=20260319,111.5,112.5,107.5,111.5,3256626.0,115.3,115.1072,115.95,113.1583,114.8042,-5.5085,-3.4632,1.3636,1.7398,-3.1338,-3.8379,-10.0806

PRICE_WINDOW_180_ROW_075=20260320,110.0,111.0,107.0,107.0,1802376.0,113.7,114.4316,115.725,113.1,114.6583,-4.0359,-6.9565,-4.0359,0.9377,-6.4944,-7.5394,-13.7097

PRICE_WINDOW_180_ROW_076=20260323,105.0,105.5,102.5,103.0,860577.0,111.3,113.479,115.175,112.975,114.4917,-3.7383,-10.4348,-9.6491,0.4693,-9.2343,-10.5709,-16.9355

PRICE_WINDOW_180_ROW_077=20260324,104.5,104.5,99.7,100.0,1125480.0,107.9,112.3557,114.475,112.825,114.3042,-2.9126,-14.5299,-12.2807,0.6224,-10.997,-12.6447,-19.3548

PRICE_WINDOW_180_ROW_078=20260325,102.0,102.0,98.5,98.7,1866992.0,104.04,111.2178,113.685,112.6283,114.085,-1.3,-16.3559,-13.7991,1.0215,-11.2552,-13.1812,-20.4032

PRICE_WINDOW_180_ROW_079=20260326,99.2,99.8,94.6,95.5,1954934.0,100.84,109.908,112.835,112.395,113.8433,-3.2421,-14.3498,-15.1111,1.038,-13.1091,-15.3631,-22.9839

PRICE_WINDOW_180_ROW_080=20260327,94.8,95.0,93.1,94.8,1457996.0,98.4,108.649,111.5,112.125,113.5917,-0.733,-11.4019,-21.9753,0.8591,-12.7465,-14.9776,-23.5484

PRICE_WINDOW_180_ROW_081=20260330,94.0,96.1,92.7,95.2,1709087.0,96.84,107.5282,110.285,111.8283,113.3433,0.4219,-7.5728,-20.3347,1.0397,-11.4651,-13.6782,-23.2258

PRICE_WINDOW_180_ROW_082=20260331,95.0,95.3,93.1,93.5,1269519.0,95.54,106.3592,109.01,111.5117,113.0933,-1.7857,-6.5,-21.4286,0.7825,-12.0903,-14.2281,-24.5968

PRICE_WINDOW_180_ROW_083=20260401,94.7,96.5,94.3,95.9,2008755.0,94.98,105.4876,107.905,111.2517,112.8633,2.5668,-2.8369,-18.7288,1.2429,-9.0888,-11.1255,-22.6613

PRICE_WINDOW_180_ROW_084=20260402,97.0,97.5,93.7,93.9,1719396.0,94.66,104.522,106.675,110.975,112.6417,-2.0855,-1.6754,-20.7595,1.066,-10.1624,-11.9756,-24.2742

PRICE_WINDOW_180_ROW_085=20260407,95.3,95.3,92.1,93.0,2209032.0,94.3,103.5618,105.3,110.6167,112.3875,-0.9585,-1.8987,-22.8216,1.3354,-10.1985,-11.6809,-25.0

PRICE_WINDOW_180_ROW_086=20260408,95.0,99.8,95.0,99.0,2479028.0,95.06,103.1816,104.425,110.3917,112.175,6.4516,3.9916,-15.0215,1.4524,-4.0527,-5.1951,-20.1613

PRICE_WINDOW_180_ROW_087=20260409,99.2,99.2,96.3,97.6,1417328.0,95.88,102.7165,103.705,110.135,111.9508,-1.4141,4.385,-12.8571,0.8706,-4.9812,-5.8869,-21.2903

PRICE_WINDOW_180_ROW_088=20260410,98.8,98.9,97.3,98.1,779194.0,96.32,102.3318,102.86,109.8617,111.7558,0.5123,2.2941,-14.6957,0.4827,-4.1354,-4.6276,-20.8871

PRICE_WINDOW_180_ROW_089=20260413,97.4,97.4,96.0,96.8,892680.0,96.9,101.8708,101.925,109.6083,111.5542,-1.3252,3.0884,-16.1905,0.5552,-4.9777,-5.0282,-21.9355

PRICE_WINDOW_180_ROW_090=20260414,97.4,98.7,97.3,98.3,866381.0,97.96,101.5732,101.09,109.3967,111.3775,1.5496,5.6989,-14.5217,0.5352,-3.2226,-2.7599,-20.7258

PRICE_WINDOW_180_ROW_091=20260415,98.5,99.0,96.8,97.1,1333996.0,97.58,101.2005,100.195,109.1567,111.2033,-1.2208,-1.9192,-15.5652,0.8101,-4.0518,-3.089,-21.6935

PRICE_WINDOW_180_ROW_092=20260416,97.9,98.1,97.0,97.5,772938.0,97.56,100.8921,99.22,108.9067,111.0658,0.4119,-0.1025,-16.6667,0.4753,-3.3621,-1.7335,-21.371

PRICE_WINDOW_180_ROW_093=20260417,97.7,97.9,96.8,97.3,986587.0,97.4,100.5928,98.185,108.6533,110.9433,-0.2051,-0.8155,-17.5424,0.6413,-3.2734,-0.9014,-21.5323

PRICE_WINDOW_180_ROW_094=20260420,97.3,97.8,95.1,96.0,1201397.0,97.24,100.21,97.41,108.4117,110.7975,-1.3361,-0.8264,-13.9013,0.8368,-4.2012,-1.4475,-22.5806

PRICE_WINDOW_180_ROW_095=20260421,96.5,96.9,95.5,96.6,730108.0,96.9,99.9092,96.89,108.18,110.665,0.625,-1.7294,-9.7196,0.5283,-3.3122,-0.2993,-22.0968

PRICE_WINDOW_180_ROW_096=20260422,96.9,98.5,96.8,97.9,1353256.0,97.06,99.7418,96.635,107.9283,110.5517,1.3458,0.8239,-4.9515,0.962,-1.8465,1.309,-21.0484

PRICE_WINDOW_180_ROW_097=20260423,98.6,99.6,94.6,96.9,2596132.0,96.94,99.505,96.48,107.6767,110.4258,-1.0215,-0.6154,-3.1,1.7539,-2.6179,0.4353,-21.8548

PRICE_WINDOW_180_ROW_098=20260424,96.7,97.4,94.6,95.5,1220143.0,96.58,99.1712,96.32,107.4017,110.28,-1.4448,-1.8499,-3.2421,0.8427,-3.7019,-0.8513,-22.9839

PRICE_WINDOW_180_ROW_099=20260427,95.7,96.0,93.4,93.7,1331271.0,96.12,98.7153,96.23,107.0967,110.1192,-1.8848,-2.3958,-1.8848,0.9397,-5.0805,-2.6291,-24.4355

PRICE_WINDOW_180_ROW_100=20260428,93.7,95.7,92.9,95.6,1107139.0,95.92,98.4557,96.27,106.815,109.97,2.0277,-1.0352,0.8439,0.7913,-2.9005,-0.696,-22.9032

PRICE_WINDOW_180_ROW_101=20260429,95.6,95.7,94.4,95.3,532606.0,95.4,98.1927,96.275,106.5533,109.81,-0.3138,-2.6558,0.105,0.3974,-2.9459,-1.0127,-23.1452

PRICE_WINDOW_180_ROW_102=20260430,96.6,103.0,96.6,102.0,4599211.0,96.42,98.51,96.7,106.395,109.7267,7.0304,5.2632,9.0909,3.0522,3.5428,5.4809,-17.7419

PRICE_WINDOW_180_ROW_103=20260504,105.0,105.5,101.0,101.5,3061787.0,97.62,98.7591,96.98,106.22,109.635,-0.4902,6.2827,5.8394,1.9633,2.7753,4.6608,-18.1452

PRICE_WINDOW_180_ROW_104=20260505,102.0,104.5,101.0,102.0,1960233.0,99.28,99.0292,97.385,106.0117,109.56,0.4926,8.8581,8.6262,1.2473,2.9999,4.7389,-17.7419

PRICE_WINDOW_180_ROW_105=20260506,103.0,103.0,99.7,101.5,1406339.0,100.46,99.2351,97.81,105.7783,109.4517,-0.4902,6.1715,9.1398,0.9183,2.2823,3.7726,-18.1452

PRICE_WINDOW_180_ROW_106=20260507,101.5,102.0,99.6,100.0,1520889.0,101.4,99.2988,97.86,105.5283,109.3142,-1.4778,4.9318,1.0101,1.0252,0.7061,2.1868,-19.3548

PRICE_WINDOW_180_ROW_107=20260508,100.0,102.0,98.0,98.3,1506354.0,100.66,99.2156,97.895,105.2833,109.1792,-1.7,-3.6275,0.7172,1.0124,-0.9229,0.4137,-20.7258

PRICE_WINDOW_180_ROW_108=20260511,99.0,99.8,98.1,99.1,847084.0,100.18,99.206,97.945,105.0767,109.0592,0.8138,-2.3645,1.0194,0.568,-0.1068,1.1792,-20.0806

PRICE_WINDOW_180_ROW_109=20260512,99.2,99.7,97.4,99.0,983840.0,99.58,99.1888,98.055,104.8767,108.9342,-0.1009,-2.9412,2.2727,0.6577,-0.1904,0.9637,-20.1613

PRICE_WINDOW_180_ROW_110=20260513,98.5,98.5,96.3,97.1,1036943.0,98.7,99.0147,97.995,104.645,108.7808,-1.9192,-4.335,-1.2208,0.6893,-1.9338,-0.9133,-21.6935

PRICE_WINDOW_180_ROW_111=20260514,98.0,99.5,97.1,97.2,1256301.0,98.14,98.8635,98.0,104.3983,108.6367,0.103,-2.8,0.103,0.8372,-1.6826,-0.8163,-21.6129

PRICE_WINDOW_180_ROW_112=20260515,98.1,98.9,95.5,95.9,1203047.0,97.66,98.6166,97.92,104.1717,108.4733,-1.3374,-2.4415,-1.641,0.7904,-2.7547,-2.0629,-22.6613

PRICE_WINDOW_180_ROW_113=20260518,95.3,96.3,94.6,95.3,707193.0,96.9,98.3402,97.82,103.96,108.3008,-0.6257,-3.8345,-2.0555,0.4689,-3.0915,-2.5762,-23.1452

PRICE_WINDOW_180_ROW_114=20260519,95.3,97.7,95.1,96.0,832830.0,96.3,98.1452,97.82,103.7267,108.1342,0.7345,-3.0303,0.0,0.5591,-2.1857,-1.8606,-22.5806

PRICE_WINDOW_180_ROW_115=20260520,95.4,95.9,94.4,94.5,944961.0,95.78,97.8414,97.715,103.4433,107.9633,-1.5625,-2.6777,-2.1739,0.6298,-3.4151,-3.2902,-23.7903

PRICE_WINDOW_180_ROW_116=20260521,95.1,96.9,94.8,96.1,911119.0,95.56,97.6963,97.625,103.145,107.8433,1.6931,-1.1317,-1.8386,0.6163,-1.6339,-1.5621,-22.5

PRICE_WINDOW_180_ROW_117=20260522,96.2,97.3,95.8,97.0,973192.0,95.78,97.6383,97.63,102.8617,107.7517,0.9365,1.147,0.1032,0.6966,-0.6537,-0.6453,-21.7742

PRICE_WINDOW_180_ROW_118=20260525,97.6,98.0,96.7,97.0,1110785.0,96.12,97.5851,97.705,102.57,107.6642,0.0,1.7838,1.5707,0.7982,-0.5995,-0.7216,-21.7742

PRICE_WINDOW_180_ROW_119=20260526,97.0,97.4,96.2,96.6,729522.0,96.24,97.503,97.85,102.305,107.5233,-0.4124,0.625,3.095,0.5358,-0.9261,-1.2775,-22.0968

PRICE_WINDOW_180_ROW_120=20260527,97.0,97.0,95.3,95.3,1124561.0,96.4,97.3194,97.835,101.8683,107.3842,-1.3458,0.8466,-0.3138,0.8254,-2.075,-2.5911,-23.1452

PRICE_WINDOW_180_ROW_121=20260528,95.3,96.2,94.1,94.4,987701.0,96.06,97.0761,97.79,101.45,107.2375,-0.9444,-1.769,-0.9444,0.713,-2.7567,-3.4666,-23.871

PRICE_WINDOW_180_ROW_122=20260529,94.7,96.5,94.7,96.2,760093.0,95.9,97.0031,97.5,101.07,107.085,1.9068,-0.8247,-5.6863,0.637,-0.8279,-1.3333,-22.4194

PRICE_WINDOW_180_ROW_123=20260601,96.9,105.5,96.9,105.5,5786020.0,97.6,97.7112,97.7,100.8617,107.0017,9.6674,8.7629,3.9409,4.3522,7.9713,7.9836,-14.9194

PRICE_WINDOW_180_ROW_124=20260602,115.5,116.0,110.0,114.5,12734872.0,101.18,99.1102,98.325,100.795,106.9933,8.5308,18.53,12.2549,6.8167,15.5279,16.4505,-5.3719

PRICE_WINDOW_180_ROW_125=20260603,115.5,115.5,110.0,112.5,4352151.0,104.62,100.2261,98.875,100.6617,106.9517,-1.7467,18.0483,10.8374,2.1594,12.2463,13.78,-4.661

PRICE_WINDOW_180_ROW_126=20260604,110.5,112.0,108.0,110.0,2441375.0,107.74,101.0406,99.375,100.5533,106.885,-2.2222,16.5254,10.0,1.1843,8.8672,10.6918,-6.7797

PRICE_WINDOW_180_ROW_127=20260605,110.0,112.0,106.5,107.5,1902836.0,110.0,101.5788,99.835,100.4783,106.7975,-2.2727,11.7464,9.3591,0.9142,5.8291,7.6777,-8.8983

PRICE_WINDOW_180_ROW_128=20260608,98.0,104.5,98.0,103.5,3727105.0,109.6,101.7389,100.055,100.2867,106.6808,-3.7209,-1.8957,4.44,1.6749,1.731,3.4431,-12.2881

PRICE_WINDOW_180_ROW_129=20260609,105.0,106.5,103.5,105.5,1910743.0,107.8,102.0524,100.38,100.12,106.5808,1.9324,-7.8603,6.5657,0.8411,3.3783,5.1006,-10.5932

PRICE_WINDOW_180_ROW_130=20260610,105.5,107.5,104.5,105.0,2074683.0,106.3,102.298,100.775,99.9533,106.485,-0.4739,-6.6667,8.1359,0.8929,2.6413,4.1925,-11.0169

PRICE_WINDOW_180_ROW_131=20260611,106.5,106.5,103.0,105.0,1657492.0,105.3,102.5232,101.165,99.7867,106.385,0.0,-4.5455,8.0247,0.7072,2.4159,3.7908,-11.0169

PRICE_WINDOW_180_ROW_132=20260612,106.5,107.0,103.0,103.5,1566563.0,104.5,102.6046,101.545,99.5617,106.3058,-1.4286,-3.7209,7.9249,0.6633,0.8727,1.9253,-12.2881

PRICE_WINDOW_180_ROW_133=20260615,106.0,106.5,104.5,104.5,1091655.0,104.7,102.7625,102.005,99.3367,106.2392,0.9662,0.9662,9.6537,0.4585,1.6908,2.446,-9.9138

PRICE_WINDOW_180_ROW_134=20260616,104.5,105.0,101.0,102.0,1585621.0,104.0,102.699,102.305,99.1783,106.1683,-2.3923,-3.3175,6.25,0.6556,-0.6806,-0.2981,-12.069

PRICE_WINDOW_180_ROW_135=20260617,101.5,102.5,101.0,102.0,781197.0,103.4,102.6407,102.68,99.095,106.0975,0.0,-2.8571,7.9365,0.3241,-0.6242,-0.6623,-12.069

PRICE_WINDOW_180_ROW_136=20260618,102.0,103.0,101.0,101.5,832469.0,102.7,102.5457,102.95,99.07,106.0225,-0.4902,-3.3333,5.6191,0.3459,-1.0197,-1.4085,-12.5

PRICE_WINDOW_180_ROW_137=20260622,102.0,103.0,101.0,101.5,999817.0,102.3,102.4585,103.175,99.095,105.96,0.0,-1.9324,4.6392,0.4152,-0.9355,-1.6235,-12.5

PRICE_WINDOW_180_ROW_138=20260623,101.5,101.5,99.5,99.9,1100887.0,101.38,102.2453,103.32,99.115,105.8717,-1.5764,-4.4019,2.9897,0.4573,-2.2938,-3.3101,-13.8793

PRICE_WINDOW_180_ROW_139=20260624,98.0,99.9,98.0,99.3,1122349.0,100.84,101.9999,103.455,99.1783,105.7867,-0.6006,-2.6471,2.795,0.4624,-2.6469,-4.0162,-14.3966

PRICE_WINDOW_180_ROW_140=20260625,99.8,100.5,97.7,97.7,1215387.0,99.98,101.6416,103.575,99.2267,105.6758,-1.6113,-4.2157,2.5184,0.4998,-3.8779,-5.6722,-15.7759

PRICE_WINDOW_180_ROW_141=20260626,97.5,97.7,95.6,95.8,1357168.0,98.84,101.1548,103.645,99.2367,105.5325,-1.9447,-5.6158,1.4831,0.5539,-5.2936,-7.5691,-17.4138

PRICE_WINDOW_180_ROW_142=20260629,96.7,97.8,96.5,97.4,509345.0,98.02,100.8419,103.705,99.3017,105.4067,1.6701,-4.0394,1.2474,0.209,-3.4131,-6.0797,-16.0345

PRICE_WINDOW_180_ROW_143=20260630,97.7,100.5,97.6,100.0,873026.0,98.04,100.7717,103.43,99.37,105.3108,2.6694,0.1001,-5.2133,0.3983,-0.7658,-3.3163,-13.7931

PRICE_WINDOW_180_ROW_144=20260701,101.0,101.0,98.7,99.2,911089.0,98.02,100.6407,102.665,99.4583,105.2167,-0.8,-0.1007,-13.3624,0.5692,-1.4316,-3.3751,-14.4828

PRICE_WINDOW_180_ROW_145=20260702,100.0,103.0,100.0,102.0,2095288.0,98.88,100.754,102.14,99.6083,105.1125,2.8226,4.4012,-9.3333,1.4083,1.2367,-0.1371,-12.069

PRICE_WINDOW_180_ROW_146=20260703,102.0,104.5,101.5,102.5,1663635.0,100.22,100.8995,101.765,99.6667,105.0292,0.4902,6.9937,-6.8182,1.1482,1.5862,0.7223,-11.6379

PRICE_WINDOW_180_ROW_147=20260706,104.5,107.0,103.5,103.5,1993456.0,101.44,101.1162,101.565,99.765,104.95,0.9756,6.2628,-3.7209,1.3715,2.3575,1.9052,-10.7759

PRICE_WINDOW_180_ROW_148=20260707,104.0,104.5,102.0,103.0,1039550.0,102.04,101.2732,101.54,99.8467,104.8542,-0.4831,3.0,-0.4831,0.7881,1.7051,1.4379,-11.2069

PRICE_WINDOW_180_ROW_149=20260708,104.0,104.0,101.0,103.5,974617.0,102.9,101.4588,101.44,99.9583,104.7833,0.4854,4.3347,-1.8957,0.766,2.0119,2.0308,-10.7759

PRICE_WINDOW_180_ROW_150=20260709,103.5,104.5,102.5,103.0,961636.0,103.1,101.5872,101.34,100.0367,104.7167,-0.4831,0.9804,-1.9048,0.7904,1.3907,1.6381,-11.2069

PRICE_WINDOW_180_ROW_151=20260713,104.0,104.0,102.0,102.0,835191.0,103.0,101.6216,101.19,100.1183,104.6375,-0.9709,-0.4878,-2.8571,0.7105,0.3724,0.8005,-12.069

PRICE_WINDOW_180_ROW_152=20260714,102.0,103.0,98.9,101.5,1462401.0,102.6,101.6115,101.09,100.185,104.5458,-0.4902,-1.9324,-1.9324,1.2496,-0.1097,0.4056,-12.5

PRICE_WINDOW_180_ROW_153=20260715,102.5,104.0,101.5,103.0,705880.0,102.6,101.7272,101.015,100.28,104.4667,1.4778,0.0,-1.4354,0.6133,1.2512,1.9651,-11.2069

PRICE_WINDOW_180_ROW_154=20260716,103.0,105.5,103.0,104.5,1175215.0,102.8,101.9582,101.14,100.4217,104.4167,1.4563,0.9662,2.451,1.0396,2.4929,3.3221,-9.9138

PRICE_WINDOW_180_ROW_155=20260717,103.5,106.5,101.5,102.5,1883005.0,102.7,102.0034,101.165,100.52,104.35,-1.9139,-0.4854,0.4902,1.5883,0.4869,1.3196,-11.6379

PRICE_WINDOW_180_ROW_156=20260720,103.5,105.5,101.5,103.5,1515709.0,103.0,102.1281,101.265,100.6133,104.2708,0.9756,1.4706,1.9704,1.2427,1.3433,2.2071,-10.7759

PRICE_WINDOW_180_ROW_157=20260721,105.0,107.0,104.0,107.0,1458021.0,104.1,102.5341,101.54,100.7817,104.2292,3.3816,5.4187,5.4187,1.1733,4.3555,5.3772,-7.7586

PRICE_WINDOW_180_ROW_158=20260722,108.0,108.0,104.0,104.0,1112921.0,104.3,102.6563,101.745,100.9233,104.1625,-2.8037,0.9709,4.1041,0.8952,1.309,2.2163,-10.3448

PRICE_WINDOW_180_ROW_159=20260723,104.0,105.0,102.5,104.0,645088.0,104.2,102.7682,101.98,101.095,104.0958,0.0,-0.4785,4.7331,0.529,1.1986,1.9808,-10.3448

PRICE_WINDOW_180_ROW_160=20260724,103.0,106.0,103.0,104.0,624576.0,104.5,102.8709,102.295,101.235,104.025,0.0,1.4634,6.4483,0.5249,1.0976,1.6667,-10.3448

PRICE_WINDOW_180_ROW_161=20260727,104.5,104.5,103.0,104.0,518256.0,104.6,102.965,102.705,101.38,103.9667,0.0,0.4831,8.5595,0.4515,1.0052,1.2609,-10.3448

PRICE_WINDOW_180_ROW_162=20260728,103.0,103.5,101.0,101.5,767806.0,103.5,102.8429,102.91,101.3717,103.8833,-2.4038,-5.1402,4.2094,0.6614,-1.3058,-1.3701,-12.5

PRICE_WINDOW_180_ROW_163=20260729,102.0,102.5,97.7,99.3,1534722.0,102.56,102.5477,102.875,101.335,103.7775,-2.1675,-4.5192,-0.7,1.2855,-3.167,-3.4751,-14.3966

PRICE_WINDOW_180_ROW_164=20260730,99.3,103.0,99.1,101.5,1068134.0,102.06,102.4603,102.99,101.3267,103.6692,2.2155,-2.4038,2.3185,0.8888,-0.9373,-1.4467,-12.5

PRICE_WINDOW_180_ROW_165=20260731,104.0,110.0,104.0,109.5,4208455.0,103.16,103.047,103.365,101.46,103.6192,7.8818,5.2885,7.3529,3.2189,6.2622,5.9353,-5.6034

PRICE_WINDOW_180_ROW_166=20260803,107.5,107.5,103.5,104.0,2010687.0,103.16,103.1264,103.44,101.5267,103.5275,-5.0228,0.0,1.4634,1.5178,0.8471,0.5414,-10.3448

PRICE_WINDOW_180_ROW_167=20260804,104.0,106.5,103.5,106.5,1092521.0,104.16,103.4075,103.59,101.6633,103.4733,2.4038,4.9261,2.8986,0.8537,2.9906,2.8092,-8.1897

PRICE_WINDOW_180_ROW_168=20260805,108.0,109.5,105.5,107.0,1353614.0,105.7,103.7069,103.79,101.795,103.4358,0.4695,7.7543,3.8835,1.0449,3.1754,3.0928,-7.7586

PRICE_WINDOW_180_ROW_169=20260806,111.0,114.0,108.5,110.0,3218335.0,107.4,104.2313,104.115,101.9783,103.4275,2.8037,8.3744,6.2802,2.2864,5.5345,5.6524,-5.1724

PRICE_WINDOW_180_ROW_170=20260807,112.0,113.5,109.0,109.5,1676858.0,107.4,104.6704,104.44,102.185,103.415,-0.4545,0.0,6.3107,1.1618,4.6141,4.8449,-5.6034

PRICE_WINDOW_180_ROW_171=20260810,112.0,112.5,108.5,109.0,1175558.0,108.4,105.0312,104.79,102.3817,103.39,-0.4566,4.8077,6.8627,0.805,3.7787,4.0176,-6.0345

PRICE_WINDOW_180_ROW_172=20260811,109.5,109.5,107.5,108.0,971876.0,108.7,105.2786,105.115,102.5833,103.3775,-0.9174,1.4085,6.4039,0.6769,2.585,2.7446,-6.8966

PRICE_WINDOW_180_ROW_173=20260812,108.5,109.5,107.5,108.5,766885.0,109.0,105.547,105.39,102.8033,103.3817,0.463,1.4019,5.3398,0.533,2.7978,2.9509,-6.4655

PRICE_WINDOW_180_ROW_174=20260813,111.0,113.0,111.0,111.5,2210670.0,109.3,106.0431,105.74,103.0617,103.3942,2.765,1.3636,6.6986,1.483,5.1459,5.4473,-3.8793

PRICE_WINDOW_180_ROW_175=20260814,112.5,114.0,111.0,111.5,1973421.0,109.7,106.4979,106.19,103.345,103.3942,0.0,1.8265,8.7805,1.3198,4.6969,5.0005,-3.8793

PRICE_WINDOW_180_ROW_176=20260817,111.5,111.5,108.5,109.5,770588.0,109.8,106.748,106.49,103.5683,103.3567,-1.7937,0.4587,5.7971,0.5285,2.578,2.8266,-5.6034

PRICE_WINDOW_180_ROW_177=20260818,109.5,109.5,107.5,107.5,677973.0,109.7,106.8107,106.515,103.7433,103.3025,-1.8265,-0.463,0.4673,0.4778,0.6453,0.9248,-7.3276

PRICE_WINDOW_180_ROW_178=20260819,105.5,111.0,105.5,110.0,959780.0,110.0,107.0765,106.815,103.96,103.265,2.3256,1.3825,5.7692,0.6801,2.7303,2.9818,-5.1724

PRICE_WINDOW_180_ROW_179=20260820,110.0,112.0,110.0,111.5,570591.0,110.0,107.4451,107.19,104.2083,103.2567,1.3636,0.0,7.2115,0.4054,3.7739,4.0209,-3.8793

PRICE_WINDOW_180_ROW_180=20260821,111.0,112.0,110.0,111.0,416331.0,109.9,107.7413,107.54,104.47,103.1692,-0.4484,-0.4484,6.7308,0.298,3.0245,3.2174,-4.3103
