# PRICE_WINDOW_164

columns=date,open,high,low,close,volume,ma5,ema23,ma20,ma60,ma120,return_1d,return_5d,return_20d,volume_ratio,distance_to_ema23_pct,distance_to_ma20_pct,distance_to_high_60_pct

PRICE_WINDOW_180_ROW_001=20250407,26.9,28.0,26.9,27.75,245334.0,,,,,,,,,,,,

PRICE_WINDOW_180_ROW_002=20251103,31.65,31.65,31.1,31.65,94000.0,,,,,,14.0541,,,,,,

PRICE_WINDOW_180_ROW_003=20251104,32.1,34.5,31.8,33.3,648000.0,,,,,,5.2133,,,,,,

PRICE_WINDOW_180_ROW_004=20251105,33.6,33.8,32.6,33.4,229000.0,,,,,,0.3003,,,,,,

PRICE_WINDOW_180_ROW_005=20251106,33.8,33.95,32.9,33.8,161000.0,31.98,29.3247,31.98,31.98,31.98,1.1976,,,0.5845,15.2611,5.6911,-2.029

PRICE_WINDOW_180_ROW_006=20251107,33.85,33.95,33.2,33.5,119000.0,33.13,29.6727,32.2333,32.2333,32.2333,-0.8876,20.7207,,0.4772,12.8985,3.9297,-2.8986

PRICE_WINDOW_180_ROW_007=20251110,33.25,33.25,32.5,32.65,135000.0,33.33,29.9208,32.2929,32.2929,32.2929,-2.5373,3.1596,,0.5793,9.1215,1.106,-5.3623

PRICE_WINDOW_180_ROW_008=20251111,32.85,33.95,32.85,33.0,79000.0,33.27,30.1774,32.3812,32.3812,32.3812,1.072,-0.9009,,0.3695,9.3534,1.9108,-4.3478

PRICE_WINDOW_180_ROW_009=20251112,33.05,33.8,32.65,33.6,147000.0,33.31,30.4626,32.5167,32.5167,32.5167,1.8182,0.5988,,0.7123,10.2992,3.3316,-2.6087

PRICE_WINDOW_180_ROW_010=20251113,33.4,33.9,33.2,33.8,133000.0,33.31,30.7407,32.645,32.645,32.645,0.5952,0.0,,0.6682,9.9519,3.5381,-2.029

PRICE_WINDOW_180_ROW_011=20251114,33.4,33.9,33.4,33.85,87000.0,33.38,30.9998,32.7545,32.7545,32.7545,0.1479,1.0448,,0.4607,9.1942,3.3444,-1.8841

PRICE_WINDOW_180_ROW_012=20251117,33.55,33.85,32.9,33.0,114000.0,33.45,31.1665,32.775,32.775,32.775,-2.5111,1.072,,0.6243,5.8829,0.6865,-4.3478

PRICE_WINDOW_180_ROW_013=20251118,32.75,33.4,32.35,32.7,97000.0,33.39,31.2943,32.7692,32.7692,32.7692,-0.9091,-0.9091,,0.5511,4.4919,-0.2113,-5.2174

PRICE_WINDOW_180_ROW_014=20251119,32.7,32.7,32.1,32.15,67000.0,33.1,31.3656,32.725,32.725,32.725,-1.682,-4.3155,,0.3982,2.5008,-1.7571,-6.8116

PRICE_WINDOW_180_ROW_015=20251120,32.65,33.05,32.0,32.05,57000.0,32.75,31.4226,32.68,32.68,32.68,-0.311,-5.1775,,0.3544,1.9965,-1.9278,-7.1014

PRICE_WINDOW_180_ROW_016=20251121,32.05,32.1,31.55,32.0,73000.0,32.38,31.4707,32.6375,32.6375,32.6375,-0.156,-5.4653,,0.47,1.6817,-1.9533,-7.2464

PRICE_WINDOW_180_ROW_017=20251124,32.0,32.3,31.9,32.2,62000.0,32.22,31.5315,32.6118,32.6118,32.6118,0.625,-2.4242,,0.4138,2.12,-1.2626,-6.6667

PRICE_WINDOW_180_ROW_018=20251125,32.7,33.0,32.5,32.75,74000.0,32.23,31.6331,32.6194,32.6194,32.6194,1.7081,0.1529,,0.5081,3.5309,0.4002,-5.0725

PRICE_WINDOW_180_ROW_019=20251126,32.75,32.95,32.5,32.9,38000.0,32.38,31.7386,32.6342,32.6342,32.6342,0.458,2.3328,,0.2715,3.6591,0.8145,-4.6377

PRICE_WINDOW_180_ROW_020=20251127,32.9,33.75,32.8,33.2,93000.0,32.61,31.8604,32.6625,32.6625,32.6625,0.9119,3.5881,,0.6758,4.2045,1.6456,-3.7681

PRICE_WINDOW_180_ROW_021=20251128,33.3,33.75,33.25,33.45,25000.0,32.9,31.9929,32.9475,32.7,32.7,0.753,4.5313,20.5405,0.1975,4.5545,1.5252,-3.0435

PRICE_WINDOW_180_ROW_022=20251201,33.4,33.7,33.4,33.65,61000.0,33.19,32.131,33.0475,32.7432,32.7432,0.5979,4.5031,6.3191,0.4882,4.7276,1.8231,-2.4638

PRICE_WINDOW_180_ROW_023=20251202,33.9,34.8,33.8,34.4,228000.0,33.52,32.3201,33.1025,32.8152,32.8152,2.2288,5.0382,3.3033,2.1934,6.4354,3.9196,-1.1494

PRICE_WINDOW_180_ROW_024=20251203,35.1,35.1,34.15,34.15,96000.0,33.77,32.4726,33.14,32.8708,32.8708,-0.7267,3.7994,2.2455,0.9866,5.1657,3.0477,-2.7066

PRICE_WINDOW_180_ROW_025=20251204,34.1,34.1,33.85,34.05,68000.0,33.94,32.604,33.1525,32.918,32.918,-0.2928,2.5602,0.7396,0.7339,4.435,2.7072,-2.9915

PRICE_WINDOW_180_ROW_026=20251205,34.2,34.4,33.65,33.9,50000.0,34.03,32.712,33.1725,32.9558,32.9558,-0.4405,1.3453,1.194,0.5605,3.6317,2.1931,-3.4188

PRICE_WINDOW_180_ROW_027=20251208,33.85,34.3,33.7,33.75,56000.0,34.05,32.7985,33.2275,32.9852,32.9852,-0.4425,0.2972,3.3691,0.6569,2.901,1.5725,-3.8462

PRICE_WINDOW_180_ROW_028=20251209,33.5,34.0,33.5,34.0,46000.0,33.97,32.8986,33.2775,33.0214,33.0214,0.7407,-1.1628,3.0303,0.5502,3.3478,2.1711,-3.1339

PRICE_WINDOW_180_ROW_029=20251210,33.75,35.0,33.75,34.55,163000.0,34.05,33.0362,33.325,33.0741,33.0741,1.6176,1.1713,2.8274,1.9313,4.5821,3.6759,-1.567

PRICE_WINDOW_180_ROW_030=20251211,34.35,34.9,34.3,34.3,75000.0,34.1,33.1416,33.35,33.115,33.115,-0.7236,0.7342,1.4793,0.9202,3.4954,2.8486,-2.2792

PRICE_WINDOW_180_ROW_031=20251212,34.6,34.95,34.25,34.7,82000.0,34.26,33.2714,33.3925,33.1661,33.1661,1.1662,2.3599,2.5111,1.0092,4.2937,3.9155,-1.1396

PRICE_WINDOW_180_ROW_032=20251215,34.4,34.9,34.4,34.5,47000.0,34.41,33.3738,33.4675,33.2078,33.2078,-0.5764,2.2222,4.5455,0.6033,3.3745,3.0851,-1.7094

PRICE_WINDOW_180_ROW_033=20251216,34.75,35.45,34.55,35.0,185000.0,34.61,33.5093,33.5825,33.2621,33.2621,1.4493,2.9412,7.0336,2.2479,4.4485,4.2209,-1.2694

PRICE_WINDOW_180_ROW_034=20251217,35.2,36.0,34.95,35.65,161000.0,34.83,33.6877,33.7575,33.3324,33.3324,1.8571,3.1838,10.8865,1.8506,5.8249,5.6062,-0.9722

PRICE_WINDOW_180_ROW_035=20251218,36.0,36.2,35.2,35.8,240000.0,35.13,33.8637,33.945,33.4029,33.4029,0.4208,4.3732,11.7005,2.4961,5.7178,5.4647,-1.105

PRICE_WINDOW_180_ROW_036=20251219,35.8,35.9,35.45,35.5,58000.0,35.29,34.0001,34.12,33.4611,33.4611,-0.838,2.3055,10.9375,0.608,4.4115,4.0445,-1.9337

PRICE_WINDOW_180_ROW_037=20251222,35.45,35.45,34.9,35.3,79000.0,35.45,34.1084,34.275,33.5108,33.5108,-0.5634,2.3188,9.6273,0.8208,3.4935,2.9905,-2.4862

PRICE_WINDOW_180_ROW_038=20251223,35.15,35.5,35.15,35.25,63000.0,35.5,34.2036,34.4,33.5566,33.5566,-0.1416,0.7143,7.6336,0.6583,3.0595,2.4709,-2.6243

PRICE_WINDOW_180_ROW_039=20251224,35.35,35.5,34.0,34.5,109000.0,35.27,34.2283,34.48,33.5808,33.5808,-2.1277,-3.2258,4.8632,1.0982,0.7939,0.058,-4.6961

PRICE_WINDOW_180_ROW_040=20251226,34.45,34.95,34.45,34.7,79000.0,35.05,34.2676,34.555,33.6088,33.6088,0.5797,-3.0726,4.5181,0.8016,1.2619,0.4196,-4.1436

PRICE_WINDOW_180_ROW_041=20251229,34.7,35.5,34.7,35.1,60000.0,34.97,34.3369,34.6375,33.6451,33.6451,1.1527,-1.1268,4.9327,0.5982,2.2223,1.3353,-3.0387

PRICE_WINDOW_180_ROW_042=20251230,35.3,35.3,34.6,34.7,49000.0,34.85,34.3672,34.69,33.6702,33.6702,-1.1396,-1.6997,3.1204,0.4915,0.9684,0.0288,-4.1436

PRICE_WINDOW_180_ROW_043=20251231,34.7,35.0,34.2,34.25,65000.0,34.65,34.3574,34.6825,33.6837,33.6837,-1.2968,-2.8369,-0.436,0.71,-0.3127,-1.247,-5.3867

PRICE_WINDOW_180_ROW_044=20260102,34.25,34.8,34.25,34.25,104000.0,34.6,34.3485,34.6875,33.6966,33.6966,0.0,-0.7246,0.2928,1.131,-0.2867,-1.2613,-5.3867

PRICE_WINDOW_180_ROW_045=20260105,35.1,35.1,33.5,33.65,118000.0,34.39,34.2903,34.6675,33.6956,33.6956,-1.7518,-3.0259,-1.1747,1.2493,-1.8672,-2.935,-7.0442

PRICE_WINDOW_180_ROW_046=20260106,34.2,34.2,33.8,34.1,101000.0,34.19,34.2744,34.6775,33.7043,33.7043,1.3373,-2.849,0.59,1.0412,-0.5089,-1.6653,-5.8011

PRICE_WINDOW_180_ROW_047=20260107,34.2,34.7,34.05,34.05,142000.0,34.06,34.2557,34.6925,33.7117,33.7117,-0.1466,-1.8732,0.8889,1.4018,-0.6005,-1.852,-5.9392

PRICE_WINDOW_180_ROW_048=20260108,34.25,34.75,34.25,34.55,127000.0,34.12,34.2802,34.72,33.7292,33.7292,1.4684,0.8759,1.6176,1.2055,0.7869,-0.4896,-4.558

PRICE_WINDOW_180_ROW_049=20260109,34.6,35.0,34.2,35.0,80000.0,34.27,34.3402,34.7425,33.7551,33.7551,1.3025,2.1898,1.3025,0.7905,1.9213,0.7412,-3.3149

PRICE_WINDOW_180_ROW_050=20260112,34.7,35.6,34.7,35.5,187000.0,34.64,34.4369,34.8025,33.79,33.79,1.4286,5.4978,3.4985,1.7509,3.0872,2.0042,-1.9337

PRICE_WINDOW_180_ROW_051=20260113,35.65,36.25,35.15,36.1,198000.0,35.04,34.5755,34.8725,33.8353,33.8353,1.6901,5.8651,4.0346,1.7584,4.4093,3.52,-0.4138

PRICE_WINDOW_180_ROW_052=20260114,36.3,38.2,36.1,37.1,420000.0,35.65,34.7858,35.0025,33.8981,33.8981,2.7701,8.9574,7.5362,3.2,6.6526,5.9924,-2.8796

PRICE_WINDOW_180_ROW_053=20260115,38.2,38.2,36.8,37.6,291000.0,36.26,35.0204,35.1325,33.9679,33.9679,1.3477,8.8278,7.4286,2.1311,7.3661,7.0234,-1.5707

PRICE_WINDOW_180_ROW_054=20260116,37.7,38.0,36.65,36.65,246000.0,36.59,35.1562,35.1825,34.0176,34.0176,-2.5266,4.7143,2.805,1.7472,4.2492,4.1711,-4.0576

PRICE_WINDOW_180_ROW_055=20260119,36.75,36.9,35.9,35.9,208000.0,36.67,35.2181,35.1875,34.0518,34.0518,-2.0464,1.1268,0.2793,1.4943,1.9361,2.0249,-6.0209

PRICE_WINDOW_180_ROW_056=20260120,36.3,36.4,35.8,35.85,163000.0,36.62,35.2708,35.205,34.0839,34.0839,-0.1393,-0.6925,0.9859,1.1284,1.6422,1.8321,-6.1518

PRICE_WINDOW_180_ROW_057=20260121,35.6,35.85,35.6,35.85,95000.0,36.37,35.3191,35.2325,34.1149,34.1149,0.0,-3.3693,1.5581,0.654,1.5033,1.7526,-6.1518

PRICE_WINDOW_180_ROW_058=20260122,36.3,36.55,35.85,35.85,124000.0,36.02,35.3633,35.2625,34.1448,34.1448,0.0,-4.6543,1.7021,0.8361,1.3763,1.6661,-6.1518

PRICE_WINDOW_180_ROW_059=20260123,36.0,36.4,35.9,35.95,104000.0,35.88,35.4122,35.335,34.1754,34.1754,0.2789,-1.91,4.2029,0.7025,1.5187,1.7405,-5.8901

PRICE_WINDOW_180_ROW_060=20260126,36.15,36.3,35.75,36.1,144000.0,35.92,35.4695,35.405,34.2075,34.2075,0.4172,0.5571,4.0346,0.9518,1.7775,1.963,-5.4974

PRICE_WINDOW_180_ROW_061=20260127,35.9,36.0,35.5,35.55,107000.0,35.86,35.4762,35.4275,34.3375,34.2295,-1.5235,-0.8368,1.2821,0.6964,0.208,0.3458,-6.9372

PRICE_WINDOW_180_ROW_062=20260128,35.55,35.85,34.85,34.85,212000.0,35.66,35.424,35.435,34.3908,34.2395,-1.9691,-2.7894,0.4323,1.3103,-1.6205,-1.6509,-8.7696

PRICE_WINDOW_180_ROW_063=20260129,35.1,35.2,34.15,34.35,139000.0,35.36,35.3345,35.44,34.4083,34.2413,-1.4347,-4.1841,0.292,0.8399,-2.7863,-3.0756,-10.0785

PRICE_WINDOW_180_ROW_064=20260130,34.7,34.95,33.9,33.95,102000.0,34.96,35.2192,35.425,34.4175,34.2367,-1.1645,-5.5633,-0.8759,0.6167,-3.6036,-4.1637,-11.1257

PRICE_WINDOW_180_ROW_065=20260202,34.45,34.5,33.15,33.25,188000.0,34.39,35.0551,35.405,34.4083,34.2215,-2.0619,-7.8947,-1.1887,1.1131,-5.1492,-6.0867,-12.9581

PRICE_WINDOW_180_ROW_066=20260203,33.6,33.6,32.75,32.9,116000.0,33.86,34.8755,35.345,34.3983,34.2015,-1.0526,-7.4543,-3.5191,0.6838,-5.6644,-6.9175,-13.8743

PRICE_WINDOW_180_ROW_067=20260204,32.9,33.2,32.85,32.95,89000.0,33.48,34.715,35.29,34.4033,34.1828,0.152,-5.4519,-3.2305,0.5329,-5.0843,-6.6308,-13.7435

PRICE_WINDOW_180_ROW_068=20260205,32.9,33.5,32.9,33.0,88000.0,33.21,34.5721,35.2125,34.4033,34.1654,0.1517,-3.9301,-4.4863,0.5332,-4.5473,-6.2833,-13.6126

PRICE_WINDOW_180_ROW_069=20260206,32.4,32.4,31.85,32.05,101000.0,32.83,34.3619,35.065,34.3775,34.1348,-2.8788,-5.5965,-8.4286,0.6081,-6.7282,-8.5983,-16.0995

PRICE_WINDOW_180_ROW_070=20260209,32.5,32.5,31.9,32.05,92000.0,32.59,34.1693,34.8925,34.3483,34.105,0.0,-3.609,-9.7183,0.5702,-6.2022,-8.1464,-16.0995

PRICE_WINDOW_180_ROW_071=20260210,32.1,32.4,31.9,32.15,107000.0,32.44,34.001,34.695,34.32,34.0775,0.312,-2.2796,-10.9418,0.6824,-5.4439,-7.3354,-15.8377

PRICE_WINDOW_180_ROW_072=20260211,31.95,31.95,31.0,31.0,380000.0,32.05,33.7509,34.39,34.2867,34.0347,-3.577,-5.9181,-16.442,2.4548,-8.1506,-9.8575,-18.8482

PRICE_WINDOW_180_ROW_073=20260223,31.15,31.15,30.3,30.6,192000.0,31.57,33.4883,34.04,34.2517,33.9877,-1.2903,-7.2727,-18.617,1.2813,-8.6249,-10.1058,-19.8953

PRICE_WINDOW_180_ROW_074=20260224,30.6,31.25,30.3,30.3,229000.0,31.22,33.2226,33.7225,34.2208,33.9378,-0.9804,-5.4602,-17.3261,1.5369,-8.7971,-10.149,-20.6806

PRICE_WINDOW_180_ROW_075=20260225,30.25,30.5,29.7,30.0,339000.0,30.81,32.9541,33.4275,34.1867,33.8853,-0.9901,-6.3963,-16.4345,2.1794,-8.9642,-10.2535,-21.466

PRICE_WINDOW_180_ROW_076=20260226,30.1,30.7,30.1,30.7,124000.0,30.52,32.7662,33.17,34.165,33.8434,2.3333,-4.5101,-14.3654,0.8073,-6.306,-7.4465,-19.6335

PRICE_WINDOW_180_ROW_077=20260302,30.6,30.6,29.85,30.15,277000.0,30.35,32.5482,32.885,34.1308,33.7955,-1.7915,-2.7419,-15.8996,1.7025,-7.3682,-8.3169,-21.0733

PRICE_WINDOW_180_ROW_078=20260303,30.15,30.15,29.8,29.8,125000.0,30.19,32.3192,32.5825,34.0817,33.7442,-1.1609,-2.6144,-16.8759,0.768,-7.7948,-8.5399,-21.9895

PRICE_WINDOW_180_ROW_079=20260304,30.05,30.05,28.85,29.0,141000.0,29.93,32.0426,32.235,34.0167,33.6842,-2.6846,-4.2904,-19.3324,0.8566,-9.4955,-10.0357,-24.0838

PRICE_WINDOW_180_ROW_080=20260305,29.5,29.8,29.3,29.4,49000.0,29.81,31.8224,31.9,33.9533,33.6306,1.3793,-2.0,-18.5596,0.3065,-7.6122,-7.837,-23.0366

PRICE_WINDOW_180_ROW_081=20260306,29.4,29.95,29.35,29.5,49000.0,29.57,31.6289,31.5975,33.8875,33.5796,0.3401,-3.9088,-17.0183,0.3122,-6.7307,-6.6382,-22.7749

PRICE_WINDOW_180_ROW_082=20260309,27.55,28.4,27.55,28.25,152000.0,29.19,31.3473,31.2675,33.7975,33.5146,-4.2373,-6.3018,-18.9383,0.9873,-9.8806,-9.6506,-26.0471

PRICE_WINDOW_180_ROW_083=20260310,28.55,29.1,28.35,28.65,61000.0,28.96,31.1225,30.9825,33.7017,33.456,1.4159,-3.8591,-16.5939,0.4065,-7.9444,-7.5284,-25.0

PRICE_WINDOW_180_ROW_084=20260311,29.0,30.2,29.0,29.35,132000.0,29.03,30.9748,30.7525,33.6217,33.4071,2.4433,1.2069,-13.5493,0.871,-5.2456,-4.5606,-23.1675

PRICE_WINDOW_180_ROW_085=20260312,29.0,29.4,28.95,28.95,59000.0,28.94,30.8061,30.5375,33.5367,33.3547,-1.3629,-1.5306,-12.9323,0.4066,-6.025,-5.1985,-24.2147

PRICE_WINDOW_180_ROW_086=20260313,28.95,28.95,28.25,28.4,146000.0,28.72,30.6056,30.3125,33.445,33.2971,-1.8998,-3.7288,-13.6778,0.9959,-7.2064,-6.3093,-25.6545

PRICE_WINDOW_180_ROW_087=20260316,28.5,29.25,28.2,29.05,90000.0,28.88,30.4759,30.1175,33.3667,33.2483,2.2887,2.8319,-11.8361,0.6137,-4.6789,-3.5445,-23.9529

PRICE_WINDOW_180_ROW_088=20260317,29.05,29.35,28.65,29.0,52000.0,28.95,30.3529,29.9175,33.2833,33.2,-0.1721,1.2216,-12.1212,0.359,-4.4574,-3.0668,-24.0838

PRICE_WINDOW_180_ROW_089=20260318,29.0,29.0,28.65,29.0,74000.0,28.88,30.2402,29.765,33.1908,33.1528,0.0,-1.1925,-9.5164,0.5157,-4.1011,-2.5701,-24.0838

PRICE_WINDOW_180_ROW_090=20260319,29.3,29.3,27.7,28.0,511000.0,28.69,30.0535,29.5625,33.0858,33.0956,-3.4483,-3.2815,-12.6365,3.1073,-6.8328,-5.2854,-26.7016

PRICE_WINDOW_180_ROW_091=20260320,28.05,28.3,28.0,28.1,102000.0,28.63,29.8907,29.36,32.9758,33.0407,0.3571,-1.0563,-12.5972,0.6212,-5.9909,-4.2916,-26.4398

PRICE_WINDOW_180_ROW_092=20260323,28.1,28.2,27.55,27.65,135000.0,28.35,29.704,29.1925,32.8617,32.9821,-1.6014,-4.8193,-10.8065,0.8885,-6.9149,-5.2839,-27.6178

PRICE_WINDOW_180_ROW_093=20260324,27.8,28.75,27.6,27.6,109000.0,28.07,29.5287,29.0425,32.7383,32.9242,-0.1808,-4.8276,-9.8039,0.7375,-6.5315,-4.9669,-27.7487

PRICE_WINDOW_180_ROW_094=20260325,27.7,27.8,27.5,27.7,76000.0,27.81,29.3763,28.9125,32.6058,32.8686,0.3623,-4.4828,-8.5809,0.5423,-5.7062,-4.1937,-27.4869

PRICE_WINDOW_180_ROW_095=20260326,27.65,28.25,27.65,27.8,82000.0,27.77,29.2449,28.8025,32.4725,32.8153,0.361,-0.7143,-7.3333,0.6441,-4.9407,-3.4806,-27.2251

PRICE_WINDOW_180_ROW_096=20260327,28.0,28.0,27.2,27.5,83000.0,27.65,29.0995,28.6425,32.3392,32.7599,-1.0791,-2.1352,-10.4235,0.6627,-5.4967,-3.9888,-28.0105

PRICE_WINDOW_180_ROW_097=20260330,27.25,27.45,26.8,27.2,92000.0,27.56,28.9412,28.495,32.2042,32.7026,-1.0909,-1.6275,-9.7844,0.7931,-6.0164,-4.5447,-28.7958

PRICE_WINDOW_180_ROW_098=20260331,27.1,27.2,26.4,26.75,130000.0,27.39,28.7586,28.3425,32.0625,32.6418,-1.6544,-3.0797,-10.2349,1.1183,-6.9844,-5.6188,-29.9738

PRICE_WINDOW_180_ROW_099=20260401,27.55,28.5,26.95,27.35,64000.0,27.32,28.6412,28.26,31.9433,32.5884,2.243,-1.2635,-5.6897,0.5694,-4.5083,-3.2201,-28.4031

PRICE_WINDOW_180_ROW_100=20260402,27.35,27.35,26.8,27.0,88000.0,27.16,28.5045,28.14,31.815,32.5325,-1.2797,-2.8777,-8.1633,0.7696,-5.278,-4.0512,-29.3194

PRICE_WINDOW_180_ROW_101=20260407,27.2,27.2,26.75,27.0,29000.0,27.06,28.3791,28.015,31.68,32.4777,0.0,-1.8182,-8.4746,0.2558,-4.8595,-3.6231,-29.3194

PRICE_WINDOW_180_ROW_102=20260408,27.5,27.5,26.75,27.05,42000.0,27.03,28.2683,27.955,31.5525,32.4245,0.1852,-0.5515,-4.2478,0.3894,-4.3099,-3.2373,-29.1885

PRICE_WINDOW_180_ROW_103=20260409,27.75,27.75,26.75,26.75,111000.0,27.03,28.1418,27.86,31.4275,32.3694,-1.1091,0.0,-6.6318,1.0059,-4.9457,-3.9842,-29.9738

PRICE_WINDOW_180_ROW_104=20260410,26.8,27.5,26.8,27.4,129000.0,27.04,28.08,27.7625,31.3133,32.3216,2.4299,0.1828,-6.644,1.1706,-2.4216,-1.3057,-28.2723

PRICE_WINDOW_180_ROW_105=20260413,27.4,27.4,26.8,27.2,64000.0,27.08,28.0067,27.675,31.2058,32.2729,-0.7299,0.7407,-6.0449,0.5794,-2.8802,-1.7164,-28.7958

PRICE_WINDOW_180_ROW_106=20260414,27.5,27.65,27.35,27.6,85000.0,27.2,27.9728,27.635,31.0975,32.2288,1.4706,2.2222,-2.8169,0.7914,-1.3326,-0.1267,-27.7487

PRICE_WINDOW_180_ROW_107=20260415,27.5,27.75,27.1,27.3,134000.0,27.25,27.9167,27.5475,30.985,32.1827,-1.087,0.9242,-6.0241,1.2226,-2.2091,-0.8984,-28.534

PRICE_WINDOW_180_ROW_108=20260416,27.4,27.6,27.0,27.1,130000.0,27.32,27.8486,27.4525,30.8608,32.1356,-0.7326,1.3084,-6.5517,1.1454,-2.6883,-1.284,-29.0576

PRICE_WINDOW_180_ROW_109=20260417,27.1,27.1,26.95,27.05,108000.0,27.25,27.7821,27.355,30.7283,32.089,-0.1845,-1.2774,-6.7241,0.9375,-2.6351,-1.115,-29.1885

PRICE_WINDOW_180_ROW_110=20260420,27.5,27.9,26.8,26.85,173000.0,27.18,27.7044,27.2975,30.5842,32.0414,-0.7394,-1.2868,-4.1071,1.7599,-3.084,-1.6393,-29.712

PRICE_WINDOW_180_ROW_111=20260421,27.0,27.25,26.35,26.65,296000.0,26.99,27.6165,27.225,30.4267,31.9928,-0.7449,-3.442,-5.1601,2.7407,-3.4999,-2.112,-30.2356

PRICE_WINDOW_180_ROW_112=20260422,27.1,27.6,26.9,27.45,290000.0,27.02,27.6027,27.215,30.2658,31.9522,3.0019,0.5495,-0.7233,2.5054,-0.5531,0.8635,-28.1414

PRICE_WINDOW_180_ROW_113=20260423,28.0,28.05,26.5,27.0,254000.0,27.0,27.5524,27.185,30.0892,31.9084,-1.6393,-0.369,-2.1739,2.065,-2.0051,-0.6805,-28.9474

PRICE_WINDOW_180_ROW_114=20260424,27.1,27.55,27.1,27.35,89000.0,27.06,27.5356,27.1675,29.9342,31.8684,1.2963,1.1091,-1.2635,0.7198,-0.6739,0.6718,-25.8808

PRICE_WINDOW_180_ROW_115=20260427,27.4,27.6,26.8,26.9,119000.0,27.07,27.4826,27.1225,29.7842,31.8252,-1.6453,0.1862,-3.2374,0.9482,-2.1199,-0.8204,-26.4022

PRICE_WINDOW_180_ROW_116=20260428,26.9,27.1,26.85,27.05,61000.0,27.15,27.4466,27.1,29.6375,31.7841,0.5576,1.5009,-1.6364,0.4904,-1.4448,-0.1845,-25.9918

PRICE_WINDOW_180_ROW_117=20260429,27.5,27.5,27.1,27.15,70000.0,27.09,27.4218,27.0975,29.4925,31.7444,0.3697,-1.0929,-0.1838,0.5677,-0.9914,0.1937,-25.7182

PRICE_WINDOW_180_ROW_118=20260430,27.65,27.65,27.15,27.25,84000.0,27.14,27.4075,27.1225,29.3492,31.7064,0.3683,0.9259,1.8692,0.6942,-0.5748,0.4701,-25.1374

PRICE_WINDOW_180_ROW_119=20260504,27.25,27.25,26.65,26.9,157000.0,27.05,27.3652,27.1,29.1983,31.666,-1.2844,-1.6453,-1.6453,1.2495,-1.7001,-0.738,-25.8953

PRICE_WINDOW_180_ROW_120=20260505,26.9,27.0,26.7,26.75,86000.0,27.02,27.314,27.0875,29.0425,31.625,-0.5576,-0.5576,-0.9259,0.685,-2.0647,-1.246,-25.6944

PRICE_WINDOW_180_ROW_121=20260506,27.55,27.55,26.8,26.85,163000.0,26.98,27.2753,27.08,28.8975,31.6175,0.3738,-0.7394,-0.5556,1.2325,-1.5593,-0.8493,-25.1046

PRICE_WINDOW_180_ROW_122=20260507,27.05,27.05,26.8,26.95,93000.0,26.94,27.2482,27.075,28.7658,31.5783,0.3724,-0.7366,-0.3697,0.6899,-1.0944,-0.4617,-23.4375

PRICE_WINDOW_180_ROW_123=20260508,27.3,27.3,26.65,26.9,127000.0,26.87,27.2192,27.0825,28.6417,31.525,-0.1855,-1.2844,0.5607,0.9366,-1.1726,-0.6739,-23.0329

PRICE_WINDOW_180_ROW_124=20260511,26.9,27.0,26.75,26.8,80000.0,26.85,27.1842,27.0525,28.5225,31.47,-0.3717,-0.3717,-2.1898,0.6008,-1.4135,-0.9334,-22.3188

PRICE_WINDOW_180_ROW_125=20260512,27.05,27.05,26.45,26.8,164000.0,26.86,27.1522,27.0325,28.415,31.4117,0.0,0.1869,-1.4706,1.1871,-1.2972,-0.8601,-20.2381

PRICE_WINDOW_180_ROW_126=20260513,26.8,26.9,26.3,26.45,126000.0,26.78,27.0937,26.975,28.3075,31.3529,-1.306,-1.4898,-4.1667,0.8987,-2.3758,-1.9462,-21.0448

PRICE_WINDOW_180_ROW_127=20260514,26.45,26.5,26.0,26.15,156000.0,26.62,27.0151,26.9175,28.1942,31.2988,-1.1342,-2.9685,-4.2125,1.104,-3.2022,-2.8513,-21.9403

PRICE_WINDOW_180_ROW_128=20260515,26.45,27.85,26.25,27.35,398000.0,26.71,27.043,26.93,28.1,31.2517,4.5889,1.6729,0.9225,2.5727,1.1353,1.5596,-15.8462

PRICE_WINDOW_180_ROW_129=20260518,27.35,27.35,26.6,26.95,99000.0,26.74,27.0352,26.925,28.015,31.1962,-1.4625,0.5597,-0.3697,0.6418,-0.3152,0.0929,-17.0769

PRICE_WINDOW_180_ROW_130=20260519,27.2,28.2,27.0,27.7,390000.0,26.92,27.0906,26.9675,27.9425,31.1454,2.7829,3.3582,3.1657,2.3622,2.2494,2.7162,-14.5062

PRICE_WINDOW_180_ROW_131=20260520,28.4,28.5,27.65,28.0,299000.0,27.23,27.1664,27.035,27.8733,31.0967,1.083,5.8601,5.0657,1.8094,3.0685,3.5694,-12.3631

PRICE_WINDOW_180_ROW_132=20260521,28.6,28.6,27.85,27.85,154000.0,27.57,27.2234,27.055,27.8208,31.0538,-0.5357,6.501,1.4572,0.9719,2.3018,2.9385,-10.88

PRICE_WINDOW_180_ROW_133=20260522,28.1,28.2,27.5,27.7,28000.0,27.64,27.2631,27.09,27.7725,31.0121,-0.5386,1.2797,2.5926,0.1903,1.6026,2.2518,-11.36

PRICE_WINDOW_180_ROW_134=20260525,28.25,28.25,26.85,27.15,27000.0,27.68,27.2537,27.08,27.72,30.9704,-1.9856,0.7421,-0.7313,0.1874,-0.3804,0.2585,-11.5635

PRICE_WINDOW_180_ROW_135=20260526,27.2,27.2,26.65,26.95,27000.0,27.53,27.2284,27.0825,27.6692,30.9279,-0.7366,-2.7076,0.1859,0.1936,-1.0223,-0.4892,-12.215

PRICE_WINDOW_180_ROW_136=20260527,27.0,27.0,26.6,26.75,27000.0,27.28,27.1885,27.0675,27.6033,30.8842,-0.7421,-4.4643,-1.1091,0.196,-1.6128,-1.173,-12.5817

PRICE_WINDOW_180_ROW_137=20260528,26.7,27.3,26.6,27.2,27000.0,27.15,27.1895,27.07,27.5542,30.8425,1.6822,-2.3339,0.1842,0.1991,0.0388,0.4802,-9.9338

PRICE_WINDOW_180_ROW_138=20260529,26.9,28.0,26.9,27.75,28000.0,27.16,27.2362,27.095,27.52,30.8008,2.0221,0.1805,1.8349,0.2108,1.8866,2.4174,-8.1126

PRICE_WINDOW_180_ROW_139=20260601,27.8,28.75,27.5,28.1,28000.0,27.35,27.3082,27.155,27.505,30.7608,1.2613,3.4991,4.461,0.2216,2.8997,3.48,-6.9536

PRICE_WINDOW_180_ROW_140=20260602,28.6,28.7,28.2,28.55,28.0,27.67,27.4116,27.245,27.4908,30.7221,1.6014,5.9369,6.729,0.0002,4.1528,4.7899,-5.4636

PRICE_WINDOW_180_ROW_141=20260603,28.55,28.55,27.9,28.2,28000.0,27.96,27.4773,27.3125,27.4692,30.6783,-1.2259,5.4206,5.0279,0.2428,2.63,3.2494,-6.6225

PRICE_WINDOW_180_ROW_142=20260604,28.45,29.4,28.3,28.85,29000.0,28.29,27.5917,27.4075,27.4792,30.6383,2.305,6.0662,7.0501,0.2587,4.5603,5.2632,-4.4702

PRICE_WINDOW_180_ROW_143=20260605,28.85,28.85,28.15,28.5,28000.0,28.44,27.6674,27.4875,27.4767,30.5892,-1.2132,2.7027,5.948,0.2613,3.0093,3.6835,-5.6291

PRICE_WINDOW_180_ROW_144=20260608,27.5,27.95,27.0,27.65,186000.0,28.35,27.666,27.53,27.4483,30.535,-2.9825,-1.6014,3.1716,1.654,-0.0577,0.4359,-5.9524

PRICE_WINDOW_180_ROW_145=20260609,27.7,28.15,27.5,27.8,117000.0,28.2,27.6771,27.58,27.4292,30.4829,0.5425,-2.627,3.7313,1.0627,0.4439,0.7977,-5.4422

PRICE_WINDOW_180_ROW_146=20260610,27.8,30.55,27.8,30.55,861000.0,28.67,27.9165,27.785,27.465,30.455,9.8921,8.3333,15.5009,5.8631,9.4333,9.9514,0.0

PRICE_WINDOW_180_ROW_147=20260611,31.45,31.9,28.7,29.2,1472000.0,28.74,28.0235,27.9375,27.4675,30.4171,-4.419,1.2132,11.6635,6.9221,4.1983,4.519,-8.4639

PRICE_WINDOW_180_ROW_148=20260612,29.5,29.55,28.8,29.05,429000.0,28.85,28.109,28.0225,27.4683,30.3758,-0.5137,1.9298,6.2157,2.0028,3.3475,3.6667,-8.9342

PRICE_WINDOW_180_ROW_149=20260615,29.2,29.25,28.8,28.8,286000.0,29.08,28.1666,28.115,27.465,30.3279,-0.8606,4.1591,6.8646,1.2793,2.2487,2.4364,-9.7179

PRICE_WINDOW_180_ROW_150=20260616,29.7,30.65,28.9,29.4,1091000.0,29.4,28.2694,28.2,27.4883,30.2871,2.0833,5.7554,6.1372,4.2188,3.9994,4.2553,-7.837

PRICE_WINDOW_180_ROW_151=20260617,29.7,30.05,29.2,29.85,480000.0,29.26,28.4011,28.2925,27.5175,30.2467,1.5306,-2.2913,6.6071,1.7934,5.1015,5.505,-6.4263

PRICE_WINDOW_180_ROW_152=20260618,29.8,30.0,29.2,29.55,251000.0,29.33,28.4969,28.3775,27.5492,30.2054,-1.005,1.1986,6.1041,0.9211,3.6956,4.1318,-7.3668

PRICE_WINDOW_180_ROW_153=20260622,29.7,29.7,29.05,29.2,218000.0,29.36,28.5555,28.4525,27.5758,30.1571,-1.1844,0.5164,5.4152,0.773,2.2572,2.6272,-8.4639

PRICE_WINDOW_180_ROW_154=20260623,29.2,29.4,28.6,28.6,195000.0,29.32,28.5592,28.525,27.5908,30.0983,-2.0548,-0.6944,5.3407,0.6715,0.143,0.2629,-10.3448

PRICE_WINDOW_180_ROW_155=20260624,28.5,29.0,28.45,28.5,102000.0,29.14,28.5542,28.6025,27.6025,30.0375,-0.3497,-3.0612,5.7514,0.3468,-0.1899,-0.3584,-10.6583

PRICE_WINDOW_180_ROW_156=20260625,28.8,28.8,28.0,28.0,147000.0,28.77,28.508,28.665,27.6108,29.975,-1.7544,-6.1977,4.6729,0.4898,-1.7821,-2.3199,-12.2257

PRICE_WINDOW_180_ROW_157=20260626,28.2,28.55,27.7,27.75,230000.0,28.41,28.4449,28.6925,27.62,29.9121,-0.8929,-6.0914,2.0221,0.7412,-2.4429,-3.2848,-13.0094

PRICE_WINDOW_180_ROW_158=20260629,27.65,28.0,27.65,27.7,106000.0,28.11,28.3828,28.69,27.6358,29.8492,-0.1802,-5.137,-0.1802,0.3374,-2.4057,-3.4507,-13.1661

PRICE_WINDOW_180_ROW_159=20260630,28.1,28.4,27.85,27.9,109000.0,27.97,28.3426,28.68,27.645,29.7942,0.722,-2.4476,-0.7117,0.3425,-1.5615,-2.7197,-12.5392

PRICE_WINDOW_180_ROW_160=20260701,27.95,28.15,27.75,28.0,82000.0,27.87,28.314,28.6525,27.6617,29.7383,0.3584,-1.7544,-1.9264,0.2544,-1.1091,-2.2773,-12.2257

PRICE_WINDOW_180_ROW_161=20260702,28.0,28.55,27.95,28.1,120000.0,27.89,28.2962,28.6475,27.68,29.68,0.3571,0.3571,-0.3546,0.367,-0.6933,-1.9112,-11.9122

PRICE_WINDOW_180_ROW_162=20260703,28.3,28.75,28.3,28.4,174000.0,28.02,28.3048,28.625,27.7025,29.6275,1.0676,2.3423,-1.5598,0.5206,0.3362,-0.786,-10.9718

PRICE_WINDOW_180_ROW_163=20260706,28.75,29.1,28.15,28.4,184000.0,28.16,28.3128,28.62,27.73,29.5788,0.0,2.5271,-0.3509,0.538,0.3081,-0.7687,-10.9718

PRICE_WINDOW_180_ROW_164=20260707,28.7,28.7,27.5,27.7,201000.0,28.12,28.2617,28.6225,27.735,29.5242,-2.4648,-0.7168,0.1808,0.5864,-1.9875,-3.223,-13.1661
