# PRICE_WINDOW_180

columns=date,open,high,low,close,volume,ma5,ema23,ma20,ma60,ma120,return_1d,return_5d,return_20d,volume_ratio,distance_to_ema23_pct,distance_to_ma20_pct,distance_to_high_60_pct

PRICE_WINDOW_180_ROW_001=20251124,65.7,66.8,65.4,66.1,114632.0,65.62,70.967,72.4,72.8967,77.1833,2.0062,0.1515,-12.4503,0.2052,-6.8581,-8.7017,-19.0942

PRICE_WINDOW_180_ROW_002=20251125,66.3,67.1,66.0,66.9,67890.0,65.9,70.6281,71.985,72.8117,77.025,1.2103,2.1374,-11.0372,0.1227,-5.2784,-7.064,-18.1151

PRICE_WINDOW_180_ROW_003=20251126,67.1,67.8,67.1,67.4,102658.0,66.44,70.3591,71.535,72.7133,76.8592,0.7474,4.1731,-11.7801,0.2039,-4.2056,-5.7804,-17.5031

PRICE_WINDOW_180_ROW_004=20251127,67.7,68.1,66.8,67.1,145926.0,66.46,70.0875,71.095,72.5917,76.715,-0.4451,0.1493,-11.5942,0.2951,-4.2625,-5.6192,-17.8703

PRICE_WINDOW_180_ROW_005=20251128,67.6,67.6,67.0,67.5,60703.0,67.0,69.8718,70.58,72.485,76.5917,0.5961,4.1667,-13.2391,0.1269,-3.3946,-4.3638,-17.3807

PRICE_WINDOW_180_ROW_006=20251201,67.0,67.0,65.8,66.5,128150.0,67.08,69.5909,69.955,72.41,76.455,-1.4815,0.6051,-15.8228,0.2758,-4.4415,-4.9389,-18.6047

PRICE_WINDOW_180_ROW_007=20251202,67.1,67.9,67.1,67.7,95187.0,67.24,69.4333,69.485,72.3683,76.325,1.8045,1.1958,-12.192,0.2114,-2.4963,-2.5689,-17.1359

PRICE_WINDOW_180_ROW_008=20251203,67.1,68.5,67.0,67.8,72423.0,67.32,69.2972,69.095,72.335,76.1908,0.1477,0.5935,-10.3175,0.1682,-2.1605,-1.8742,-17.0135

PRICE_WINDOW_180_ROW_009=20251204,68.0,69.6,68.0,68.9,179655.0,67.68,69.2641,68.73,72.3317,76.0617,1.6224,2.6826,-9.5801,0.416,-0.5256,0.2473,-15.6671

PRICE_WINDOW_180_ROW_010=20251205,69.5,71.5,68.9,70.0,307827.0,68.18,69.3254,68.495,72.3417,75.97,1.5965,3.7037,-6.2918,0.7132,0.9731,2.1972,-14.3207

PRICE_WINDOW_180_ROW_011=20251208,70.2,70.4,69.0,69.1,105054.0,68.7,69.3066,68.075,72.29,75.8692,-1.2857,3.9098,-10.8387,0.2547,-0.2981,1.5057,-15.4223

PRICE_WINDOW_180_ROW_012=20251209,69.9,70.0,69.1,69.8,66824.0,69.12,69.3477,67.635,72.25,75.7792,1.013,3.1019,-11.1959,0.1892,0.6522,3.201,-14.5655

PRICE_WINDOW_180_ROW_013=20251210,69.9,70.8,69.3,69.3,171181.0,69.42,69.3438,67.555,72.13,75.7067,-0.7163,2.2124,-2.2567,0.7546,-0.0631,2.5831,-15.1775

PRICE_WINDOW_180_ROW_014=20251211,70.6,71.8,70.0,70.0,277358.0,69.64,69.3984,67.515,72.0833,75.6525,1.0101,1.5965,-1.1299,1.4014,0.8668,3.6807,-14.3207

PRICE_WINDOW_180_ROW_015=20251212,70.0,70.7,69.6,69.6,89230.0,69.56,69.4152,67.585,72.0467,75.6058,-0.5714,-0.5714,2.0528,0.5179,0.2662,2.9814,-14.8103

PRICE_WINDOW_180_ROW_016=20251215,67.7,69.2,67.5,68.8,72005.0,69.5,69.364,67.725,71.9817,75.5558,-1.1494,-0.4342,4.2424,0.4697,-0.8131,1.5873,-15.7895

PRICE_WINDOW_180_ROW_017=20251216,69.1,69.1,66.2,67.0,174172.0,68.94,69.167,67.8,71.9133,75.4883,-2.6163,-4.0115,2.2901,1.2261,-3.133,-1.1799,-17.9927

PRICE_WINDOW_180_ROW_018=20251217,67.7,68.6,67.6,68.0,122396.0,68.68,69.0697,67.965,71.8517,75.4342,1.4925,-1.8759,5.1005,0.9006,-1.5488,0.0515,-16.7687

PRICE_WINDOW_180_ROW_019=20251218,67.3,68.2,67.3,67.4,17646.0,68.16,68.9306,67.985,71.77,75.365,-0.8824,-3.7143,0.597,0.1395,-2.2205,-0.8605,-17.5031

PRICE_WINDOW_180_ROW_020=20251219,68.6,68.6,67.4,68.0,77116.0,67.84,68.853,68.145,71.7183,75.29,0.8902,-2.2989,4.9383,0.63,-1.2389,-0.2128,-16.7687

PRICE_WINDOW_180_ROW_021=20251222,68.5,69.1,68.1,68.1,86164.0,67.7,68.7903,68.245,71.6683,75.2317,0.1471,-1.0174,3.0257,0.7122,-1.0035,-0.2125,-16.6463

PRICE_WINDOW_180_ROW_022=20251223,68.0,68.1,67.4,67.4,45254.0,67.78,68.6744,68.27,71.605,75.1675,-1.0279,0.597,0.7474,0.3776,-1.8557,-1.2744,-17.5031

PRICE_WINDOW_180_ROW_023=20251224,67.4,68.5,66.9,67.0,81697.0,67.58,68.5349,68.25,71.53,75.0775,-0.5935,-1.4706,-0.5935,0.6877,-2.2396,-1.8315,-17.9927

PRICE_WINDOW_180_ROW_024=20251226,67.0,67.8,66.6,67.0,112226.0,67.5,68.407,68.245,71.4783,74.9783,0.0,-0.5935,-0.149,0.9583,-2.0568,-1.8243,-17.9927

PRICE_WINDOW_180_ROW_025=20251229,67.1,67.5,66.4,67.1,118491.0,67.32,68.2981,68.225,71.3833,74.8733,0.1493,-1.3235,-0.5926,0.9874,-1.7542,-1.649,-17.8703

PRICE_WINDOW_180_ROW_026=20251230,67.4,67.4,65.9,66.3,90930.0,66.96,68.1316,68.215,71.2617,74.7608,-1.1923,-2.6432,-0.3008,0.7697,-2.6883,-2.8073,-18.8494

PRICE_WINDOW_180_ROW_027=20251231,66.6,67.2,66.1,66.2,117105.0,66.72,67.9706,68.14,71.135,74.6583,-0.1508,-1.7804,-2.2157,0.9821,-2.6049,-2.8471,-18.9718

PRICE_WINDOW_180_ROW_028=20260102,66.9,67.7,66.1,67.4,147271.0,66.8,67.923,68.12,71.0467,74.5433,1.8127,0.597,-0.59,1.1975,-0.7701,-1.057,-17.5031

PRICE_WINDOW_180_ROW_029=20260105,68.5,68.8,65.4,65.8,279834.0,66.56,67.7461,67.965,70.9033,74.395,-2.3739,-1.791,-4.4993,2.1864,-2.8727,-3.1855,-19.4614

PRICE_WINDOW_180_ROW_030=20260106,65.8,66.4,65.4,65.6,325188.0,66.26,67.5673,67.745,70.7567,74.2225,-0.304,-2.2355,-6.2857,2.5236,-2.9116,-3.1663,-19.7062

PRICE_WINDOW_180_ROW_031=20260107,65.6,66.4,64.5,66.0,293012.0,66.2,67.4367,67.59,70.6033,74.0683,0.6098,-0.4525,-4.4863,2.1194,-2.1304,-2.3524,-19.2166

PRICE_WINDOW_180_ROW_032=20260108,66.6,66.7,65.6,65.6,151600.0,66.08,67.2836,67.38,70.4167,73.8958,-0.6061,-0.9063,-6.0172,1.0639,-2.5023,-2.6417,-19.7062

PRICE_WINDOW_180_ROW_033=20260109,66.4,68.2,66.1,67.3,335211.0,66.06,67.285,67.28,70.2533,73.7342,2.5915,-0.1484,-2.886,2.2244,0.0223,0.0297,-17.1182

PRICE_WINDOW_180_ROW_034=20260112,69.7,70.6,68.8,69.6,480663.0,66.82,67.4779,67.26,70.1667,73.585,3.4175,5.7751,-0.5714,2.9881,3.1449,3.479,-14.2857

PRICE_WINDOW_180_ROW_035=20260113,69.6,70.0,68.8,69.4,214075.0,67.58,67.6381,67.25,70.055,73.4442,-0.2874,5.7927,-0.2874,1.2811,2.6049,3.197,-14.532

PRICE_WINDOW_180_ROW_036=20260114,70.1,71.1,69.8,71.0,321381.0,68.58,67.9182,67.36,69.9833,73.3108,2.3055,7.5758,3.1977,1.7897,4.5375,5.4038,-12.5616

PRICE_WINDOW_180_ROW_037=20260115,71.2,71.2,70.0,70.2,208447.0,69.5,68.1084,67.52,69.9083,73.195,-1.1268,7.0122,4.7761,1.1498,3.071,3.9692,-13.5468

PRICE_WINDOW_180_ROW_038=20260116,70.6,70.7,69.0,69.9,202370.0,70.02,68.2577,67.615,69.805,73.0825,-0.4274,3.8633,2.7941,1.0922,2.406,3.3794,-13.9163

PRICE_WINDOW_180_ROW_039=20260119,69.4,70.0,69.3,69.3,136553.0,69.96,68.3445,67.71,69.6933,72.9608,-0.8584,-0.431,2.819,0.7141,1.398,2.3482,-14.6552

PRICE_WINDOW_180_ROW_040=20260120,69.3,69.7,68.2,69.0,153211.0,69.88,68.3992,67.76,69.5917,72.8483,-0.4329,-0.5764,1.4706,0.7856,0.8784,1.83,-15.0246

PRICE_WINDOW_180_ROW_041=20260121,68.0,68.4,66.8,66.8,297322.0,69.04,68.2659,67.695,69.4467,72.7142,-3.1884,-5.9155,-1.909,1.4462,-2.1473,-1.3221,-17.734

PRICE_WINDOW_180_ROW_042=20260122,68.9,69.3,67.9,69.0,222750.0,68.8,68.3271,67.775,69.3433,72.5992,3.2934,-1.7094,2.3739,1.0386,0.9849,1.8075,-15.0246

PRICE_WINDOW_180_ROW_043=20260123,70.0,70.0,68.5,69.2,143850.0,68.66,68.3998,67.885,69.2233,72.4675,0.2899,-1.0014,3.2836,0.6612,1.1699,1.9371,-14.7783

PRICE_WINDOW_180_ROW_044=20260126,69.2,70.0,69.1,69.2,105478.0,68.64,68.4665,67.995,69.1117,72.3267,0.0,-0.1443,3.2836,0.4855,1.0713,1.7722,-14.7783

PRICE_WINDOW_180_ROW_045=20260127,69.0,70.4,69.0,70.2,239614.0,68.88,68.611,68.15,68.985,72.185,1.4451,1.7391,4.62,1.0731,2.316,3.0081,-13.5468

PRICE_WINDOW_180_ROW_046=20260128,70.7,70.7,68.9,69.7,256948.0,69.46,68.7017,68.32,68.83,72.0467,-0.7123,4.3413,5.1282,1.1095,1.4531,2.0199,-14.1626

PRICE_WINDOW_180_ROW_047=20260129,69.9,71.9,69.4,70.3,279902.0,69.72,68.8349,68.525,68.7167,71.895,0.8608,1.8841,6.1934,1.1676,2.1284,2.5903,-13.4236

PRICE_WINDOW_180_ROW_048=20260130,69.9,69.9,68.2,68.9,166958.0,69.66,68.8403,68.6,68.605,71.7308,-1.9915,-0.4335,2.2255,0.6936,0.0867,0.4373,-15.1478

PRICE_WINDOW_180_ROW_049=20260202,68.5,68.5,66.2,67.0,242783.0,69.22,68.687,68.66,68.4517,71.56,-2.7576,-3.1792,1.8237,1.0164,-2.456,-2.4177,-17.4877

PRICE_WINDOW_180_ROW_050=20260203,67.7,68.1,67.4,68.1,93617.0,68.8,68.6381,68.785,68.3417,71.3992,1.6418,-2.9915,3.811,0.4119,-0.7839,-0.9959,-16.133

PRICE_WINDOW_180_ROW_051=20260204,68.5,69.5,68.2,69.5,97536.0,68.76,68.7099,68.96,68.2083,71.245,2.0558,-0.2869,5.303,0.4484,1.1499,0.7831,-14.4089

PRICE_WINDOW_180_ROW_052=20260205,68.4,69.5,68.4,68.5,116355.0,68.4,68.6924,69.105,68.04,71.0092,-1.4388,-2.5605,4.4207,0.5393,-0.2801,-0.8755,-6.9293

PRICE_WINDOW_180_ROW_053=20260206,68.9,68.9,65.6,67.2,171138.0,68.06,68.568,69.1,67.9783,70.8425,-1.8978,-2.4673,-0.1486,0.8246,-1.9951,-2.7496,-7.8189

PRICE_WINDOW_180_ROW_054=20260209,68.5,69.6,68.3,68.6,162657.0,68.38,68.5707,69.05,67.9417,70.76,2.0833,2.3881,-1.4368,0.8487,0.0427,-0.6517,-4.5897

PRICE_WINDOW_180_ROW_055=20260210,69.0,70.6,68.8,70.6,209198.0,68.88,68.7398,69.11,67.9817,70.73,2.9155,3.6711,1.7291,1.093,2.7061,2.156,-1.8081

PRICE_WINDOW_180_ROW_056=20260211,75.0,75.4,71.4,72.1,1239880.0,69.4,69.0198,69.165,68.0833,70.7183,2.1246,3.741,1.5493,5.2243,4.4628,4.2435,-4.3767

PRICE_WINDOW_180_ROW_057=20260223,72.4,74.0,71.5,72.0,380935.0,70.1,69.2682,69.255,68.1917,70.7292,-0.1387,5.1095,2.5641,1.5488,3.9439,3.9636,-4.5093

PRICE_WINDOW_180_ROW_058=20260224,72.1,72.9,71.1,72.7,349791.0,71.2,69.5542,69.395,68.325,70.7433,0.9722,8.1845,4.0057,1.3808,4.5229,4.7626,-3.5809

PRICE_WINDOW_180_ROW_059=20260225,73.0,73.0,71.5,72.0,188545.0,71.88,69.758,69.53,68.4083,70.7475,-0.9629,4.9563,3.8961,0.7367,3.214,3.5524,-4.5093

PRICE_WINDOW_180_ROW_060=20260226,71.8,72.0,70.7,71.0,265019.0,71.96,69.8615,69.63,68.5117,70.7458,-1.3889,0.5666,2.8986,1.0134,1.6297,1.9675,-5.8355

PRICE_WINDOW_180_ROW_061=20260302,69.0,71.5,69.0,71.0,204810.0,71.74,69.9564,69.84,68.5933,70.745,0.0,-1.5257,6.2874,0.7973,1.4919,1.6609,-5.8355

PRICE_WINDOW_180_ROW_062=20260303,71.2,71.2,68.5,68.9,284628.0,71.12,69.8683,69.835,68.6267,70.7192,-2.9577,-4.3056,-0.1449,1.0948,-1.3859,-1.3389,-8.6207

PRICE_WINDOW_180_ROW_063=20260304,68.8,68.8,65.5,66.3,347987.0,69.84,69.571,69.69,68.6083,70.6608,-3.7736,-8.8033,-4.1908,1.2879,-4.7016,-4.8644,-12.069

PRICE_WINDOW_180_ROW_064=20260305,67.7,68.3,66.6,67.6,110497.0,68.96,69.4067,69.61,68.6167,70.6042,1.9608,-6.1111,-2.3121,0.4086,-2.6031,-2.8875,-10.3448

PRICE_WINDOW_180_ROW_065=20260306,67.6,68.2,67.0,67.5,82321.0,68.26,69.2478,69.475,68.6167,70.5508,-0.1479,-4.9296,-3.8462,0.3135,-2.524,-2.8427,-10.4775

PRICE_WINDOW_180_ROW_066=20260309,64.7,65.0,63.2,65.0,247875.0,67.06,68.8938,69.24,68.5917,70.5008,-3.7037,-8.4507,-6.7432,0.9456,-5.6519,-6.1236,-13.7931

PRICE_WINDOW_180_ROW_067=20260310,66.7,67.8,65.9,67.0,153975.0,66.68,68.736,69.075,68.58,70.4742,3.0769,-2.7576,-4.6942,0.6019,-2.5256,-3.004,-11.1406

PRICE_WINDOW_180_ROW_068=20260311,66.0,66.0,63.6,64.8,610749.0,66.38,68.408,68.87,68.53,70.4325,-3.2836,-2.2624,-5.9507,2.1968,-5.2743,-5.9097,-14.0584

PRICE_WINDOW_180_ROW_069=20260312,65.0,65.0,62.0,62.3,472087.0,65.32,67.899,68.635,68.42,70.3758,-3.858,-7.8402,-7.0149,1.6308,-8.2461,-9.23,-17.374

PRICE_WINDOW_180_ROW_070=20260313,61.2,62.4,60.8,62.1,202903.0,64.24,67.4158,68.335,68.2883,70.315,-0.321,-8.0,-8.8106,0.6879,-7.885,-9.1242,-17.6393

PRICE_WINDOW_180_ROW_071=20260316,61.9,63.0,61.5,62.5,139513.0,63.74,67.0061,67.985,68.1783,70.2342,0.6441,-3.8462,-10.0719,0.4697,-6.7249,-8.068,-17.1088

PRICE_WINDOW_180_ROW_072=20260317,62.5,64.0,62.5,63.6,166159.0,63.06,66.7223,67.74,68.075,70.1625,1.76,-5.0746,-7.1533,0.5547,-4.6795,-6.1116,-15.6499

PRICE_WINDOW_180_ROW_073=20260318,64.0,64.5,63.1,63.9,139355.0,62.88,66.4871,67.575,67.985,70.0575,0.4717,-1.3889,-4.9107,0.4677,-3.8911,-5.4384,-15.252

PRICE_WINDOW_180_ROW_074=20260319,63.5,64.3,63.0,63.0,152662.0,63.02,66.1965,67.295,67.8683,69.9758,-1.4085,1.1236,-8.1633,0.5132,-4.8288,-6.3823,-16.4456

PRICE_WINDOW_180_ROW_075=20260320,63.6,64.1,62.1,62.4,145647.0,63.08,65.8801,66.885,67.7483,69.8975,-0.9524,0.4831,-11.6147,0.4949,-5.2825,-6.7055,-17.2414

PRICE_WINDOW_180_ROW_076=20260323,62.2,62.9,61.1,62.0,136960.0,62.98,65.5568,66.38,67.635,69.8083,-0.641,-0.8,-14.0083,0.5728,-5.4255,-6.5984,-17.7719

PRICE_WINDOW_180_ROW_077=20260324,62.7,62.8,61.6,61.8,112292.0,62.62,65.2437,65.87,67.5483,69.7308,-0.3226,-2.8302,-14.1667,0.4976,-5.2782,-6.1788,-18.0371

PRICE_WINDOW_180_ROW_078=20260325,62.2,62.8,62.2,62.8,96689.0,62.4,65.0401,65.375,67.4617,69.6567,1.6181,-1.7214,-13.6176,0.4539,-3.4441,-3.9388,-16.7109

PRICE_WINDOW_180_ROW_079=20260326,63.1,64.9,63.1,64.3,204346.0,62.66,64.9784,64.99,67.41,69.59,2.3885,2.0635,-10.6944,0.9557,-1.044,-1.0617,-14.7215

PRICE_WINDOW_180_ROW_080=20260327,63.2,64.8,63.2,64.3,79620.0,63.04,64.9219,64.655,67.3483,69.5333,0.0,3.0449,-9.4366,0.3892,-0.9579,-0.5491,-14.7215

PRICE_WINDOW_180_ROW_081=20260330,64.0,64.3,63.2,64.1,84426.0,63.46,64.8534,64.31,67.2817,69.475,-0.311,3.3871,-9.7183,0.4252,-1.1617,-0.3265,-14.9867

PRICE_WINDOW_180_ROW_082=20260331,63.3,64.3,61.8,62.0,139434.0,63.5,64.6156,63.965,67.1917,69.3983,-3.2761,0.3236,-10.0145,0.729,-4.0479,-3.072,-17.7719

PRICE_WINDOW_180_ROW_083=20260401,63.0,65.4,62.8,64.5,182035.0,63.84,64.606,63.875,67.15,69.34,4.0323,2.707,-2.7149,0.9949,-0.164,0.9785,-14.4562

PRICE_WINDOW_180_ROW_084=20260402,65.4,65.4,63.3,63.9,117375.0,63.76,64.5471,63.69,67.0983,69.2883,-0.9302,-0.6221,-5.4734,0.6403,-1.0026,0.3297,-15.252

PRICE_WINDOW_180_ROW_085=20260407,64.7,65.3,64.2,64.6,57684.0,63.82,64.5515,63.545,67.0567,69.22,1.0955,0.4666,-4.2963,0.3168,0.0751,1.6602,-14.3236

PRICE_WINDOW_180_ROW_086=20260408,65.4,67.1,65.4,66.9,231459.0,64.38,64.7472,63.64,67.0667,69.1642,3.5604,4.3682,2.9231,1.2769,3.3249,5.1226,-11.2732

PRICE_WINDOW_180_ROW_087=20260409,68.0,68.0,66.1,67.0,136554.0,65.38,64.935,63.64,67.08,69.1075,0.1495,8.0645,0.0,0.757,3.1801,5.2797,-11.1406

PRICE_WINDOW_180_ROW_088=20260410,67.8,72.0,67.0,69.2,528533.0,66.32,65.2904,63.86,67.11,69.0783,3.2836,7.2868,6.7901,2.9981,5.988,8.362,-8.2228

PRICE_WINDOW_180_ROW_089=20260413,70.8,71.4,69.8,70.1,417470.0,67.56,65.6912,64.25,67.1817,69.0425,1.3006,9.7027,12.5201,2.4054,6.7114,9.1051,-7.0292

PRICE_WINDOW_180_ROW_090=20260414,70.3,72.4,70.3,71.3,331915.0,68.9,66.1586,64.71,67.2767,69.0167,1.7118,10.3715,14.8148,1.8439,7.7713,10.1839,-5.4377

PRICE_WINDOW_180_ROW_091=20260415,71.7,72.2,70.5,70.5,195642.0,69.62,66.5204,65.11,67.3517,68.9775,-1.122,5.3812,12.8,1.0702,5.9826,8.2783,-6.4987

PRICE_WINDOW_180_ROW_092=20260416,71.0,71.5,70.0,70.4,189844.0,70.3,66.8437,65.45,67.4317,68.9242,-0.1418,5.0746,10.6918,1.0318,5.3204,7.563,-6.6313

PRICE_WINDOW_180_ROW_093=20260417,70.4,73.0,70.4,72.3,502474.0,70.92,67.2984,65.87,67.515,68.8842,2.6989,4.4798,13.1455,2.4856,7.432,9.7617,-4.1114

PRICE_WINDOW_180_ROW_094=20260420,72.9,72.9,71.4,72.0,264652.0,71.3,67.6902,66.32,67.555,68.8608,-0.4149,2.7104,14.2857,1.2739,6.367,8.5645,-4.5093

PRICE_WINDOW_180_ROW_095=20260421,72.0,73.3,72.0,73.3,333569.0,71.7,68.1577,66.865,67.62,68.8375,1.8056,2.805,17.4679,1.5361,7.5448,9.6239,-2.7851

PRICE_WINDOW_180_ROW_096=20260422,73.4,75.7,73.0,75.4,584905.0,72.68,68.7612,67.535,67.6933,68.8383,2.8649,6.9504,21.6129,2.4417,9.6549,11.6458,-0.3963

PRICE_WINDOW_180_ROW_097=20260423,76.2,77.5,73.5,75.1,861900.0,73.62,69.2894,68.2,67.775,68.8417,-0.3979,6.6761,21.521,3.1113,8.386,10.1173,-3.0968

PRICE_WINDOW_180_ROW_098=20260424,77.0,77.4,74.7,76.3,571988.0,74.42,69.8736,68.875,67.8817,68.8433,1.5979,5.5325,21.4968,1.9016,9.1971,10.7804,-1.5484

PRICE_WINDOW_180_ROW_099=20260427,77.6,77.6,75.0,76.5,340200.0,75.32,70.4258,69.485,68.0017,68.8475,0.2621,6.25,18.9736,1.106,8.6249,10.0957,-1.4175

PRICE_WINDOW_180_ROW_100=20260428,76.9,79.9,76.2,78.7,712317.0,76.4,71.1153,70.205,68.1633,68.8775,2.8758,7.367,22.395,2.0999,10.6653,12.1003,-1.5019

PRICE_WINDOW_180_ROW_101=20260429,79.0,81.2,78.2,80.0,564809.0,77.32,71.8557,71.0,68.3833,68.915,1.6518,6.1008,24.805,1.5549,11.3342,12.6761,-1.4778

PRICE_WINDOW_180_ROW_102=20260430,80.0,80.4,78.9,79.9,350233.0,78.28,72.5261,71.895,68.565,68.9542,-0.125,6.3915,28.871,0.937,10.1673,11.1343,-1.601

PRICE_WINDOW_180_ROW_103=20260504,80.2,81.8,79.3,80.3,401739.0,79.08,73.1739,72.685,68.75,68.9867,0.5006,5.2425,24.4961,1.0441,9.7386,10.4767,-1.8337

PRICE_WINDOW_180_ROW_104=20260505,81.0,83.0,80.3,82.9,478709.0,80.36,73.9844,73.635,68.9783,69.045,3.2379,8.366,29.734,1.1884,12.0506,12.5823,-0.1205

PRICE_WINDOW_180_ROW_105=20260506,83.5,84.8,82.9,84.3,574613.0,81.48,74.8441,74.62,69.2133,69.0992,1.6888,7.1156,30.4954,1.3404,12.6342,12.9724,-0.5896

PRICE_WINDOW_180_ROW_106=20260507,85.8,88.5,85.8,88.5,928408.0,83.18,75.9821,75.7,69.5267,69.1783,4.9822,10.625,32.287,2.0029,16.4749,16.9089,0.0

PRICE_WINDOW_180_ROW_107=20260508,89.5,92.6,87.6,91.0,1489525.0,85.4,77.2335,76.9,69.8717,69.2942,2.8249,13.8924,35.8209,2.8042,17.8244,18.3355,-1.7279

PRICE_WINDOW_180_ROW_108=20260511,88.0,88.0,81.9,82.5,2837334.0,85.84,77.6724,77.565,70.0983,69.3517,-9.3407,2.7397,19.2197,4.388,6.2153,6.3624,-10.9071

PRICE_WINDOW_180_ROW_109=20260512,82.5,82.9,76.8,79.0,1292080.0,85.06,77.783,78.01,70.2983,69.375,-4.2424,-4.7045,12.6961,1.8716,1.5645,1.2691,-14.6868

PRICE_WINDOW_180_ROW_110=20260513,77.7,81.7,77.7,81.7,599084.0,84.54,78.1095,78.53,70.525,69.4333,3.4177,-3.0842,14.5863,0.8513,4.5968,4.0367,-11.7711

PRICE_WINDOW_180_ROW_111=20260514,82.0,84.5,82.0,83.0,898775.0,83.44,78.517,79.155,70.75,69.4792,1.5912,-6.2147,17.7305,1.2164,5.7096,4.8576,-10.3672

PRICE_WINDOW_180_ROW_112=20260515,85.0,91.0,83.8,86.6,1416199.0,82.56,79.1906,79.965,71.0517,69.5458,4.3373,-4.8352,23.0114,1.7699,9.3564,8.2974,-6.4795

PRICE_WINDOW_180_ROW_113=20260518,86.5,86.5,82.3,83.0,686034.0,82.66,79.508,80.5,71.315,69.6467,-4.157,0.6061,14.7994,0.8476,4.392,3.1056,-10.3672

PRICE_WINDOW_180_ROW_114=20260519,83.4,85.6,81.2,81.8,306681.0,83.22,79.699,80.99,71.535,69.7383,-1.4458,3.5443,13.6111,0.3779,2.6361,1.0001,-11.6631

PRICE_WINDOW_180_ROW_115=20260520,82.0,85.3,82.0,82.9,484839.0,83.46,79.9658,81.47,71.74,69.8608,1.3447,1.4688,13.0969,0.592,3.6693,1.7552,-10.4752

PRICE_WINDOW_180_ROW_116=20260521,83.5,85.3,83.4,85.3,502277.0,83.92,80.4103,81.965,71.96,70.0217,2.8951,2.7711,13.13,0.6164,6.0809,4.0688,-7.8834

PRICE_WINDOW_180_ROW_117=20260522,86.8,93.8,85.4,93.8,1916889.0,85.36,81.5261,82.9,72.3233,70.2575,9.9648,8.3141,24.9001,2.2093,15.0552,13.1484,0.0

PRICE_WINDOW_180_ROW_118=20260525,97.2,98.4,91.3,91.6,1848246.0,87.08,82.3656,83.665,72.6383,70.4817,-2.3454,10.3614,20.0524,1.9843,11.2115,9.4843,-6.9106

PRICE_WINDOW_180_ROW_119=20260526,92.5,95.0,89.1,94.4,852229.0,89.6,83.3685,84.56,73.0117,70.71,3.0568,15.4034,23.3987,0.8905,13.2323,11.6367,-4.065

PRICE_WINDOW_180_ROW_120=20260527,97.8,103.5,96.4,103.5,3687835.0,93.72,85.0461,85.8,73.5533,71.0325,9.6398,24.8492,31.5121,3.3349,21.6987,20.6294,0.0

PRICE_WINDOW_180_ROW_121=20260528,112.5,113.5,111.0,113.5,1151640.0,99.36,87.4173,87.475,74.2617,71.4275,9.6618,33.0598,41.875,1.0145,29.8371,29.7514,0.0

PRICE_WINDOW_180_ROW_122=20260529,122.5,122.5,104.0,117.5,5404264.0,104.1,89.9241,89.355,75.0717,71.8492,3.5242,25.2665,47.0588,3.8939,30.6657,31.498,-4.0816

PRICE_WINDOW_180_ROW_123=20260601,129.0,129.0,129.0,129.0,1451709.0,111.58,93.1805,91.79,76.1167,72.3625,9.7872,40.8297,60.6476,1.0079,38.441,40.5382,0.0

PRICE_WINDOW_180_ROW_124=20260602,128.5,128.5,120.0,127.0,1457232.0,118.1,95.9988,93.995,77.1067,72.8617,-1.5504,34.5339,53.1966,0.9785,32.2934,35.1136,-1.5504

PRICE_WINDOW_180_ROW_125=20260603,135.0,139.5,133.0,139.5,1336883.0,125.3,99.6239,96.755,78.3067,73.4617,9.8425,34.7826,65.4804,0.8753,40.0267,44.1786,0.0

PRICE_WINDOW_180_ROW_126=20260604,137.0,142.5,137.0,140.0,902161.0,130.6,102.9885,99.33,79.5567,74.0742,0.3584,23.348,58.1921,0.5912,35.9374,40.9443,-1.7544

PRICE_WINDOW_180_ROW_127=20260605,139.0,139.0,128.0,138.0,532990.0,134.7,105.9062,101.68,80.74,74.66,-1.4286,17.4468,51.6484,0.3606,30.304,35.7199,-3.1579

PRICE_WINDOW_180_ROW_128=20260608,124.5,126.5,124.5,124.5,521138.0,133.8,107.4557,103.78,81.735,75.1325,-9.7826,-3.4884,50.9091,0.3825,15.8618,19.9653,-12.6316

PRICE_WINDOW_180_ROW_129=20260609,126.0,136.0,120.0,133.0,482519.0,135.0,109.5843,106.48,82.9133,75.6667,6.8273,4.7244,68.3544,0.365,21.3677,24.9061,-6.6667

PRICE_WINDOW_180_ROW_130=20260610,130.0,138.0,122.0,123.0,532825.0,131.7,110.7023,108.545,83.9283,76.1083,-7.5188,-11.828,50.5508,0.4041,11.1088,13.3171,-13.6842

PRICE_WINDOW_180_ROW_131=20260611,111.5,119.0,111.5,117.0,681490.0,127.1,111.2271,110.245,84.8367,76.5075,-4.878,-16.4286,40.9639,0.5211,5.1902,6.1273,-17.8947

PRICE_WINDOW_180_ROW_132=20260612,122.0,122.0,117.0,119.5,393809.0,123.4,111.9165,111.89,85.7683,76.9217,2.1368,-13.4058,37.9908,0.3134,6.776,6.8013,-16.1404

PRICE_WINDOW_180_ROW_133=20260615,124.0,130.5,124.0,130.0,923565.0,124.5,113.4235,114.24,86.87,77.4275,8.7866,4.4177,56.6265,0.728,14.6147,13.7955,-8.7719

PRICE_WINDOW_180_ROW_134=20260616,124.0,129.0,119.5,123.0,1837916.0,122.5,114.2215,116.3,87.87,77.8692,-5.3846,-7.5188,50.3667,1.3664,7.6855,5.761,-13.6842

PRICE_WINDOW_180_ROW_135=20260617,121.0,123.5,118.0,122.5,842328.0,122.4,114.9114,118.28,88.8717,78.31,-0.4065,-0.4065,47.7684,0.618,6.6039,3.5678,-14.0351

PRICE_WINDOW_180_ROW_136=20260618,118.0,118.0,110.5,110.5,3310922.0,121.1,114.5438,119.54,89.68,78.6575,-9.7959,-5.5556,29.5428,2.2022,-3.5303,-7.5623,-22.4561

PRICE_WINDOW_180_ROW_137=20260622,108.5,113.5,106.5,110.0,2784370.0,119.2,114.1651,120.35,90.4833,79.0158,-0.4525,-7.9498,17.2708,1.8001,-3.6483,-8.5999,-22.807

PRICE_WINDOW_180_ROW_138=20260623,112.0,114.0,105.0,105.0,1306892.0,114.2,113.4014,121.02,91.1867,79.3242,-4.5455,-19.2308,14.6288,0.8599,-7.4085,-13.2375,-26.3158

PRICE_WINDOW_180_ROW_139=20260624,103.5,107.0,103.0,104.0,643109.0,110.4,112.6179,121.5,91.8483,79.6292,-0.9524,-15.4472,10.1695,0.4261,-7.6524,-14.4033,-27.0175

PRICE_WINDOW_180_ROW_140=20260625,106.0,106.0,102.0,102.0,536400.0,106.3,111.7331,121.425,92.4767,79.9125,-1.9231,-16.7347,-1.4493,0.3968,-8.711,-15.9975,-28.4211

PRICE_WINDOW_180_ROW_141=20260626,101.5,103.0,96.2,96.7,962117.0,103.54,110.4803,120.585,93.02,80.1508,-5.1961,-12.4887,-14.8018,0.7168,-12.4731,-19.8076,-32.1404

PRICE_WINDOW_180_ROW_142=20260629,98.2,101.5,96.8,98.2,667603.0,101.18,109.457,119.62,93.6233,80.4075,1.5512,-10.7273,-16.4255,0.6039,-10.2844,-17.9067,-31.0877

PRICE_WINDOW_180_ROW_143=20260630,99.7,100.5,98.2,99.9,391074.0,100.16,108.6606,118.165,94.2133,80.6817,1.7312,-4.8571,-22.5581,0.3716,-8.0623,-15.4572,-29.8947

PRICE_WINDOW_180_ROW_144=20260701,100.0,102.5,98.0,98.0,617170.0,98.96,107.7722,116.715,94.7817,80.94,-1.9019,-5.7692,-22.8346,0.6108,-9.0674,-16.0348,-31.2281

PRICE_WINDOW_180_ROW_145=20260702,96.1,100.0,96.1,99.9,290226.0,98.54,107.1162,114.735,95.37,81.2133,1.9388,-2.0588,-28.3871,0.3029,-6.7368,-12.9298,-29.8947

PRICE_WINDOW_180_ROW_146=20260703,100.5,101.0,98.7,98.8,291714.0,98.96,106.4232,112.675,95.9017,81.4842,-1.1011,2.1717,-29.4286,0.3145,-7.1631,-12.3142,-30.6667

PRICE_WINDOW_180_ROW_147=20260706,103.0,108.5,100.5,100.5,727994.0,99.42,105.9296,110.8,96.46,81.77,1.7206,2.3422,-27.1739,0.7767,-5.1256,-9.296,-29.4737

PRICE_WINDOW_180_ROW_148=20260707,100.5,101.5,96.6,97.1,580143.0,98.86,105.1938,109.43,96.925,82.0175,-3.3831,-2.8028,-22.008,0.617,-7.6941,-11.2675,-31.8596

PRICE_WINDOW_180_ROW_149=20260708,97.2,98.4,94.5,96.2,431397.0,98.5,104.4443,107.59,97.36,82.2708,-0.9269,-1.8367,-27.6692,0.4601,-7.8935,-10.5865,-32.4912

PRICE_WINDOW_180_ROW_150=20260709,96.8,100.5,96.5,99.3,456819.0,98.38,104.0156,106.405,97.8267,82.5517,3.2225,-0.6006,-19.2683,0.4892,-4.5335,-6.6773,-30.3158

PRICE_WINDOW_180_ROW_151=20260713,99.3,99.5,91.2,92.8,728436.0,97.18,103.081,105.195,98.1983,82.775,-6.5458,-6.0729,-20.6838,0.7781,-9.9737,-11.7829,-34.8772

PRICE_WINDOW_180_ROW_152=20260714,92.3,94.2,88.1,89.8,670278.0,95.04,101.9742,103.71,98.5217,82.9767,-3.2328,-10.6468,-24.8536,0.7055,-11.9385,-13.4124,-36.9825

PRICE_WINDOW_180_ROW_153=20260715,90.5,91.3,89.0,90.9,268464.0,93.8,101.0514,101.755,98.8317,83.1733,1.2249,-6.3852,-30.0769,0.2927,-10.0457,-10.6678,-36.2105

PRICE_WINDOW_180_ROW_154=20260716,90.6,90.7,88.5,89.0,171843.0,92.36,100.0471,100.055,99.115,83.335,-2.0902,-7.4844,-27.6423,0.2061,-11.0419,-11.0489,-37.5439

PRICE_WINDOW_180_ROW_155=20260717,85.3,86.6,82.5,84.0,508536.0,89.3,98.7098,98.13,99.2933,83.4567,-5.618,-15.4079,-31.4286,0.6222,-14.9021,-14.3993,-41.0526

PRICE_WINDOW_180_ROW_156=20260720,84.0,84.0,78.6,80.7,464096.0,86.88,97.209,96.64,99.3817,83.5375,-3.9286,-13.0388,-26.9683,0.6876,-16.983,-16.4942,-43.3684

PRICE_WINDOW_180_ROW_157=20260721,80.7,83.5,80.7,82.9,188430.0,85.5,96.0166,95.285,99.5117,83.6433,2.7261,-7.6837,-24.6364,0.3457,-13.6608,-12.9978,-41.8246

PRICE_WINDOW_180_ROW_158=20260722,84.1,87.9,84.1,86.3,355767.0,84.58,95.2069,94.35,99.6783,83.78,4.1013,-5.0605,-17.8095,0.715,-9.3553,-8.5321,-39.4386

PRICE_WINDOW_180_ROW_159=20260723,86.3,87.2,84.7,85.4,212644.0,83.86,94.3896,93.42,99.8267,83.9142,-1.0429,-4.0449,-17.8846,0.4467,-9.524,-8.5849,-40.0702

PRICE_WINDOW_180_ROW_160=20260724,86.3,86.5,83.6,85.1,127211.0,84.08,93.6155,92.575,99.9333,84.0483,-0.3513,1.3095,-16.5686,0.2792,-9.0962,-8.0745,-40.2807

PRICE_WINDOW_180_ROW_161=20260727,85.1,86.0,83.3,84.7,119036.0,84.88,92.8725,91.975,100.0117,84.1975,-0.47,4.9566,-12.4095,0.2879,-8.7997,-7.9098,-40.5614

PRICE_WINDOW_180_ROW_162=20260728,83.6,83.6,80.5,80.8,224731.0,84.46,91.8665,91.105,100.0267,84.2958,-4.6045,-2.5332,-17.7189,0.5743,-12.0463,-11.3111,-43.2982

PRICE_WINDOW_180_ROW_163=20260729,82.0,82.5,75.4,78.5,550368.0,82.9,90.7526,90.035,99.9967,84.3733,-2.8465,-9.0382,-21.4214,1.3785,-13.5011,-12.8117,-44.9123

PRICE_WINDOW_180_ROW_164=20260730,79.7,80.5,77.5,78.0,222949.0,81.42,89.6899,89.035,99.915,84.4467,-0.6369,-8.6651,-20.4082,0.5874,-13.0337,-12.394,-45.2632

PRICE_WINDOW_180_ROW_165=20260731,82.3,83.8,80.2,83.3,541447.0,81.06,89.1574,88.205,99.8983,84.5558,6.7949,-2.1152,-16.6166,1.3808,-6.5697,-5.5609,-41.5439

PRICE_WINDOW_180_ROW_166=20260803,83.4,88.3,82.9,87.2,408299.0,81.56,88.9943,87.625,99.8767,84.7017,4.6819,2.9516,-11.7409,1.026,-2.0162,-0.485,-38.807

PRICE_WINDOW_180_ROW_167=20260804,88.0,89.5,86.1,88.1,394848.0,83.02,88.9198,87.005,99.8283,84.85,1.0321,9.0347,-12.3383,1.0356,-0.9219,1.2585,-38.1754

PRICE_WINDOW_180_ROW_168=20260805,89.1,91.8,87.7,88.8,505902.0,85.08,88.9098,86.59,99.9333,85.0158,0.7946,13.121,-8.5479,1.3399,-0.1235,2.5523,-37.6842

PRICE_WINDOW_180_ROW_169=20260806,89.0,90.7,87.3,90.3,589745.0,87.54,89.0256,86.295,100.1217,85.21,1.6892,15.7692,-6.1331,1.5298,1.4315,4.6411,-36.6316

PRICE_WINDOW_180_ROW_170=20260807,91.2,91.2,87.9,89.2,369360.0,88.72,89.0402,85.79,100.2467,85.3858,-1.2182,7.0828,-10.1712,0.9691,0.1795,3.9748,-37.4035

PRICE_WINDOW_180_ROW_171=20260810,89.7,90.2,88.6,90.1,336193.0,89.3,89.1285,85.655,100.365,85.5575,1.009,3.3257,-2.9095,0.93,1.09,5.1894,-36.7719

PRICE_WINDOW_180_ROW_172=20260811,91.0,91.9,90.2,91.0,360327.0,89.88,89.2844,85.715,100.4383,85.745,0.9989,3.2917,1.3363,1.0414,1.9214,6.1658,-36.1404

PRICE_WINDOW_180_ROW_173=20260812,91.3,91.3,87.3,89.3,602617.0,89.98,89.2857,85.635,100.5433,85.9292,-1.8681,0.5631,-1.7602,1.6614,0.016,4.2798,-37.3333

PRICE_WINDOW_180_ROW_174=20260813,90.0,91.9,89.3,90.0,430181.0,89.92,89.3453,85.685,100.68,86.1075,0.7839,-0.3322,1.1236,1.1452,0.7328,5.0359,-36.8421

PRICE_WINDOW_180_ROW_175=20260814,90.6,92.2,89.3,90.0,502822.0,90.08,89.3998,85.985,100.7983,86.2692,0.0,0.8969,7.1429,1.3396,0.6713,4.6694,-36.8421

PRICE_WINDOW_180_ROW_176=20260817,90.4,90.4,87.5,88.0,415552.0,89.66,89.2832,86.35,100.8433,86.4017,-2.2222,-2.3307,9.0458,1.1143,-1.4372,1.9108,-38.2456

PRICE_WINDOW_180_ROW_177=20260818,88.0,88.6,85.8,86.1,324895.0,88.68,89.0179,86.51,100.715,86.5192,-2.1591,-5.3846,3.8601,0.8556,-3.2779,-0.4739,-39.5789

PRICE_WINDOW_180_ROW_178=20260819,84.9,85.6,83.3,84.0,220529.0,87.62,88.5998,86.395,100.5883,86.6133,-2.439,-5.9351,-2.6651,0.5913,-5.1916,-2.7722,-41.0526

PRICE_WINDOW_180_ROW_179=20260820,85.3,85.5,83.1,84.5,155341.0,86.52,88.2581,86.35,100.4233,86.7175,0.5952,-6.1111,-1.0539,0.4197,-4.2581,-2.1424,-40.7018

PRICE_WINDOW_180_ROW_180=20260821,85.1,85.2,83.6,83.6,111102.0,85.24,87.8699,86.275,100.0917,86.8225,-1.0651,-7.1111,-1.7626,0.3008,-4.8594,-3.1006,-41.3333
