# PRICE_WINDOW_180

columns=date,open,high,low,close,volume,ma5,ema23,ma20,ma60,ma120,return_1d,return_5d,return_20d,volume_ratio,distance_to_ema23_pct,distance_to_ma20_pct,distance_to_high_60_pct

PRICE_WINDOW_180_ROW_001=20251124,130.5,131.0,129.0,129.5,165000.0,132.5,178.5094,145.525,156.6458,156.6458,0.3876,-8.8028,-9.4406,0.2463,-27.4548,-11.0119,-68.6441

PRICE_WINDOW_180_ROW_002=20251125,131.0,134.0,131.0,131.5,252000.0,131.5,174.592,145.2,155.64,155.64,1.5444,-3.663,-4.7101,0.3922,-24.6815,-9.4353,-68.1598

PRICE_WINDOW_180_ROW_003=20251126,133.5,135.5,132.5,135.0,131000.0,131.9,171.2926,144.45,154.8462,154.8462,2.6616,1.5038,-10.0,0.2522,-21.1875,-6.5421,-67.3123

PRICE_WINDOW_180_ROW_004=20251127,136.0,137.0,133.5,133.5,170000.0,131.7,168.1432,143.2,154.0556,154.0556,-1.1111,-0.7435,-15.7729,0.3986,-20.6034,-6.7737,-67.6755

PRICE_WINDOW_180_ROW_005=20251128,137.0,137.5,135.0,135.5,202000.0,133.0,165.423,142.175,153.3929,153.3929,1.4981,5.0388,-13.141,0.5256,-18.0888,-4.6949,-67.1913

PRICE_WINDOW_180_ROW_006=20251201,136.0,136.0,133.5,134.5,107000.0,134.0,162.8461,141.0,152.7414,152.7414,-0.738,3.861,-14.8734,0.3113,-17.4067,-4.6099,-67.4334

PRICE_WINDOW_180_ROW_007=20251202,134.5,138.0,133.5,137.0,173000.0,135.1,160.6922,140.075,152.2167,152.2167,1.8587,4.1825,-11.8971,0.5286,-14.7439,-2.1953,-66.8281

PRICE_WINDOW_180_ROW_008=20251203,142.5,145.0,139.0,140.0,843000.0,136.1,158.9679,139.45,151.8226,151.8226,2.1898,3.7037,-8.1967,2.4563,-11.9319,0.3944,-66.1017

PRICE_WINDOW_180_ROW_009=20251204,142.0,143.5,136.5,137.5,317000.0,136.9,157.1789,138.625,151.375,151.375,-1.7857,2.9963,-10.7143,0.9237,-12.5201,-0.8115,-66.707

PRICE_WINDOW_180_ROW_010=20251205,137.0,137.5,135.0,136.0,128000.0,137.0,155.414,137.925,150.9091,150.9091,-1.0909,0.369,-9.3333,0.3992,-12.4918,-1.3957,-67.0702

PRICE_WINDOW_180_ROW_011=20251208,136.0,136.5,134.5,135.5,78000.0,137.2,153.7545,137.35,150.4559,150.4559,-0.3676,0.7435,-7.8231,0.2565,-11.8725,-1.3469,-67.1913

PRICE_WINDOW_180_ROW_012=20251209,135.5,137.5,134.5,135.0,87000.0,136.8,152.1916,136.6,150.0143,150.0143,-0.369,-1.4599,-10.0,0.2961,-11.296,-1.1713,-67.3123

PRICE_WINDOW_180_ROW_013=20251210,135.0,135.0,133.0,133.5,134000.0,135.5,150.634,135.925,149.5556,149.5556,-1.1111,-4.6429,-9.1837,0.4674,-11.3746,-1.7841,-67.6755

PRICE_WINDOW_180_ROW_014=20251211,134.0,136.0,130.5,131.0,219000.0,134.2,148.9978,135.15,149.0541,149.0541,-1.8727,-4.7273,-10.5802,0.7801,-12.0792,-3.0707,-68.2809

PRICE_WINDOW_180_ROW_015=20251212,131.5,131.5,129.5,129.5,141000.0,132.9,147.373,134.475,148.5395,148.5395,-1.145,-4.7794,-9.4406,0.5339,-12.1277,-3.6996,-68.6441

PRICE_WINDOW_180_ROW_016=20251215,128.0,129.5,126.0,128.5,144000.0,131.5,145.8002,133.8,148.0256,148.0256,-0.7722,-5.1661,-9.507,0.5778,-11.8657,-3.9611,-68.8862

PRICE_WINDOW_180_ROW_017=20251216,129.0,129.0,125.5,127.5,96000.0,130.0,144.2752,133.35,147.5125,147.5125,-0.7782,-5.5556,-6.5934,0.4216,-11.6272,-4.387,-69.1283

PRICE_WINDOW_180_ROW_018=20251217,127.0,136.0,127.0,133.0,313000.0,129.9,143.3356,133.35,147.1585,147.1585,4.3137,-0.3745,0.0,1.4137,-7.2108,-0.2625,-67.7966

PRICE_WINDOW_180_ROW_019=20251218,133.5,134.5,130.0,133.0,126000.0,130.3,142.4743,133.275,146.8214,146.8214,0.0,1.5267,-1.1152,0.5892,-6.6498,-0.2063,-67.7966

PRICE_WINDOW_180_ROW_020=20251219,134.0,135.5,131.0,131.5,148000.0,130.7,141.5598,133.4,146.4651,146.4651,-1.1278,1.5444,1.938,0.7448,-7.1064,-1.4243,-68.1598

PRICE_WINDOW_180_ROW_021=20251222,131.5,133.0,131.0,132.0,96000.0,131.4,140.7631,133.525,146.1364,146.1364,0.3802,2.7237,1.9305,0.4917,-6.2255,-1.1421,-68.0387

PRICE_WINDOW_180_ROW_022=20251223,133.0,133.0,129.0,129.5,155000.0,131.8,139.8245,133.425,145.7667,145.7667,-1.8939,1.5686,-1.5209,0.8141,-7.3839,-2.9417,-68.6441

PRICE_WINDOW_180_ROW_023=20251224,130.0,132.0,128.0,130.5,121000.0,131.3,139.0475,133.2,145.4348,145.4348,0.7722,-1.8797,-3.3333,0.6372,-6.1472,-2.027,-68.4019

PRICE_WINDOW_180_ROW_024=20251226,130.0,131.0,129.0,130.5,92000.0,130.8,138.3352,133.05,145.117,145.117,0.0,-1.8797,-2.2472,0.4946,-5.6639,-1.9166,-68.4019

PRICE_WINDOW_180_ROW_025=20251229,131.0,143.5,131.0,141.0,932000.0,132.7,138.5573,133.325,145.0312,145.0312,8.046,7.2243,4.059,4.1888,1.763,5.7566,-65.8596

PRICE_WINDOW_180_ROW_026=20251230,141.0,142.0,135.5,135.5,517000.0,133.4,138.3025,133.375,144.8367,144.8367,-3.9007,2.6515,0.7435,2.1276,-2.0264,1.5933,-67.1913

PRICE_WINDOW_180_ROW_027=20251231,136.5,137.5,133.5,133.5,330000.0,134.2,137.9023,133.2,144.61,144.61,-1.476,3.0888,-2.5547,1.3155,-3.1923,0.2252,-67.6755

PRICE_WINDOW_180_ROW_028=20260102,135.5,142.0,135.0,137.5,539000.0,135.6,137.8688,133.075,144.4706,144.4706,2.9963,5.364,-1.7857,2.2873,-0.2675,3.3252,-66.707

PRICE_WINDOW_180_ROW_029=20260105,138.5,139.0,132.0,132.5,342000.0,136.0,137.4214,132.825,144.2404,144.2404,-3.6364,1.5326,-3.6364,1.4436,-3.5812,-0.2447,-67.9177

PRICE_WINDOW_180_ROW_030=20260106,133.0,135.5,133.0,135.0,220000.0,134.8,137.2196,132.775,144.066,144.066,1.8868,-4.2553,-0.7353,0.911,-1.6175,1.6758,-67.3123

PRICE_WINDOW_180_ROW_031=20260107,133.5,139.0,133.5,138.0,392000.0,135.3,137.2846,132.9,143.9537,143.9537,2.2222,1.845,1.845,1.5241,0.5211,3.8375,-66.586

PRICE_WINDOW_180_ROW_032=20260108,137.0,137.5,133.5,134.0,178000.0,135.4,137.0109,132.85,143.7727,143.7727,-2.8986,0.3745,-0.7407,0.68,-2.1976,0.8656,-67.5545

PRICE_WINDOW_180_ROW_033=20260109,135.0,136.5,132.0,135.0,172000.0,134.9,136.8433,132.925,143.6161,143.6161,0.7463,-1.8182,1.1236,0.6524,-1.347,1.561,-67.3123

PRICE_WINDOW_180_ROW_034=20260112,135.0,140.5,135.0,139.0,344000.0,136.2,137.0231,133.325,143.5351,143.5351,2.963,4.9057,6.1069,1.2745,1.4428,4.2565,-66.3438

PRICE_WINDOW_180_ROW_035=20260113,142.5,142.5,137.0,139.5,202000.0,137.1,137.2295,133.825,143.4655,143.4655,0.3597,3.3333,7.722,0.7401,1.6546,4.2406,-66.2228

PRICE_WINDOW_180_ROW_036=20260114,138.5,146.0,138.5,142.5,671000.0,138.0,137.6687,134.525,143.4492,143.4492,2.1505,3.2609,10.8949,2.2419,3.5094,5.9283,-65.4964

PRICE_WINDOW_180_ROW_037=20260115,144.5,145.0,141.0,141.5,271000.0,139.5,137.988,135.225,143.4167,143.4167,-0.7018,5.597,10.9804,0.8797,2.5452,4.6404,-65.7385

PRICE_WINDOW_180_ROW_038=20260116,143.0,155.5,141.5,155.5,1223000.0,143.6,139.4473,136.35,139.125,143.6148,9.894,15.1852,16.9173,3.4592,11.5117,14.0447,-5.4711

PRICE_WINDOW_180_ROW_039=20260119,159.5,161.0,152.5,155.5,1221000.0,146.9,140.785,137.475,139.3833,143.8065,0.0,11.8705,16.9173,2.9904,10.4521,13.1115,-5.4711

PRICE_WINDOW_180_ROW_040=20260120,158.5,159.0,152.5,155.5,879000.0,150.1,142.0113,138.675,139.425,143.9921,0.0,11.4695,18.251,1.9759,9.4984,12.1327,-5.4711

PRICE_WINDOW_180_ROW_041=20260121,153.0,159.5,152.5,152.5,672000.0,152.1,142.8853,139.7,139.5833,144.125,-1.9293,7.0175,15.5303,1.4188,6.7289,9.1625,-7.2948

PRICE_WINDOW_180_ROW_042=20260122,154.0,159.5,152.0,152.5,609000.0,154.3,143.6865,140.85,139.825,144.2538,0.0,7.7739,17.7606,1.227,6.1338,8.2712,-7.2948

PRICE_WINDOW_180_ROW_043=20260123,153.5,153.5,145.0,146.5,780000.0,152.5,143.921,141.65,139.7667,144.2879,-3.9344,-5.7878,12.2605,1.4736,1.792,3.4239,-10.9422

PRICE_WINDOW_180_ROW_044=20260126,145.0,148.0,144.0,146.5,261000.0,150.7,144.1359,142.45,139.5667,144.3209,0.0,-5.7878,12.2605,0.4854,1.6402,2.8431,-10.9422

PRICE_WINDOW_180_ROW_045=20260127,150.5,151.0,146.0,147.5,314000.0,149.1,144.4163,142.775,139.425,144.3676,0.6826,-5.1447,4.6099,0.6195,2.1353,3.3094,-9.2308

PRICE_WINDOW_180_ROW_046=20260128,150.0,158.0,149.5,155.5,965000.0,149.7,145.3399,143.775,139.3833,144.529,5.4237,1.9672,14.7601,1.8233,6.9906,8.1551,-3.7152

PRICE_WINDOW_180_ROW_047=20260129,158.5,162.0,149.5,161.0,1175000.0,151.4,146.6449,145.15,139.475,144.7643,3.537,5.5738,20.5993,2.056,9.789,10.9197,-0.6173

PRICE_WINDOW_180_ROW_048=20260130,161.0,163.0,150.0,150.0,1172000.0,152.1,146.9245,145.775,139.4333,144.838,-6.8323,2.3891,9.0909,1.9431,2.0932,2.8983,-7.9755

PRICE_WINDOW_180_ROW_049=20260202,148.0,152.0,145.5,147.5,503000.0,152.3,146.9725,146.525,139.325,144.875,-1.6667,0.6826,11.3208,0.823,0.3589,0.6654,-9.5092

PRICE_WINDOW_180_ROW_050=20260203,153.0,153.0,143.0,147.0,403000.0,152.2,146.9748,147.125,139.275,144.9041,-0.339,-0.339,8.8889,0.6496,0.0172,-0.085,-9.816

PRICE_WINDOW_180_ROW_051=20260204,147.5,148.0,146.5,148.0,152000.0,150.7,147.0602,147.625,139.2917,144.9459,0.6803,-4.8232,7.2464,0.2499,0.6391,0.254,-9.2025

PRICE_WINDOW_180_ROW_052=20260205,147.5,153.0,146.0,151.5,275000.0,148.8,147.4302,148.5,139.3167,145.0333,2.3649,-5.9006,13.0597,0.4485,2.7605,2.0202,-7.0552

PRICE_WINDOW_180_ROW_053=20260206,151.0,151.0,142.5,146.5,365000.0,148.1,147.3527,149.075,139.3083,145.0526,-3.3003,-2.3333,8.5185,0.586,-0.5787,-1.7273,-10.1227

PRICE_WINDOW_180_ROW_054=20260209,150.0,153.5,149.5,149.5,307000.0,148.5,147.5316,149.6,139.3583,145.1104,2.0478,1.3559,7.554,0.4944,1.3342,-0.0668,-8.2822

PRICE_WINDOW_180_ROW_055=20260210,151.5,151.5,146.5,146.5,219000.0,148.4,147.4456,149.95,139.4167,145.1282,-2.0067,-0.3401,5.0179,0.3522,-0.6413,-2.3008,-10.1227

PRICE_WINDOW_180_ROW_056=20260211,150.0,151.0,144.5,146.5,250000.0,148.1,147.3668,150.15,139.4917,145.1456,0.0,-1.0135,2.807,0.4161,-0.5882,-2.4309,-10.1227

PRICE_WINDOW_180_ROW_057=20260223,156.5,161.0,154.5,161.0,1588000.0,150.0,148.5029,151.125,139.9,145.3438,9.8976,6.2706,13.7809,2.3821,8.4154,6.5343,-1.227

PRICE_WINDOW_180_ROW_058=20260224,165.0,177.0,165.0,177.0,1862000.0,156.1,150.8777,152.2,140.6333,145.7346,9.9379,20.8191,13.8264,2.6653,17.3136,16.2943,0.0

PRICE_WINDOW_180_ROW_059=20260225,182.0,191.5,178.5,184.0,3145000.0,163.0,153.6379,153.625,141.4583,146.2012,3.9548,23.0769,18.328,3.957,19.7621,19.7722,-3.9164

PRICE_WINDOW_180_ROW_060=20260226,184.0,195.0,180.5,183.0,2903000.0,170.3,156.0847,155.0,142.3583,146.6446,-0.5435,24.9147,17.6849,3.24,17.244,18.0645,-6.1538

PRICE_WINDOW_180_ROW_061=20260302,176.5,185.0,173.5,180.0,1130000.0,177.0,158.0777,156.375,143.2,147.0417,-1.6393,22.8669,18.0328,1.2297,13.8681,15.1079,-7.6923

PRICE_WINDOW_180_ROW_062=20260303,180.5,186.0,175.5,179.0,867000.0,180.6,159.8212,157.7,143.9917,147.4176,-0.5556,11.1801,17.377,0.9305,12.0002,13.5067,-8.2051

PRICE_WINDOW_180_ROW_063=20260304,175.0,177.5,167.0,168.0,1006000.0,178.8,160.5028,158.775,144.5417,147.657,-6.1453,-5.0847,14.6758,1.0667,4.6711,5.8101,-13.8462

PRICE_WINDOW_180_ROW_064=20260305,173.5,177.5,171.0,177.5,636000.0,177.5,161.9192,160.325,145.275,148.0,5.6548,-3.5326,21.1604,0.6612,9.6226,10.7126,-8.9744

PRICE_WINDOW_180_ROW_065=20260306,174.5,182.0,172.5,181.5,588000.0,177.2,163.5509,162.025,146.0417,148.3807,2.2535,-0.8197,23.0508,0.6027,10.9746,12.0198,-6.9231

PRICE_WINDOW_180_ROW_066=20260309,169.0,170.0,163.5,164.5,728000.0,174.1,163.63,162.475,146.5417,148.5618,-9.3664,-8.6111,5.7878,0.7554,0.5317,1.2463,-15.641

PRICE_WINDOW_180_ROW_067=20260310,170.0,173.0,166.0,172.0,620000.0,172.7,164.3275,163.025,147.125,148.8222,4.5593,-3.9106,6.8323,0.6624,4.669,5.5053,-11.7949

PRICE_WINDOW_180_ROW_068=20260311,173.0,189.0,173.0,189.0,1300000.0,176.9,166.3836,164.975,147.9417,149.2637,9.8837,12.5,26.0,1.3795,13.593,14.5628,-3.0769

PRICE_WINDOW_180_ROW_069=20260312,196.5,207.5,196.0,207.5,4027000.0,182.9,169.8099,167.975,149.1083,149.8967,9.7884,16.9014,40.678,3.6002,22.1954,23.5303,0.0

PRICE_WINDOW_180_ROW_070=20260313,205.0,215.0,201.0,211.5,3930000.0,188.9,173.2841,171.2,150.3667,150.5591,1.9277,16.5289,43.8776,3.035,22.0539,23.5397,-1.6279

PRICE_WINDOW_180_ROW_071=20260316,219.5,224.0,205.0,210.0,2933000.0,198.0,176.3438,174.3,151.6083,151.1915,-0.7092,27.6596,41.8919,2.0454,19.0856,20.4819,-6.25

PRICE_WINDOW_180_ROW_072=20260317,206.0,218.5,206.0,208.5,1906000.0,205.3,179.0234,177.15,152.8333,151.7947,-0.7143,21.2209,37.6238,1.2577,16.4652,17.6969,-6.9196

PRICE_WINDOW_180_ROW_073=20260318,207.0,213.5,207.0,212.5,990000.0,210.0,181.8132,180.45,154.15,152.4271,1.9185,12.4339,45.0512,0.6401,16.8782,17.7612,-5.1339

PRICE_WINDOW_180_ROW_074=20260319,210.0,215.0,205.0,207.0,1234000.0,209.9,183.9121,183.325,155.4167,152.9897,-2.5882,-0.241,38.4615,0.7746,12.5538,12.9142,-7.5893

PRICE_WINDOW_180_ROW_075=20260320,206.0,209.0,201.0,202.5,843000.0,208.1,185.4611,186.125,156.6333,153.4949,-2.1739,-4.2553,38.2253,0.519,9.1873,8.7979,-9.5982

PRICE_WINDOW_180_ROW_076=20260323,198.5,200.5,192.0,196.5,603000.0,205.4,186.381,188.625,157.7667,153.9293,-2.963,-6.4286,34.1297,0.3672,5.4292,4.175,-12.2768

PRICE_WINDOW_180_ROW_077=20260324,203.0,208.5,194.0,201.0,1146000.0,203.9,187.5992,190.625,158.9917,154.4,2.2901,-3.5971,24.8447,0.7075,7.1433,5.4426,-10.2679

PRICE_WINDOW_180_ROW_078=20260325,205.0,208.0,203.0,205.0,711000.0,202.4,189.0493,192.025,160.1917,154.901,1.99,-3.5294,15.8192,0.4551,8.4373,6.7569,-8.4821

PRICE_WINDOW_180_ROW_079=20260326,206.5,211.0,198.0,198.0,759000.0,200.6,189.7952,192.725,161.275,155.3235,-3.4146,-4.3478,7.6087,0.526,4.323,2.7371,-11.6071

PRICE_WINDOW_180_ROW_080=20260327,196.0,201.5,195.0,200.5,388000.0,200.2,190.6872,193.6,162.425,155.7621,1.2626,-0.9877,9.5628,0.2946,5.146,3.564,-10.4911

PRICE_WINDOW_180_ROW_081=20260330,200.0,200.0,191.5,192.0,488000.0,199.3,190.7966,194.2,163.425,156.1106,-4.2394,-2.2901,6.6667,0.3797,0.6307,-1.1329,-14.2857

PRICE_WINDOW_180_ROW_082=20260331,192.0,193.0,177.0,181.5,825000.0,195.4,190.0219,194.325,164.2917,156.3524,-5.4688,-9.7015,1.3966,0.643,-4.4847,-6.5998,-18.9732

PRICE_WINDOW_180_ROW_083=20260401,190.0,191.0,184.0,184.0,380000.0,191.2,189.5201,195.125,165.1833,156.6132,1.3774,-10.2439,9.5238,0.3036,-2.9127,-5.7015,-17.8571

PRICE_WINDOW_180_ROW_084=20260402,188.0,189.5,180.5,180.5,243000.0,187.7,188.7684,195.275,166.0167,156.8364,-1.9022,-8.8384,1.6901,0.1972,-4.3802,-7.5663,-19.4196

PRICE_WINDOW_180_ROW_085=20260407,186.0,191.0,182.5,190.0,346000.0,185.6,188.8711,195.7,166.8333,157.1435,5.2632,-5.2369,4.6832,0.2836,0.5977,-2.9126,-15.1786

PRICE_WINDOW_180_ROW_086=20260408,197.0,201.0,192.0,198.0,673000.0,186.8,189.6318,197.375,167.875,157.5183,4.2105,3.125,20.3647,0.5529,4.4129,0.3167,-11.6071

PRICE_WINDOW_180_ROW_087=20260409,198.0,199.0,190.5,199.0,547000.0,190.3,190.4125,198.725,168.9667,157.8955,0.5051,9.6419,15.6977,0.4507,4.51,0.1384,-11.1607

PRICE_WINDOW_180_ROW_088=20260410,201.5,203.5,192.0,193.0,818000.0,192.1,190.6281,198.925,169.8917,158.2117,-3.0151,4.8913,2.1164,0.6877,1.2443,-2.9785,-13.8393

PRICE_WINDOW_180_ROW_089=20260413,192.0,197.5,191.0,193.5,378000.0,194.7,190.8674,198.225,170.9083,158.5268,0.2591,7.2022,-6.747,0.3754,1.3793,-2.3837,-13.6161

PRICE_WINDOW_180_ROW_090=20260414,195.5,196.5,189.0,194.5,465000.0,195.6,191.1701,197.375,171.9,158.8451,0.5168,2.3684,-8.0378,0.5577,1.7418,-1.4566,-13.1696

PRICE_WINDOW_180_ROW_091=20260415,196.5,201.0,192.5,192.5,562000.0,194.5,191.281,196.5,172.8083,159.1404,-1.0283,-2.7778,-8.3333,0.7857,0.6373,-2.0356,-14.0625

PRICE_WINDOW_180_ROW_092=20260416,195.0,204.0,194.0,198.0,969000.0,194.3,191.8409,195.975,173.875,159.4783,2.8571,-0.5025,-5.036,1.4497,3.2105,1.0333,-11.6071

PRICE_WINDOW_180_ROW_093=20260417,200.0,208.0,198.0,206.0,1445000.0,196.9,193.0208,195.65,175.0583,159.8793,4.0404,6.7358,-3.0588,2.0907,6.7242,5.2901,-8.0357

PRICE_WINDOW_180_ROW_094=20260420,206.0,209.5,200.0,203.5,992000.0,198.9,193.8941,195.475,176.1333,160.2521,-1.2136,5.168,-1.6908,1.4609,4.9542,4.1054,-9.1518

PRICE_WINDOW_180_ROW_095=20260421,205.0,221.0,201.0,213.0,1650000.0,202.6,195.4862,196.0,177.3583,160.6992,4.6683,9.5116,5.1852,2.2936,8.9591,8.6735,-4.9107

PRICE_WINDOW_180_ROW_096=20260422,217.0,234.0,217.0,234.0,1326000.0,210.9,198.6957,197.875,178.8833,161.3151,9.8592,21.5584,19.084,1.755,17.768,18.2565,0.0

PRICE_WINDOW_180_ROW_097=20260423,251.0,257.0,224.5,238.0,4766000.0,218.9,201.9711,199.725,180.4917,161.9542,1.7094,20.202,18.408,5.0889,17.8387,19.1639,-7.393

PRICE_WINDOW_180_ROW_098=20260424,247.0,250.0,218.5,224.0,2427000.0,222.5,203.8068,200.675,181.6333,160.3792,-5.8824,8.7379,9.2683,2.3739,9.908,11.6233,-12.8405

PRICE_WINDOW_180_ROW_099=20260427,231.5,235.5,216.0,227.0,1200000.0,227.2,205.7396,202.125,182.825,161.1042,1.3393,11.5479,14.6465,1.149,10.3337,12.3067,-11.6732

PRICE_WINDOW_180_ROW_100=20260428,226.5,226.5,216.5,217.0,862000.0,228.0,206.678,202.95,183.85,161.6375,-4.4053,1.8779,8.2294,0.807,4.9943,6.9229,-15.5642

PRICE_WINDOW_180_ROW_101=20260429,216.0,221.0,215.0,215.5,497000.0,224.3,207.4131,204.125,184.9,162.2417,-0.6912,-7.906,12.2396,0.4651,3.8989,5.5726,-16.1479

PRICE_WINDOW_180_ROW_102=20260430,220.0,223.0,210.0,217.0,736000.0,220.1,208.212,205.9,185.975,162.9,0.6961,-8.8235,19.5592,0.6917,4.2207,5.391,-15.5642

PRICE_WINDOW_180_ROW_103=20260504,216.5,221.0,209.0,210.5,933000.0,217.4,208.4027,207.225,187.0417,163.4042,-2.9954,-6.0268,14.4022,0.8546,1.0064,1.5804,-18.0934

PRICE_WINDOW_180_ROW_104=20260505,212.0,227.5,211.5,225.5,1462000.0,217.1,209.8275,209.475,188.3583,163.9625,7.1259,-0.6608,24.9307,1.2683,7.4692,7.6501,-12.2568

PRICE_WINDOW_180_ROW_105=20260506,228.0,229.5,216.5,220.0,1089000.0,217.7,210.6752,210.975,189.5667,164.4958,-2.439,1.3825,15.7895,0.9152,4.4262,4.2778,-14.3969

PRICE_WINDOW_180_ROW_106=20260507,227.5,242.0,226.0,242.0,1677000.0,223.0,213.2856,213.175,191.0083,165.1958,10.0,12.297,22.2222,1.3524,13.4629,13.5218,-5.8366

PRICE_WINDOW_180_ROW_107=20260508,242.5,250.0,225.5,226.0,2399000.0,224.8,214.3451,214.525,192.0917,165.7833,-6.6116,4.1475,13.5678,1.8002,5.4374,5.349,-12.0623

PRICE_WINDOW_180_ROW_108=20260511,227.0,248.5,223.0,248.5,2321000.0,232.4,217.1914,217.3,193.7333,166.5833,9.9558,18.0523,28.7565,1.6487,14.4152,14.358,-3.3074

PRICE_WINDOW_180_ROW_109=20260512,245.5,257.0,240.0,240.0,2107000.0,235.3,219.0921,219.625,195.275,167.3,-3.4205,6.4302,24.031,1.4101,9.543,9.2772,-6.6148

PRICE_WINDOW_180_ROW_110=20260513,238.0,261.5,236.0,254.5,2473000.0,242.2,222.0427,222.625,197.0667,168.1708,6.0417,15.6818,30.8483,1.5508,14.6176,14.3178,-2.6769

PRICE_WINDOW_180_ROW_111=20260514,259.0,272.0,243.0,254.5,3699000.0,244.7,224.7475,225.725,198.8417,169.0667,0.0,5.1653,32.2078,2.1119,13.2382,12.7478,-6.4338

PRICE_WINDOW_180_ROW_112=20260515,259.0,267.0,240.5,242.0,2194000.0,247.9,226.1852,227.925,200.35,169.8333,-4.9116,7.0796,22.2222,1.2103,6.992,6.1753,-11.0294

PRICE_WINDOW_180_ROW_113=20260518,239.5,263.0,232.5,258.0,1878000.0,249.8,228.8364,230.525,202.2083,170.7583,6.6116,3.8229,25.2427,1.0238,12.7443,11.9184,-5.1471

PRICE_WINDOW_180_ROW_114=20260519,279.5,283.5,273.0,283.5,2610000.0,258.5,233.3917,234.525,204.4417,171.9,9.8837,18.125,39.312,1.3627,21.4696,20.8826,0.0

PRICE_WINDOW_180_ROW_115=20260520,290.5,311.5,285.5,311.5,4990000.0,269.9,239.9008,239.45,207.1917,173.3042,9.8765,22.3969,46.2441,2.3964,29.8454,30.0898,0.0

PRICE_WINDOW_180_ROW_116=20260521,324.0,332.0,311.0,316.5,5893000.0,282.3,246.284,243.575,210.025,174.7583,1.6051,24.3615,35.2564,2.5504,28.5102,29.9394,-4.6687

PRICE_WINDOW_180_ROW_117=20260522,316.5,321.0,305.0,319.5,314000.0,297.8,252.3854,247.65,212.6667,176.2833,0.9479,32.0248,34.2437,0.1504,26.5921,29.0127,-3.7651

PRICE_WINDOW_180_ROW_118=20260525,316.5,336.0,310.0,334.0,324000.0,313.0,259.1866,253.15,215.2833,177.9583,4.5383,29.4574,49.1071,0.1634,28.8647,31.9376,-0.5952

PRICE_WINDOW_180_ROW_119=20260526,340.0,341.0,320.0,334.0,335000.0,323.1,265.421,258.5,217.7833,179.6208,0.0,17.8131,47.1366,0.1727,25.8378,29.207,-2.0528

PRICE_WINDOW_180_ROW_120=20260527,367.0,367.0,353.5,365.0,365000.0,333.8,273.7193,265.9,220.8167,181.5875,9.2814,17.175,68.2028,0.1906,33.3483,37.2697,-0.545

PRICE_WINDOW_180_ROW_121=20260528,369.5,401.5,367.0,384.0,395000.0,347.3,282.9093,274.325,224.2167,183.7083,5.2055,21.327,78.1903,0.2068,35.7325,39.98,-4.3587

PRICE_WINDOW_180_ROW_122=20260529,399.5,413.0,391.5,413.0,404000.0,366.0,293.7502,284.125,228.1167,186.0542,7.5521,29.2645,90.3226,0.2134,40.5956,45.3586,0.0

PRICE_WINDOW_180_ROW_123=20260601,413.0,413.0,372.0,372.0,383000.0,373.6,300.271,292.2,231.5167,188.0292,-9.9274,11.3772,76.7221,0.2053,23.8881,27.3101,-9.9274

PRICE_WINDOW_180_ROW_124=20260602,365.0,370.5,338.0,370.5,354.0,380.9,306.1235,299.45,234.7333,190.0042,-0.4032,10.9281,64.3016,0.0002,21.0296,23.7268,-10.2906

PRICE_WINDOW_180_ROW_125=20260603,376.0,392.0,360.0,371.0,376000.0,382.1,311.5298,307.0,237.8917,191.9667,0.135,1.6438,68.6364,0.214,19.0897,20.8469,-10.1695

PRICE_WINDOW_180_ROW_126=20260604,360.0,379.0,360.0,361.0,367000.0,377.5,315.6524,312.95,241.1667,193.8542,-2.6954,-5.9896,49.1736,0.217,14.3663,15.3539,-12.5908

PRICE_WINDOW_180_ROW_127=20260605,355.0,384.0,340.0,384.0,364000.0,371.7,321.348,320.85,244.7,195.9125,6.3712,-7.0218,69.9115,0.229,19.4966,19.6821,-7.0218

PRICE_WINDOW_180_ROW_128=20260608,346.0,346.0,346.0,346.0,391000.0,366.5,323.4023,325.725,247.3167,197.6292,-9.8958,-6.9892,39.2354,0.2619,6.9875,6.2246,-16.2228

PRICE_WINDOW_180_ROW_129=20260609,346.0,346.0,311.5,311.5,3061000.0,354.7,322.4105,329.3,249.05,199.0792,-9.9711,-15.9244,29.7917,1.9866,-3.384,-5.4054,-24.5763

PRICE_WINDOW_180_ROW_130=20260610,294.0,327.5,290.0,296.0,3622000.0,339.7,320.2096,331.375,250.4583,200.4125,-4.9759,-20.2156,16.3065,2.2662,-7.5605,-10.6752,-28.3293

PRICE_WINDOW_180_ROW_131=20260611,296.0,304.5,285.0,300.0,1902000.0,327.5,318.5255,333.65,251.9583,201.7833,1.3514,-16.8975,17.8782,1.2609,-5.816,-10.0854,-27.3608

PRICE_WINDOW_180_ROW_132=20260612,315.0,325.0,305.5,311.0,2138000.0,312.9,317.8983,337.1,253.6667,203.25,3.6667,-19.0104,28.5124,1.42,-2.17,-7.7425,-24.6973

PRICE_WINDOW_180_ROW_133=20260615,322.5,327.0,307.5,318.0,1595000.0,307.3,317.9068,340.1,255.425,204.7875,2.2508,-8.0925,23.2558,1.0694,0.0293,-6.4981,-23.0024

PRICE_WINDOW_180_ROW_134=20260616,319.0,328.0,313.5,320.0,1354000.0,309.0,318.0812,341.925,257.3083,206.3625,0.6289,2.7287,12.8748,0.9477,0.6032,-6.4122,-22.5182

PRICE_WINDOW_180_ROW_135=20260617,314.0,337.0,312.0,335.0,1706000.0,316.8,319.4911,343.1,259.5167,208.075,4.6875,13.1757,7.5441,1.3492,4.8542,-2.3608,-18.8862

PRICE_WINDOW_180_ROW_136=20260618,368.5,368.5,368.5,368.5,996000.0,330.5,323.5752,345.7,262.3833,210.075,10.0,22.8333,16.4297,0.9768,13.8839,6.5953,-10.7748

PRICE_WINDOW_180_ROW_137=20260622,405.0,405.0,405.0,405.0,423000.0,349.3,330.3606,349.975,265.7833,212.3875,9.905,30.2251,26.7606,0.4127,22.5933,15.7226,-1.937

PRICE_WINDOW_180_ROW_138=20260623,445.5,445.5,425.5,445.5,9687000.0,374.8,339.9556,355.55,269.7917,214.9917,10.0,40.0943,33.3832,6.4873,31.0465,25.2988,0.0

PRICE_WINDOW_180_ROW_139=20260624,422.0,440.0,403.5,413.0,5899000.0,393.4,346.0426,359.5,273.375,217.325,-7.2952,29.0625,23.6527,3.3301,19.3495,14.8818,-7.2952

PRICE_WINDOW_180_ROW_140=20260625,421.0,421.0,385.0,385.5,734000.0,403.5,349.3307,360.525,276.4583,219.4417,-6.6586,15.0746,5.6164,0.4101,10.3539,6.9274,-13.468

PRICE_WINDOW_180_ROW_141=20260626,386.0,387.0,359.5,359.5,596000.0,401.7,350.1782,359.3,279.25,221.3375,-6.7445,-2.4423,-6.3802,0.3311,2.662,0.0557,-19.3042

PRICE_WINDOW_180_ROW_142=20260629,357.0,368.0,343.5,344.0,472000.0,389.5,349.6633,355.85,281.9583,223.125,-4.3115,-15.0617,-16.707,0.2617,-1.6196,-3.3301,-22.7834

PRICE_WINDOW_180_ROW_143=20260630,358.0,378.0,355.0,378.0,323000.0,376.0,352.0247,356.15,285.1917,225.1875,9.8837,-15.1515,1.6129,0.1794,7.3788,6.1351,-15.1515

PRICE_WINDOW_180_ROW_144=20260701,389.0,393.5,389.0,392.5,323000.0,371.9,355.3976,357.25,288.725,227.3708,3.836,-4.9637,5.9379,0.1778,10.4397,9.867,-11.8967

PRICE_WINDOW_180_ROW_145=20260702,381.0,420.0,381.0,407.0,219000.0,376.2,359.6978,359.05,292.3417,229.5875,3.6943,5.5772,9.7035,0.1211,13.1505,13.3547,-8.642

PRICE_WINDOW_180_ROW_146=20260703,410.0,420.0,403.0,417.5,219000.0,387.8,364.5147,361.875,296.0,231.9375,2.5799,16.1335,15.651,0.1216,14.5359,15.3713,-6.2851

PRICE_WINDOW_180_ROW_147=20260706,459.0,459.0,435.0,450.0,725000.0,409.0,371.6385,365.175,300.1833,234.575,7.7844,30.814,17.1875,0.3985,21.0854,23.2286,-1.9608

PRICE_WINDOW_180_ROW_148=20260707,448.0,448.0,405.0,405.0,388000.0,414.4,374.4186,368.125,303.7167,236.8042,-10.0,7.1429,17.052,0.2133,8.1677,10.017,-11.7647

PRICE_WINDOW_180_ROW_149=20260708,418.5,440.0,384.5,440.0,366000.0,423.9,379.8837,374.55,307.825,239.3667,8.642,12.1019,41.252,0.2173,15.8249,17.4743,-4.1394

PRICE_WINDOW_180_ROW_150=20260709,418.5,423.0,396.0,396.0,2834000.0,421.7,381.2267,379.55,311.1833,241.5417,-10.0,-2.7027,33.7838,1.7228,3.8752,4.3341,-13.7255

PRICE_WINDOW_180_ROW_151=20260713,388.0,388.0,356.5,356.5,1801000.0,409.5,379.1662,382.375,313.9167,243.3625,-9.9747,-14.6108,18.8333,1.0982,-5.9779,-6.7669,-22.3312

PRICE_WINDOW_180_ROW_152=20260714,345.0,352.0,321.0,332.0,2184000.0,385.9,375.2357,383.425,316.15,245.0125,-6.8724,-26.2222,6.7524,1.3299,-11.5223,-13.412,-27.6688

PRICE_WINDOW_180_ROW_153=20260715,338.0,338.0,316.0,324.0,1336000.0,369.7,370.966,383.725,318.1167,246.5875,-2.4096,-20.0,1.8868,0.82,-12.6605,-15.5645,-29.4118

PRICE_WINDOW_180_ROW_154=20260716,318.5,326.5,307.0,317.0,1062000.0,345.1,366.4688,383.575,320.0083,248.0708,-2.1605,-27.9545,-0.9375,0.6577,-13.4988,-17.3564,-30.9368

PRICE_WINDOW_180_ROW_155=20260717,306.0,309.5,285.5,285.5,1495000.0,323.0,359.7214,381.1,321.2167,249.2875,-9.9369,-27.904,-14.7761,0.932,-20.633,-25.0853,-37.7996

PRICE_WINDOW_180_ROW_156=20260720,281.0,285.0,258.0,264.5,1595000.0,304.6,351.7863,375.9,321.725,250.3042,-7.3555,-25.8065,-28.2225,0.9761,-24.8123,-29.6355,-42.3747

PRICE_WINDOW_180_ROW_157=20260721,274.0,282.0,262.0,267.5,1282000.0,291.7,344.7625,369.025,322.2167,251.3542,1.1342,-19.4277,-33.9506,0.7645,-22.4103,-27.5117,-41.7211

PRICE_WINDOW_180_ROW_158=20260722,272.0,281.5,272.0,273.0,466000.0,281.5,338.7823,360.4,323.0333,252.3333,2.0561,-15.7407,-38.7205,0.3832,-19.4173,-24.2508,-40.5229

PRICE_WINDOW_180_ROW_159=20260723,268.5,272.5,253.0,263.5,264000.0,270.8,332.5087,352.925,323.6417,253.2333,-3.4799,-16.877,-36.1985,0.2826,-20.754,-25.3382,-42.5926

PRICE_WINDOW_180_ROW_160=20260724,252.0,254.0,240.0,240.0,269000.0,261.7,324.7997,345.65,324.025,253.9375,-8.9184,-15.937,-37.7432,0.2953,-26.1083,-30.5656,-47.7124

PRICE_WINDOW_180_ROW_161=20260727,240.0,244.0,235.0,240.0,161000.0,256.8,317.733,339.675,324.4333,254.6667,0.0,-9.2628,-33.2406,0.1811,-24.4649,-29.3442,-47.7124

PRICE_WINDOW_180_ROW_162=20260728,227.0,227.0,216.0,216.0,401000.0,246.5,309.2553,333.275,324.4167,255.1958,-10.0,-19.2523,-37.2093,0.4528,-30.1548,-35.1887,-52.9412

PRICE_WINDOW_180_ROW_163=20260729,220.0,220.0,194.5,202.5,335000.0,232.4,300.359,324.5,324.2833,255.6625,-6.25,-25.8242,-46.4286,0.378,-32.5807,-37.5963,-55.8824

PRICE_WINDOW_180_ROW_164=20260730,199.5,218.0,197.0,197.0,227000.0,219.1,291.7458,314.725,323.8083,256.0833,-2.716,-25.2372,-49.8089,0.2575,-32.4755,-37.4057,-57.0806

PRICE_WINDOW_180_ROW_165=20260731,216.5,216.5,216.5,216.5,68000.0,214.4,285.4753,305.2,323.75,256.6583,9.8985,-9.7917,-46.8059,0.0778,-24.1616,-29.0629,-52.8322

PRICE_WINDOW_180_ROW_166=20260803,217.0,238.0,217.0,238.0,149000.0,214.0,281.519,296.225,323.6833,257.3458,9.9307,-0.8333,-42.994,0.1712,-15.4586,-19.6557,-48.1481

PRICE_WINDOW_180_ROW_167=20260804,243.0,261.0,243.0,252.5,191000.0,221.3,279.1008,286.35,324.125,258.1083,6.0924,16.8981,-43.8889,0.2264,-9.5309,-11.8212,-44.9891

PRICE_WINDOW_180_ROW_168=20260805,264.5,274.0,260.0,267.5,1214000.0,234.3,278.134,279.475,324.4417,259.0875,5.9406,32.0988,-33.9506,1.3718,-3.8233,-4.2848,-41.7211

PRICE_WINDOW_180_ROW_169=20260806,260.5,273.0,254.0,267.0,665000.0,248.3,277.2062,270.825,324.8917,260.0833,-0.1869,35.533,-39.3182,0.7389,-3.6818,-1.4124,-41.8301

PRICE_WINDOW_180_ROW_170=20260807,285.5,285.5,265.0,265.5,773000.0,258.1,276.2307,264.3,325.075,261.0708,-0.5618,22.6328,-32.9545,0.97,-3.8847,0.454,-42.1569

PRICE_WINDOW_180_ROW_171=20260810,271.0,292.0,271.0,280.5,1109000.0,266.6,276.5865,260.5,325.5083,262.175,5.6497,17.8571,-21.3184,1.4548,1.4149,7.6775,-38.8889

PRICE_WINDOW_180_ROW_172=20260811,278.0,284.5,271.0,272.5,610000.0,270.6,276.2459,257.525,326.0167,263.1833,-2.852,7.9208,-17.9217,0.8923,-1.356,5.815,-40.6318

PRICE_WINDOW_180_ROW_173=20260812,275.0,281.0,273.5,275.5,389000.0,272.2,276.1838,255.1,326.3083,264.2583,1.1009,2.9907,-14.9691,0.6114,-0.2476,7.9969,-39.9782

PRICE_WINDOW_180_ROW_174=20260813,275.5,294.0,275.5,278.0,928000.0,274.4,276.3351,253.15,326.2167,265.3292,0.9074,4.1199,-12.3028,1.4741,0.6025,9.8163,-39.4336

PRICE_WINDOW_180_ROW_175=20260814,277.5,278.0,264.5,267.5,763000.0,274.8,275.5988,252.25,325.4833,266.3375,-3.777,0.7533,-6.3047,1.2868,-2.9386,6.0456,-41.7211

PRICE_WINDOW_180_ROW_176=20260817,267.5,294.0,265.0,294.0,932000.0,277.5,277.1323,253.725,325.1083,267.5667,9.9065,4.8128,11.1531,1.6649,6.0865,15.8735,-35.9477

PRICE_WINDOW_180_ROW_177=20260818,294.0,300.0,272.5,274.0,2269000.0,277.8,276.8713,254.05,324.35,268.5083,-6.8027,0.5505,2.4299,3.7249,-1.037,7.8528,-40.305

PRICE_WINDOW_180_ROW_178=20260819,271.5,294.0,271.0,276.5,2002000.0,278.0,276.8403,254.225,323.3917,269.3375,0.9124,0.363,1.2821,2.9186,-0.1229,8.7619,-39.7603

PRICE_WINDOW_180_ROW_179=20260820,281.0,285.5,266.0,269.0,983000.0,276.2,276.187,254.5,322.3083,270.0458,-2.7125,-3.2374,2.0873,1.3617,-2.6022,5.6974,-41.3943

PRICE_WINDOW_180_ROW_180=20260821,269.0,270.0,258.5,260.0,525000.0,274.7,274.838,255.5,320.5583,270.6875,-3.3457,-2.8037,8.3333,0.7146,-5.3988,1.7613,-43.3551
