# PRICE_WINDOW_180

columns=date,open,high,low,close,volume,ma5,ema23,ma20,ma60,ma120,return_1d,return_5d,return_20d,volume_ratio,distance_to_ema23_pct,distance_to_ma20_pct,distance_to_high_60_pct

PRICE_WINDOW_180_ROW_001=20250930,258.0,260.5,253.5,255.5,143474.0,263.6,248.9167,250.5833,250.5833,250.5833,-1.5414,2.8169,,0.2745,2.6448,1.9621,-9.7173

PRICE_WINDOW_180_ROW_002=20251001,256.0,275.5,256.0,270.0,306448.0,267.4,250.6736,252.0769,252.0769,252.0769,5.6751,7.5697,,0.6057,7.7098,7.1102,-4.5936

PRICE_WINDOW_180_ROW_003=20251002,269.5,270.0,255.0,258.5,459006.0,263.9,251.3258,252.5357,252.5357,252.5357,-4.2593,-6.3406,,0.9132,2.8545,2.3618,-8.6572

PRICE_WINDOW_180_ROW_004=20251003,258.0,263.0,257.0,259.0,138389.0,260.5,251.9653,252.9667,252.9667,252.9667,0.1934,-6.1594,,0.2893,2.7919,2.385,-8.4806

PRICE_WINDOW_180_ROW_005=20251007,260.0,268.0,251.0,265.0,343100.0,261.6,253.0515,253.7188,253.7188,253.7188,2.3166,2.1195,,0.7302,4.7217,4.4464,-6.3604

PRICE_WINDOW_180_ROW_006=20251008,265.0,267.0,259.0,264.5,121046.0,263.4,254.0056,254.3529,254.3529,254.3529,-0.1887,3.5225,,0.2694,4.1316,3.9894,-6.5371

PRICE_WINDOW_180_ROW_007=20251009,268.0,274.0,259.0,274.0,253485.0,264.2,255.6718,255.4444,255.4444,255.4444,3.5917,1.4815,,0.5781,7.1686,7.264,-3.1802

PRICE_WINDOW_180_ROW_008=20251013,264.0,269.5,260.0,266.5,145265.0,265.8,256.5741,256.0263,256.0263,256.0263,-2.7372,3.0948,,0.3434,3.8686,4.0909,-5.8304

PRICE_WINDOW_180_ROW_009=20251014,268.0,269.5,256.0,256.0,163629.0,265.2,256.5263,256.025,256.025,256.025,-3.94,-1.1583,,0.399,-0.2052,-0.0098,-9.5406

PRICE_WINDOW_180_ROW_010=20251016,262.0,274.0,262.0,266.0,188909.0,265.4,257.3158,257.325,256.5,256.5,3.9062,0.3774,10.8333,0.5619,3.3749,3.3712,-6.0071

PRICE_WINDOW_180_ROW_011=20251020,263.5,279.5,259.0,277.5,499839.0,268.0,258.9978,259.425,257.4545,257.4545,4.3233,4.9149,17.8344,1.4947,7.1438,6.9673,-1.9435

PRICE_WINDOW_180_ROW_012=20251021,280.0,289.0,278.5,286.0,404116.0,270.4,261.248,262.1,258.6957,258.6957,3.0631,4.3796,23.0108,1.1863,9.4745,9.1187,-1.0381

PRICE_WINDOW_180_ROW_013=20251022,286.0,296.5,280.5,293.5,478572.0,275.8,263.9356,265.05,260.1458,260.1458,2.6224,10.1313,25.1599,1.3444,11.2014,10.7338,-1.0118

PRICE_WINDOW_180_ROW_014=20251023,288.0,293.0,285.0,287.0,220925.0,282.0,265.8577,267.15,261.22,261.22,-2.2147,12.1094,17.1429,0.6482,7.9525,7.4303,-3.204

PRICE_WINDOW_180_ROW_015=20251027,287.0,289.0,275.0,276.5,252302.0,284.1,266.7445,268.325,261.8077,261.8077,-3.6585,3.9474,9.2885,0.7507,3.6572,3.0467,-6.7454

PRICE_WINDOW_180_ROW_016=20251028,278.0,278.0,274.0,275.0,108286.0,283.6,267.4325,269.65,262.2963,262.2963,-0.5425,-0.9009,10.664,0.3349,2.8297,1.9841,-7.2513

PRICE_WINDOW_180_ROW_017=20251029,278.5,285.0,276.5,283.5,128392.0,283.1,268.7714,271.275,263.0536,263.0536,3.0909,-0.8741,12.9482,0.4198,5.48,4.5065,-4.3845

PRICE_WINDOW_180_ROW_018=20251030,280.0,286.5,280.0,282.5,120389.0,280.9,269.9155,271.6,263.7241,263.7241,-0.3527,-3.7479,2.3551,0.4533,4.6624,4.0133,-4.7218

PRICE_WINDOW_180_ROW_019=20251031,282.5,290.0,282.5,289.0,175354.0,281.3,271.5059,272.25,264.5667,264.5667,2.3009,0.6969,4.7101,0.7122,6.4434,6.1524,-2.5295

PRICE_WINDOW_180_ROW_020=20251103,289.0,297.0,289.0,295.5,353148.0,285.1,273.5054,274.05,265.5645,265.5645,2.2491,6.8716,13.8728,1.4114,8.0418,7.827,-0.5051

PRICE_WINDOW_180_ROW_021=20251104,293.0,298.0,278.5,282.0,318702.0,286.5,274.2133,275.375,266.0781,266.0781,-4.5685,2.5455,10.3718,1.2307,2.8397,2.4058,-5.3691

PRICE_WINDOW_180_ROW_022=20251105,283.0,290.5,279.5,290.0,389460.0,287.8,275.5288,276.375,266.803,266.803,2.8369,2.2928,7.4074,1.4802,5.2521,4.9299,-2.6846

PRICE_WINDOW_180_ROW_023=20251106,291.0,291.0,285.0,290.5,167093.0,289.4,276.7764,277.975,267.5,267.5,0.1724,2.8319,12.3791,0.6724,4.9584,4.5058,-2.5168

PRICE_WINDOW_180_ROW_024=20251107,285.5,299.5,285.5,294.0,367966.0,290.4,278.2117,279.725,268.2571,268.2571,1.2048,1.7301,13.5135,1.4153,5.6749,5.1032,-1.8364

PRICE_WINDOW_180_ROW_025=20251110,294.0,294.5,280.5,294.0,348633.0,290.1,279.5274,281.175,268.9722,268.9722,0.0,-0.5076,10.9434,1.3395,5.1775,4.5612,-1.8364

PRICE_WINDOW_180_ROW_026=20251111,285.5,287.5,274.5,280.0,469216.0,289.7,279.5668,281.95,269.2703,269.2703,-4.7619,-0.7092,5.8601,1.6897,0.155,-0.6916,-6.5109

PRICE_WINDOW_180_ROW_027=20251112,280.0,283.5,275.0,280.5,178822.0,287.8,279.6446,282.275,269.5658,269.5658,0.1786,-3.2759,2.3723,0.6528,0.3059,-0.6288,-6.3439

PRICE_WINDOW_180_ROW_028=20251113,276.0,282.0,276.0,279.5,70796.0,285.6,279.6325,282.925,269.8205,269.8205,-0.3565,-3.7866,4.878,0.262,-0.0474,-1.2106,-6.6778

PRICE_WINDOW_180_ROW_029=20251114,280.0,288.0,280.0,280.0,181688.0,282.8,279.6631,284.125,270.075,270.075,0.1789,-4.7619,9.375,0.6701,0.1205,-1.4518,-6.5109

PRICE_WINDOW_180_ROW_030=20251117,279.0,282.5,273.0,273.0,88640.0,278.6,279.1079,284.475,270.1463,270.1463,-2.5,-7.1429,2.6316,0.3331,-2.1884,-4.0337,-8.8481

PRICE_WINDOW_180_ROW_031=20251118,273.0,273.0,265.0,269.5,105758.0,276.5,278.3072,284.075,270.131,270.131,-1.2821,-3.75,-2.8829,0.4292,-3.1646,-5.1307,-10.0167

PRICE_WINDOW_180_ROW_032=20251119,269.5,271.0,265.0,269.0,47801.0,274.2,277.5316,283.225,270.1047,270.1047,-0.1855,-4.0998,-5.9441,0.2091,-3.0741,-5.0225,-10.1836

PRICE_WINDOW_180_ROW_033=20251120,270.5,272.5,270.0,272.5,36161.0,272.8,277.1123,282.175,270.1591,270.1591,1.3011,-2.5045,-7.155,0.1751,-1.6644,-3.4287,-9.015

PRICE_WINDOW_180_ROW_034=20251121,264.0,272.5,264.0,271.0,39354.0,271.0,276.603,281.375,270.1778,270.1778,-0.5505,-3.2143,-5.5749,0.1994,-2.0256,-3.6873,-9.5159

PRICE_WINDOW_180_ROW_035=20251124,271.0,273.0,267.0,271.0,30116.0,270.6,276.136,281.1,270.1957,270.1957,0.0,-0.7326,-1.9892,0.1617,-1.86,-3.593,-9.5159

PRICE_WINDOW_180_ROW_036=20251125,270.5,270.5,267.0,268.5,32222.0,270.4,275.4997,280.775,270.1596,270.1596,-0.9225,-0.3711,-2.3636,0.1766,-2.5407,-4.3718,-10.3506

PRICE_WINDOW_180_ROW_037=20251126,267.0,275.0,266.0,272.5,57649.0,271.1,275.2497,280.225,270.2083,270.2083,1.4898,1.3011,-3.8801,0.3222,-0.999,-2.7567,-9.015

PRICE_WINDOW_180_ROW_038=20251127,271.5,276.0,271.0,275.5,55864.0,271.7,275.2706,279.875,270.3163,270.3163,1.1009,1.1009,-2.4779,0.3179,0.0833,-1.5632,-8.0134

PRICE_WINDOW_180_ROW_039=20251128,275.0,275.0,269.5,270.0,33839.0,271.5,274.8314,278.925,270.31,270.31,-1.9964,-0.369,-6.5744,0.2007,-1.7579,-3.1998,-9.8497

PRICE_WINDOW_180_ROW_040=20251201,270.0,270.5,267.5,270.0,51907.0,271.3,274.4288,277.65,270.3039,270.3039,0.0,-0.369,-8.6294,0.338,-1.6138,-2.7553,-9.8497

PRICE_WINDOW_180_ROW_041=20251202,271.0,271.0,268.0,268.0,23641.0,271.2,273.893,276.95,270.2596,270.2596,-0.7407,-0.1862,-4.9645,0.1703,-2.1516,-3.2316,-10.5175

PRICE_WINDOW_180_ROW_042=20251203,268.0,269.0,268.0,268.0,43818.0,270.3,273.4019,275.85,270.217,270.217,0.0,-1.6514,-7.5862,0.3605,-1.9758,-2.8457,-10.5175

PRICE_WINDOW_180_ROW_043=20251204,268.5,273.0,267.0,267.0,25059.0,268.6,272.8684,274.675,270.1574,270.1574,-0.3731,-3.0853,-8.0895,0.219,-2.1507,-2.7942,-10.8514

PRICE_WINDOW_180_ROW_044=20251205,279.0,279.0,267.5,268.0,37560.0,268.2,272.4627,273.375,270.1182,270.1182,0.3745,-0.7407,-8.8435,0.3836,-1.6379,-1.9662,-10.5175

PRICE_WINDOW_180_ROW_045=20251208,268.0,268.0,263.0,263.0,73065.0,266.8,271.6742,271.825,269.9911,269.9911,-1.8657,-2.5926,-10.5442,0.8683,-3.1929,-3.2466,-12.187

PRICE_WINDOW_180_ROW_046=20251209,262.0,263.0,248.5,251.5,160985.0,263.5,269.993,270.4,269.6667,269.6667,-4.3726,-6.1567,-10.1786,2.342,-6.8494,-6.9896,-16.0267

PRICE_WINDOW_180_ROW_047=20251210,248.0,256.0,242.5,252.0,95192.0,260.3,268.4936,268.975,269.3621,269.3621,0.1988,-5.9701,-10.1604,1.4746,-6.143,-6.311,-15.8598

PRICE_WINDOW_180_ROW_048=20251211,252.0,252.5,248.0,248.0,43828.0,256.5,266.7858,267.4,269.0,269.0,-1.5873,-7.1161,-11.2701,0.6934,-7.0415,-7.255,-17.1953

PRICE_WINDOW_180_ROW_049=20251212,248.0,250.0,245.0,246.5,53003.0,252.2,265.0953,265.725,268.625,268.625,-0.6048,-8.0224,-11.9643,0.9336,-7.0146,-7.2349,-17.6962

PRICE_WINDOW_180_ROW_050=20251215,239.0,246.0,235.0,240.0,158639.0,247.6,263.004,264.075,268.625,268.1557,-2.6369,-8.7452,-12.0879,2.632,-8.7466,-9.1167,-19.8664

PRICE_WINDOW_180_ROW_051=20251216,239.0,242.0,232.0,242.0,108929.0,245.7,261.2537,262.7,268.7333,267.7339,0.8333,-3.7773,-10.2041,1.8025,-7.3697,-7.8797,-19.1987

PRICE_WINDOW_180_ROW_052=20251217,244.0,244.0,235.0,235.5,81043.0,242.4,259.1076,261.025,268.7833,267.2222,-2.686,-6.5476,-12.4535,1.3052,-9.1111,-9.7788,-21.3689

PRICE_WINDOW_180_ROW_053=20251218,236.0,240.0,233.5,235.5,53920.0,239.9,257.1403,259.175,268.8,266.7266,0.0,-5.0403,-13.578,0.8561,-8.4157,-9.1348,-21.3689

PRICE_WINDOW_180_ROW_054=20251219,234.0,241.0,234.0,237.5,24318.0,238.1,255.5036,257.5,268.675,266.2769,0.8493,-3.6511,-12.3616,0.3908,-7.0463,-7.767,-20.7012

PRICE_WINDOW_180_ROW_055=20251222,240.0,243.0,240.0,242.5,37223.0,238.6,254.4199,256.075,268.5,265.9167,2.1053,1.0417,-10.5166,0.5948,-4.6851,-5.3012,-19.0317

PRICE_WINDOW_180_ROW_056=20251223,238.5,245.5,238.5,243.0,12507.0,238.8,253.4683,254.8,268.4083,265.5746,0.2062,0.4132,-9.4972,0.203,-4.13,-4.6311,-18.8648

PRICE_WINDOW_180_ROW_057=20251224,242.0,242.0,238.0,238.5,46535.0,239.4,252.2209,253.1,268.2,265.1765,-1.8519,1.2739,-12.4771,0.7623,-5.44,-5.7685,-20.3673

PRICE_WINDOW_180_ROW_058=20251226,238.5,242.0,237.0,240.0,65682.0,240.3,251.2025,251.325,267.6,264.8116,0.6289,1.9108,-12.8857,1.0674,-4.4596,-4.5061,-19.8664

PRICE_WINDOW_180_ROW_059=20251229,239.0,242.5,237.0,240.0,72570.0,240.8,250.269,249.825,267.0,264.4571,0.0,1.0526,-11.1111,1.1434,-4.1032,-3.9328,-19.8664

PRICE_WINDOW_180_ROW_060=20251230,240.0,240.5,234.0,235.5,99176.0,239.4,249.0382,248.1,266.6,264.0493,-1.875,-2.8866,-12.7778,1.5064,-5.4362,-5.0786,-21.3689

PRICE_WINDOW_180_ROW_061=20251231,235.0,236.5,232.0,236.0,99735.0,238.0,247.9517,246.5,266.275,263.6597,0.2123,-2.8807,-11.9403,1.4322,-4.8202,-4.2596,-21.202

PRICE_WINDOW_180_ROW_062=20260102,238.0,243.5,237.5,243.0,71145.0,238.9,247.5391,245.25,265.825,263.3767,2.9661,1.8868,-9.3284,1.002,-1.8337,-0.9174,-18.8648

PRICE_WINDOW_180_ROW_063=20260105,240.5,240.5,233.5,234.5,71002.0,237.8,246.4525,243.625,265.425,262.9865,-3.4979,-2.2917,-12.1723,0.9686,-4.8498,-3.7455,-21.7028

PRICE_WINDOW_180_ROW_064=20260106,233.0,237.5,232.0,233.5,61035.0,236.5,245.3731,241.9,265.0,262.5933,-0.4264,-2.7083,-12.8731,0.8195,-4.8388,-3.4725,-22.0367

PRICE_WINDOW_180_ROW_065=20260107,234.5,241.0,232.5,235.5,77168.0,236.5,244.5503,240.525,264.5083,262.2368,0.8565,0.0,-10.4563,1.0333,-3.7008,-2.0892,-21.3689

PRICE_WINDOW_180_ROW_066=20260108,243.0,245.5,238.0,243.5,68558.0,238.0,244.4628,240.125,264.1583,261.9935,3.397,3.178,-3.1809,0.9786,-0.3938,1.4055,-18.6978

PRICE_WINDOW_180_ROW_067=20260109,244.0,245.0,238.5,245.0,66815.0,238.4,244.5076,239.775,263.675,261.7756,0.616,0.823,-2.7778,0.9734,0.2014,2.1791,-18.197

PRICE_WINDOW_180_ROW_068=20260112,245.0,246.5,243.0,245.0,55339.0,240.5,244.5486,239.625,263.3167,261.5633,0.0,4.4776,-1.2097,0.7995,0.1846,2.2431,-18.197

PRICE_WINDOW_180_ROW_069=20260113,250.0,266.0,250.0,256.0,173729.0,245.0,245.5029,240.1,263.3167,261.4938,4.4898,9.636,3.854,2.3086,4.2758,6.6222,-14.5242

PRICE_WINDOW_180_ROW_070=20260114,256.0,263.5,253.5,260.0,100236.0,249.9,246.711,241.1,263.2167,261.4753,1.5625,10.4034,8.3333,1.3858,5.3865,7.8391,-13.1886

PRICE_WINDOW_180_ROW_071=20260115,260.0,272.5,260.0,269.5,218301.0,255.1,248.6101,242.475,263.0833,261.5732,3.6538,10.6776,11.3636,2.8059,8.4027,11.1455,-10.0167

PRICE_WINDOW_180_ROW_072=20260116,269.0,269.0,260.0,263.5,119937.0,258.8,249.8509,243.875,262.7083,261.5964,-2.2263,7.551,11.8896,1.504,5.4629,8.0472,-12.02

PRICE_WINDOW_180_ROW_073=20260119,269.0,271.0,263.0,267.5,297623.0,263.3,251.3217,245.475,262.275,261.6667,1.518,9.1837,13.5881,3.2374,6.4373,8.9724,-10.6845

PRICE_WINDOW_180_ROW_074=20260120,266.5,280.0,265.0,273.5,245672.0,266.8,253.1699,247.275,262.05,261.8059,2.243,6.8359,15.1579,2.3852,8.0302,10.6056,-8.6811

PRICE_WINDOW_180_ROW_075=20260121,273.5,279.0,273.5,275.0,190754.0,269.8,254.989,248.9,262.025,261.9593,0.5484,5.7692,13.4021,1.7235,7.8478,10.4861,-8.1803

PRICE_WINDOW_180_ROW_076=20260122,275.0,280.0,273.0,278.0,140831.0,271.5,256.9066,250.65,262.075,262.1437,1.0909,3.154,14.4033,1.2027,8.2105,10.9116,-7.1786

PRICE_WINDOW_180_ROW_077=20260123,275.0,279.0,274.0,275.5,95665.0,273.9,258.4561,252.5,261.9417,262.2955,-0.8993,4.5541,15.5136,0.8002,6.5945,9.1089,-8.0134

PRICE_WINDOW_180_ROW_078=20260126,273.0,273.0,265.0,267.5,83465.0,273.9,259.2097,253.875,261.6917,262.3539,-2.9038,0.0,11.4583,0.693,3.1983,5.3668,-10.6845

PRICE_WINDOW_180_ROW_079=20260127,269.0,269.0,259.0,264.5,94472.0,272.1,259.6506,255.1,261.2833,262.3778,-1.1215,-3.2907,10.2083,0.7773,1.8677,3.6848,-11.6861

PRICE_WINDOW_180_ROW_080=20260128,264.5,264.5,259.5,264.5,34482.0,270.0,260.0547,256.55,260.7667,262.4011,0.0,-3.8182,12.3142,0.2915,1.7094,3.0988,-11.6861

PRICE_WINDOW_180_ROW_081=20260129,264.5,264.5,256.0,257.0,62154.0,265.8,259.8001,257.6,260.35,262.3424,-2.8355,-7.554,8.8983,0.5339,-1.0778,-0.2329,-14.1903

PRICE_WINDOW_180_ROW_082=20260130,257.0,257.0,250.0,255.5,53172.0,261.8,259.4418,258.225,259.775,262.2688,-0.5837,-7.2595,5.144,0.4603,-1.5193,-1.0553,-14.6912

PRICE_WINDOW_180_ROW_083=20260202,244.5,256.5,244.5,248.5,61350.0,258.0,258.53,258.925,259.075,262.1223,-2.7397,-7.1028,5.9701,0.5333,-3.8796,-4.0263,-17.0284

PRICE_WINDOW_180_ROW_084=20260203,252.0,253.5,246.5,253.0,55883.0,255.7,258.0691,259.9,258.3917,262.0263,1.8109,-4.3478,8.3512,0.4869,-1.9643,-2.6549,-14.0917

PRICE_WINDOW_180_ROW_085=20260204,254.5,254.5,245.5,245.5,49540.0,251.9,257.0217,260.4,257.5833,261.8542,-2.9644,-7.1834,4.2463,0.4369,-4.4828,-5.722,-14.7569

PRICE_WINDOW_180_ROW_086=20260205,247.0,259.0,247.0,251.0,95957.0,250.7,256.5199,260.775,257.1,261.7423,2.2403,-2.3346,3.0801,0.8361,-2.1518,-3.7484,-12.8472

PRICE_WINDOW_180_ROW_087=20260206,261.0,262.0,250.0,255.0,46716.0,250.6,256.3932,261.275,256.675,261.6735,1.5936,-0.1957,4.0816,0.4106,-0.5434,-2.4017,-11.4583

PRICE_WINDOW_180_ROW_088=20260209,255.0,255.0,244.0,248.5,87651.0,250.6,255.7355,261.45,256.1583,261.5404,-2.549,0.0,1.4286,0.7597,-2.8293,-4.9531,-13.7153

PRICE_WINDOW_180_ROW_089=20260210,244.5,249.0,242.0,242.5,42328.0,248.5,254.6325,260.775,255.5333,261.35,-2.4145,-4.1502,-5.2734,0.389,-4.7647,-7.008,-14.1593

PRICE_WINDOW_180_ROW_090=20260211,246.0,252.0,246.0,249.5,51610.0,249.3,254.2048,260.25,255.1417,261.2327,2.8866,1.6293,-4.0385,0.4852,-1.8508,-4.1306,-10.8929

PRICE_WINDOW_180_ROW_091=20260223,254.0,257.0,249.5,252.0,60656.0,249.5,254.0211,259.375,254.85,261.1422,1.002,0.3984,-6.4935,0.6158,-0.7956,-2.8434,-10.0

PRICE_WINDOW_180_ROW_092=20260224,252.0,252.0,247.0,249.0,61444.0,248.3,253.6027,258.65,254.5167,261.0243,-1.1905,-2.3529,-5.5028,0.6429,-1.8149,-3.7309,-11.0714

PRICE_WINDOW_180_ROW_093=20260225,246.0,249.5,242.5,249.0,61742.0,248.4,253.2191,257.725,254.125,260.9087,0.0,0.2012,-6.9159,0.737,-1.6662,-3.3854,-11.0714

PRICE_WINDOW_180_ROW_094=20260226,246.5,248.0,245.0,245.5,25977.0,249.0,252.5758,256.325,253.7,260.7619,-1.4056,1.2371,-10.2377,0.3569,-2.8015,-4.2232,-12.3214

PRICE_WINDOW_180_ROW_095=20260302,250.0,250.0,238.0,242.5,65847.0,247.6,251.7362,254.7,253.225,260.5896,-1.222,-2.8056,-11.8182,0.9895,-3.669,-4.7899,-13.3929

PRICE_WINDOW_180_ROW_096=20260303,240.0,245.0,233.0,245.0,162863.0,246.2,251.1748,253.05,252.8333,260.4439,1.0309,-2.7778,-11.8705,2.4075,-2.4584,-3.1812,-12.5

PRICE_WINDOW_180_ROW_097=20260304,236.0,236.0,228.5,233.5,424924.0,243.1,249.7019,250.95,252.1833,260.1944,-4.6939,-6.2249,-15.245,5.0519,-6.4885,-6.9536,-16.6071

PRICE_WINDOW_180_ROW_098=20260305,235.0,244.0,230.0,244.0,99617.0,242.1,249.2268,249.775,251.6583,260.0459,4.4968,-2.008,-8.785,1.1731,-2.0972,-2.3121,-12.8571

PRICE_WINDOW_180_ROW_099=20260306,244.0,245.0,235.0,240.0,46381.0,241.0,248.4579,248.55,251.1583,259.8636,-1.6393,-2.2403,-9.2628,0.5621,-3.4041,-3.44,-14.2857

PRICE_WINDOW_180_ROW_100=20260309,222.0,227.5,216.0,224.5,88053.0,237.4,246.4614,246.55,250.4,259.545,-6.4583,-7.4227,-15.1229,1.0336,-8.9107,-8.9434,-19.8214

PRICE_WINDOW_180_ROW_101=20260310,226.0,230.0,218.0,218.5,56053.0,232.1,244.1313,244.625,249.575,259.1786,-2.6726,-10.8163,-14.9805,0.6603,-10.499,-10.6796,-21.9643

PRICE_WINDOW_180_ROW_102=20260311,219.0,223.0,217.0,223.0,68586.0,230.0,242.3703,243.0,248.825,258.8584,2.0595,-4.4968,-12.7202,0.8007,-7.992,-8.2305,-20.3571

PRICE_WINDOW_180_ROW_103=20260312,216.5,223.5,216.5,219.0,30159.0,225.0,240.4228,241.525,248.025,258.5088,-1.7937,-10.2459,-11.8712,0.3586,-8.9105,-9.3262,-21.7857

PRICE_WINDOW_180_ROW_104=20260313,219.0,221.0,204.0,204.0,214469.0,217.8,237.3876,239.075,246.9583,258.0348,-6.8493,-15.0,-19.3676,2.3305,-14.0646,-14.6711,-27.1429

PRICE_WINDOW_180_ROW_105=20260316,202.0,215.0,202.0,209.5,187379.0,214.8,235.0636,237.275,246.0667,257.6164,2.6961,-6.6815,-14.664,1.8942,-10.8752,-11.7058,-25.1786

PRICE_WINDOW_180_ROW_106=20260317,211.5,214.5,204.0,206.0,224977.0,212.3,232.6416,235.025,245.3083,257.1752,-1.6706,-5.7208,-17.9283,2.1351,-11.4518,-12.3498,-26.4286

PRICE_WINDOW_180_ROW_107=20260318,209.0,224.0,209.0,218.5,219484.0,211.4,231.4632,233.2,244.75,256.8475,6.068,-2.0179,-14.3137,1.9251,-5.6005,-6.3036,-21.9643

PRICE_WINDOW_180_ROW_108=20260319,218.5,219.0,210.5,211.0,101064.0,209.8,229.7579,231.325,244.1333,256.4622,-3.4325,-3.653,-15.0905,0.8813,-8.1642,-8.7863,-24.6429

PRICE_WINDOW_180_ROW_109=20260320,211.0,211.5,206.0,206.0,58353.0,210.2,227.7781,229.5,243.4583,256.0417,-2.3697,0.9804,-15.0515,0.5053,-9.5611,-10.2397,-26.4286

PRICE_WINDOW_180_ROW_110=20260323,199.0,215.5,199.0,204.0,34364.0,209.1,225.7966,227.225,242.8583,255.7417,-0.9709,-2.6253,-18.2365,0.2998,-9.6532,-10.2211,-27.1429

PRICE_WINDOW_180_ROW_111=20260324,206.0,206.0,198.0,200.5,132204.0,208.0,223.6885,224.65,242.1667,255.45,-1.7157,-2.6699,-20.4365,1.1185,-10.3664,-10.7501,-28.3929

PRICE_WINDOW_180_ROW_112=20260325,206.5,206.5,199.0,202.0,50300.0,204.7,221.8811,222.3,241.6083,255.1958,0.7481,-7.5515,-18.8755,0.4276,-8.9603,-9.1318,-27.8571

PRICE_WINDOW_180_ROW_113=20260326,200.0,201.5,199.0,200.5,25026.0,202.6,220.0994,219.875,241.025,254.9125,-0.7426,-4.9763,-19.4779,0.2161,-8.9048,-8.8118,-28.3929

PRICE_WINDOW_180_ROW_114=20260327,200.5,201.0,198.0,200.0,30261.0,201.4,218.4244,217.6,240.4,254.5375,-0.2494,-2.9126,-18.5336,0.2608,-8.4352,-8.0882,-28.5714

PRICE_WINDOW_180_ROW_115=20260330,195.0,199.5,189.5,192.0,106589.0,199.0,216.2224,215.075,239.5583,254.0292,-4.0,-5.8824,-20.8247,0.9029,-11.2025,-10.7288,-31.4286

PRICE_WINDOW_180_ROW_116=20260331,192.5,192.5,186.5,190.5,94328.0,197.0,214.0789,212.35,238.6833,253.5458,-0.7812,-4.9875,-22.2449,0.8229,-11.0141,-10.2896,-31.9643

PRICE_WINDOW_180_ROW_117=20260401,198.0,198.0,191.0,192.0,59507.0,195.0,212.239,210.275,237.9083,253.0542,0.7874,-4.9505,-17.773,0.6176,-9.5359,-8.691,-31.4286

PRICE_WINDOW_180_ROW_118=20260402,196.5,196.5,187.0,188.0,104432.0,192.5,210.219,207.475,237.0417,252.3208,-2.0833,-6.2344,-22.9508,1.0811,-10.5695,-9.3867,-32.8571

PRICE_WINDOW_180_ROW_119=20260407,188.5,190.5,187.5,187.5,23186.0,190.0,208.3258,204.85,236.1667,251.5833,-0.266,-6.25,-21.875,0.2429,-9.9967,-8.4696,-33.0357

PRICE_WINDOW_180_ROW_120=20260408,188.5,200.0,188.5,193.0,100654.0,190.2,207.0486,203.275,235.4583,251.0292,2.9333,0.5208,-14.0312,1.0477,-6.7852,-5.0547,-31.0714

PRICE_WINDOW_180_ROW_121=20260409,194.0,205.5,193.0,204.5,115258.0,193.0,206.8363,202.575,234.9333,250.6042,5.9585,7.3491,-6.4073,1.1639,-1.1295,0.9503,-26.9643

PRICE_WINDOW_180_ROW_122=20260410,207.0,207.0,194.0,194.5,109262.0,193.5,205.8082,201.15,234.125,249.975,-4.89,1.3021,-12.7803,1.0811,-5.4945,-3.306,-30.5357

PRICE_WINDOW_180_ROW_123=20260413,194.0,195.0,189.0,189.5,110288.0,193.8,204.4492,199.675,233.375,249.4,-2.5707,0.7979,-13.4703,1.0497,-7.3119,-5.0958,-32.3214

PRICE_WINDOW_180_ROW_124=20260414,191.5,193.5,189.0,192.0,54002.0,194.7,203.4118,199.075,232.6833,248.8417,1.3193,2.4,-5.8824,0.5565,-5.6102,-3.5539,-31.4286

PRICE_WINDOW_180_ROW_125=20260415,192.0,197.0,191.0,192.5,80529.0,194.6,202.5025,198.225,231.9667,248.2375,0.2604,-0.2591,-8.1146,0.8781,-4.9394,-2.8881,-31.25

PRICE_WINDOW_180_ROW_126=20260416,196.5,196.5,192.5,195.5,48803.0,192.8,201.9189,197.7,231.1667,247.6625,1.5584,-4.401,-5.0971,0.5887,-3.179,-1.1128,-30.1786

PRICE_WINDOW_180_ROW_127=20260417,195.5,195.5,192.5,194.5,49411.0,192.8,201.3007,196.5,230.325,247.0,-0.5115,0.0,-10.984,0.6642,-3.3784,-1.0178,-30.5357

PRICE_WINDOW_180_ROW_128=20260420,196.0,199.0,194.0,196.0,81780.0,194.1,200.859,195.75,229.5083,246.4125,0.7712,3.4301,-7.109,1.1138,-2.4191,0.1277,-30.0

PRICE_WINDOW_180_ROW_129=20260421,201.0,201.0,193.0,193.5,46040.0,194.4,200.2457,195.125,228.4667,245.8917,-1.2755,0.7812,-6.068,0.6323,-3.3687,-0.8328,-30.8929

PRICE_WINDOW_180_ROW_130=20260422,196.5,196.5,192.0,195.0,87826.0,194.9,199.8086,194.675,227.3833,245.3,0.7752,1.2987,-4.4118,1.1635,-2.4066,0.1669,-30.3571

PRICE_WINDOW_180_ROW_131=20260423,193.5,195.0,187.5,190.5,166840.0,193.9,199.0329,194.175,226.0667,244.575,-2.3077,-2.5575,-4.9875,2.1607,-4.2872,-1.8926,-31.9643

PRICE_WINDOW_180_ROW_132=20260424,190.0,191.0,183.0,185.0,152710.0,192.0,197.8635,193.325,224.7583,243.7333,-2.8871,-4.8843,-8.4158,1.8547,-6.5012,-4.3062,-33.9286

PRICE_WINDOW_180_ROW_133=20260427,185.5,190.0,181.5,183.5,69914.0,189.5,196.6665,192.475,223.3583,242.8167,-0.8108,-6.3776,-8.4788,0.8266,-6.6948,-4.6629,-34.4643

PRICE_WINDOW_180_ROW_134=20260428,189.0,189.5,184.0,189.0,41620.0,188.6,196.0276,191.925,221.95,242.0,2.9973,-2.3256,-5.5,0.4888,-3.585,-1.524,-32.5

PRICE_WINDOW_180_ROW_135=20260429,193.0,193.0,183.0,185.0,83691.0,186.6,195.1087,191.575,220.45,241.2375,-2.1164,-5.1282,-3.6458,0.9963,-5.181,-3.4321,-33.9286

PRICE_WINDOW_180_ROW_136=20260430,185.0,190.0,184.0,186.5,55617.0,185.8,194.3913,191.375,218.925,240.5,0.8108,-2.0997,-2.0997,0.6777,-4.0595,-2.5474,-33.1541

PRICE_WINDOW_180_ROW_137=20260504,185.0,188.0,184.5,186.5,41213.0,186.1,193.7337,191.1,217.4417,239.6917,0.0,0.8108,-2.8646,0.5078,-3.7338,-2.4071,-31.685

PRICE_WINDOW_180_ROW_138=20260505,185.0,199.0,185.0,192.5,87051.0,187.9,193.6309,191.325,216.1917,238.9417,3.2172,4.9046,2.3936,1.0843,-0.584,0.6141,-28.4387

PRICE_WINDOW_180_ROW_139=20260506,196.5,198.0,192.0,194.0,51231.0,188.9,193.6616,191.65,215.0167,238.15,0.7792,2.6455,3.4667,0.6272,0.1747,1.2262,-26.6541

PRICE_WINDOW_180_ROW_140=20260507,198.0,201.0,194.5,197.5,89724.0,191.4,193.9815,191.875,213.9,237.3333,1.8041,6.7568,2.3316,1.1058,1.8138,2.9316,-25.3308

PRICE_WINDOW_180_ROW_141=20260508,197.5,200.0,195.0,195.0,35190.0,193.1,194.0664,191.4,212.8667,236.6083,-1.2658,4.5576,-4.6455,0.4562,0.4811,1.8809,-25.5725

PRICE_WINDOW_180_ROW_142=20260511,195.5,203.5,195.0,201.5,254141.0,196.1,194.6858,191.75,211.9667,235.8708,3.3333,8.0429,3.599,3.0118,3.5001,5.0847,-23.0916

PRICE_WINDOW_180_ROW_143=20260512,209.0,217.0,207.0,214.5,258078.0,200.5,196.337,193.0,211.4,235.2375,6.4516,11.4286,13.1926,2.8122,9.2509,11.1399,-18.1298

PRICE_WINDOW_180_ROW_144=20260513,219.5,219.5,213.0,216.0,136575.0,204.9,197.9756,194.2,210.7833,234.5875,0.6993,11.3402,12.5,1.4242,9.1044,11.2255,-17.5573

PRICE_WINDOW_180_ROW_145=20260514,215.5,216.0,211.5,213.0,66191.0,208.0,199.2276,195.225,210.2417,233.9125,-1.3889,7.8481,10.6494,0.6954,6.9129,9.1049,-18.7023

PRICE_WINDOW_180_ROW_146=20260515,211.0,213.0,205.0,206.0,89790.0,210.2,199.792,195.75,209.4917,233.2958,-3.2864,5.641,5.3708,0.9235,3.1072,5.2363,-21.374

PRICE_WINDOW_180_ROW_147=20260518,204.5,207.0,204.0,204.5,40181.0,210.8,200.1843,196.25,208.65,232.6625,-0.7282,1.4888,5.1414,0.4152,2.1559,4.2038,-20.428

PRICE_WINDOW_180_ROW_148=20260519,204.0,210.0,198.0,199.5,67936.0,207.8,200.1273,196.425,207.8333,231.9958,-2.445,-6.993,1.7857,0.7071,-0.3134,1.5655,-22.3735

PRICE_WINDOW_180_ROW_149=20260520,199.5,204.0,194.5,200.5,169593.0,204.7,200.1584,196.775,207.1333,231.3333,0.5013,-7.1759,3.6176,1.6585,0.1707,1.893,-21.9844

PRICE_WINDOW_180_ROW_150=20260521,202.0,205.0,199.5,203.0,141867.0,202.7,200.3952,197.175,206.3583,230.75,1.2469,-4.6948,4.1026,1.3517,1.2999,2.9542,-21.0117

PRICE_WINDOW_180_ROW_151=20260522,204.5,208.5,201.5,207.5,143036.0,203.0,200.9872,198.025,205.6167,230.2333,2.2167,0.7282,8.9239,1.3784,3.2404,4.7847,-17.6587

PRICE_WINDOW_180_ROW_152=20260525,208.5,208.5,201.0,202.0,99580.0,202.5,201.0716,198.875,204.8333,229.675,-2.6506,-1.2225,9.1892,0.9849,0.4617,1.5713,-19.2

PRICE_WINDOW_180_ROW_153=20260526,201.5,205.5,200.5,203.0,76583.0,203.2,201.2323,199.85,204.0667,229.0958,0.495,1.7544,10.6267,0.7549,0.8784,1.5762,-18.8

PRICE_WINDOW_180_ROW_154=20260527,204.0,206.0,201.0,206.0,122334.0,204.3,201.6296,200.7,203.4083,228.5542,1.4778,2.7431,8.9947,1.1598,2.1675,2.6408,-17.6

PRICE_WINDOW_180_ROW_155=20260528,206.0,207.5,203.0,204.0,114299.0,204.5,201.8272,201.65,202.7667,227.9958,-0.9709,0.4926,10.2703,1.0681,1.0766,1.1654,-16.7347

PRICE_WINDOW_180_ROW_156=20260529,202.5,204.0,200.0,203.0,163243.0,203.6,201.9249,202.475,202.0667,227.45,-0.4902,-2.1687,8.8472,1.4524,0.5324,0.2593,-17.1429

PRICE_WINDOW_180_ROW_157=20260601,203.0,212.5,203.0,210.5,150898.0,205.3,202.6395,203.675,201.6833,226.9333,3.6946,4.2079,12.8686,1.2801,3.8791,3.3509,-14.0816

PRICE_WINDOW_180_ROW_158=20260602,211.0,219.0,208.0,209.0,138626.0,206.5,203.1695,204.5,201.1,226.3792,-0.7126,2.9557,8.5714,1.1509,2.8698,2.2005,-14.6939

PRICE_WINDOW_180_ROW_159=20260603,210.0,214.5,207.5,212.5,86830.0,207.8,203.9471,205.425,200.6417,225.9,1.6746,3.1553,9.5361,0.7104,4.1937,3.4441,-7.6087

PRICE_WINDOW_180_ROW_160=20260604,212.5,217.5,211.0,215.0,123669.0,210.0,204.8681,206.3,200.4833,225.4417,1.1765,5.3922,8.8608,0.9979,4.9455,4.2172,-6.5217

PRICE_WINDOW_180_ROW_161=20260605,215.0,215.0,208.0,211.5,55986.0,211.7,205.4208,207.125,200.3667,224.9708,-1.6279,4.1872,8.4615,0.448,2.9594,2.1123,-5.5804

PRICE_WINDOW_180_ROW_162=20260608,203.0,205.0,199.5,203.0,111520.0,210.2,205.2191,207.2,200.0333,224.4292,-4.0189,-3.5629,0.7444,0.9464,-1.0813,-2.027,-9.375

PRICE_WINDOW_180_ROW_163=20260609,203.0,209.0,203.0,207.0,72405.0,209.8,205.3675,206.825,199.8333,223.9292,1.9704,-0.9569,-3.4965,0.667,0.7949,0.0846,-7.5893

PRICE_WINDOW_180_ROW_164=20260610,195.0,198.5,190.5,190.5,337980.0,205.4,204.1285,205.55,199.6083,223.2833,-7.971,-10.3529,-11.8056,2.8491,-6.6764,-7.3218,-14.9554

PRICE_WINDOW_180_ROW_165=20260611,191.0,193.0,189.0,190.5,89321.0,200.5,202.9928,204.425,199.2917,222.6792,0.0,-11.3953,-10.5634,0.7457,-6.1543,-6.8118,-14.9554

PRICE_WINDOW_180_ROW_166=20260612,193.0,197.0,193.0,193.5,45766.0,196.9,202.2017,203.8,199.0833,222.1958,1.5748,-8.5106,-6.068,0.3892,-4.3035,-5.054,-13.6161

PRICE_WINDOW_180_ROW_167=20260615,195.0,195.0,192.5,195.0,48518.0,195.3,201.6016,203.325,198.6917,221.7208,0.7752,-3.9409,-4.6455,0.4112,-3.2746,-4.0944,-11.1617

PRICE_WINDOW_180_ROW_168=20260616,201.5,207.0,198.0,203.5,145270.0,194.6,201.7598,203.525,198.5667,221.35,4.359,-1.6908,2.005,1.192,0.8625,-0.0123,-7.2893

PRICE_WINDOW_180_ROW_169=20260617,203.0,205.0,201.5,202.0,70923.0,196.9,201.7798,203.6,198.5,220.9792,-0.7371,6.0367,0.7481,0.6065,0.1091,-0.7859,-7.9727

PRICE_WINDOW_180_ROW_170=20260618,204.0,204.5,200.0,200.0,81241.0,198.8,201.6315,203.45,198.4333,220.6458,-0.9901,4.9869,-1.4778,0.7133,-0.8091,-1.6957,-8.8838

PRICE_WINDOW_180_ROW_171=20260622,200.0,200.0,196.0,199.0,119715.0,199.9,201.4122,203.025,198.4083,220.2875,-0.5,2.8424,-4.0964,1.0619,-1.1976,-1.9825,-9.3394

PRICE_WINDOW_180_ROW_172=20260623,198.5,198.5,194.5,195.0,47085.0,199.9,200.8779,202.675,198.2917,219.95,-2.0101,0.0,-3.4653,0.4276,-2.9261,-3.7869,-11.1617

PRICE_WINDOW_180_ROW_173=20260624,193.5,195.0,192.5,193.0,49094.0,197.8,200.2214,202.175,198.1667,219.5958,-1.0256,-5.1597,-4.9261,0.4515,-3.6067,-4.5381,-12.0729

PRICE_WINDOW_180_ROW_174=20260625,193.5,193.5,189.5,190.0,84779.0,195.4,199.3696,201.375,198.0,219.2,-1.5544,-5.9406,-7.767,0.7934,-4.6996,-5.6487,-13.4396

PRICE_WINDOW_180_ROW_175=20260626,187.5,190.0,185.0,190.0,154215.0,193.4,198.5888,200.675,197.9667,218.7625,0.0,-5.0,-6.8627,1.4167,-4.3249,-5.3195,-13.4396

PRICE_WINDOW_180_ROW_176=20260629,186.0,187.5,184.0,185.5,85767.0,190.7,197.4981,199.8,197.8833,218.2833,-2.3684,-6.7839,-8.6207,0.817,-6.075,-7.1572,-15.4897

PRICE_WINDOW_180_ROW_177=20260630,185.5,190.0,185.0,188.0,122000.0,189.3,196.7066,198.675,197.8167,217.8625,1.3477,-3.5897,-10.6888,1.1783,-4.4262,-5.3731,-14.3508

PRICE_WINDOW_180_ROW_178=20260701,188.0,193.0,186.5,191.5,65000.0,189.0,196.2727,197.8,197.875,217.4583,1.8617,-0.7772,-8.3732,0.6509,-2.4317,-3.185,-12.7563

PRICE_WINDOW_180_ROW_179=20260702,187.0,190.5,187.0,189.0,40000.0,188.8,195.6666,196.625,197.9,217.0333,-1.3055,-0.5263,-11.0588,0.4102,-3.4071,-3.8779,-13.8952

PRICE_WINDOW_180_ROW_180=20260703,186.5,191.5,186.5,190.5,36418.0,188.9,195.2361,195.4,197.8583,216.6583,0.7937,0.2632,-11.3953,0.391,-2.4258,-2.5077,-13.2118
