# PRICE_WINDOW_180

columns=date,open,high,low,close,volume,ma5,ema23,ma20,ma60,ma120,return_1d,return_5d,return_20d,volume_ratio,distance_to_ema23_pct,distance_to_ma20_pct,distance_to_high_60_pct

PRICE_WINDOW_180_ROW_001=20251208,10.1,10.2,10.0,10.0,140000.0,10.09,10.0789,10.135,10.055,10.055,-0.9901,-1.9608,1.1122,0.6063,-0.783,-1.332,-12.2807

PRICE_WINDOW_180_ROW_002=20251209,10.0,10.1,9.95,9.96,34000.0,10.042,10.069,10.143,10.0523,10.0523,-0.4,-2.3529,1.6327,0.1472,-1.0826,-1.8042,-12.6316

PRICE_WINDOW_180_ROW_003=20251210,9.98,10.0,9.9,9.95,30000.0,10.022,10.0591,10.1455,10.0494,10.0494,-0.1004,-0.995,0.5051,0.1303,-1.0845,-1.927,-12.7193

PRICE_WINDOW_180_ROW_004=20251211,9.95,10.3,9.88,10.1,184000.0,10.022,10.0625,10.1505,10.0508,10.0508,1.5075,0.0,1.0,0.7802,0.3727,-0.4975,-11.4035

PRICE_WINDOW_180_ROW_005=20251212,10.1,10.1,9.98,9.98,20000.0,9.998,10.0556,10.1345,10.0489,10.0489,-1.1881,-1.1881,-3.1068,0.0984,-0.7521,-1.5245,-12.4561

PRICE_WINDOW_180_ROW_006=20251215,10.1,10.1,10.05,10.05,37000.0,10.008,10.0552,10.117,10.049,10.049,0.7014,0.5,-3.3654,0.2024,-0.0513,-0.6623,-11.8421

PRICE_WINDOW_180_ROW_007=20251216,10.05,10.05,9.86,9.9,66000.0,9.996,10.0422,10.092,10.0452,10.0452,-1.4925,-0.6024,-4.8077,0.3712,-1.4163,-1.9025,-13.1579

PRICE_WINDOW_180_ROW_008=20251217,9.92,10.0,9.91,10.0,40000.0,10.006,10.0387,10.077,10.0441,10.0441,1.0101,0.5025,-2.9126,0.2349,-0.3856,-0.7641,-12.2807

PRICE_WINDOW_180_ROW_009=20251218,9.87,9.99,9.82,9.97,9000.0,9.98,10.033,10.0505,10.0424,10.0424,-0.3,-1.2871,-5.0476,0.0558,-0.6278,-0.801,-12.5439

PRICE_WINDOW_180_ROW_010=20251219,9.97,10.1,9.97,10.1,17000.0,10.004,10.0386,10.0505,10.0437,10.0437,1.3039,1.2024,0.0,0.1175,0.612,0.4925,-11.4035

PRICE_WINDOW_180_ROW_011=20251222,10.0,10.05,9.96,9.96,75000.0,9.986,10.032,10.046,10.0418,10.0418,-1.3861,-0.8955,-0.8955,0.5495,-0.7179,-0.8561,-12.6316

PRICE_WINDOW_180_ROW_012=20251223,9.97,10.3,9.97,10.05,99000.0,10.016,10.0335,10.046,10.042,10.042,0.9036,1.5152,0.0,0.9049,0.1643,0.0398,-11.8421

PRICE_WINDOW_180_ROW_013=20251224,10.1,10.2,9.98,9.98,54000.0,10.012,10.0291,10.045,10.0407,10.0407,-0.6965,-0.2,-0.2,0.5463,-0.4892,-0.6471,-12.4561

PRICE_WINDOW_180_ROW_014=20251226,10.0,10.05,9.97,9.98,8000.0,10.014,10.025,10.044,10.0394,10.0394,0.0,0.1003,-0.2,0.0999,-0.4486,-0.6372,-12.4561

PRICE_WINDOW_180_ROW_015=20251229,10.1,10.15,9.95,10.0,41000.0,9.994,10.0229,10.0315,10.0385,10.0385,0.2004,-0.9901,-2.439,0.5586,-0.2284,-0.314,-12.2807

PRICE_WINDOW_180_ROW_016=20251230,9.99,9.99,9.95,9.95,9000.0,9.992,10.0168,10.019,10.0367,10.0367,-0.5,-0.1004,-2.451,0.1411,-0.667,-0.6887,-12.7193

PRICE_WINDOW_180_ROW_017=20251231,9.95,10.0,9.87,9.88,34000.0,9.958,10.0054,10.003,10.0336,10.0336,-0.7035,-1.6915,-3.1373,0.5611,-1.2535,-1.2296,-13.3333

PRICE_WINDOW_180_ROW_018=20260102,9.88,9.88,9.78,9.82,49000.0,9.926,9.99,9.9915,10.0294,10.0294,-0.6073,-1.6032,-2.2886,0.8727,-1.7013,-1.7165,-13.8596

PRICE_WINDOW_180_ROW_019=20260105,9.82,9.82,9.71,9.71,38000.0,9.872,9.9666,9.972,10.0233,10.0233,-1.1202,-2.7054,-3.8614,0.7466,-2.5749,-2.6274,-14.8246

PRICE_WINDOW_180_ROW_020=20260106,9.65,9.68,9.57,9.66,34000.0,9.804,9.9411,9.95,10.0164,10.0164,-0.5149,-3.4,-4.3564,0.668,-2.8275,-2.9146,-15.2632

PRICE_WINDOW_180_ROW_021=20260107,9.67,9.67,9.47,9.58,122000.0,9.73,9.911,9.929,10.0083,10.0083,-0.8282,-3.7186,-4.2,2.44,-3.3396,-3.515,-15.9649

PRICE_WINDOW_180_ROW_022=20260108,9.58,9.64,9.42,9.55,36000.0,9.664,9.8809,9.9085,10.0,10.0,-0.3132,-3.3401,-4.1165,0.7186,-3.349,-3.6181,-16.2281

PRICE_WINDOW_180_ROW_023=20260109,9.62,9.62,9.45,9.45,44000.0,9.59,9.845,9.8835,9.9902,9.9902,-1.0471,-3.7678,-5.0251,0.8661,-4.0122,-4.3861,-17.1053

PRICE_WINDOW_180_ROW_024=20260112,9.45,9.45,9.4,9.42,77000.0,9.532,9.8096,9.8495,9.9802,9.9802,-0.3175,-2.9866,-6.7327,1.6942,-3.9714,-4.3606,-17.3684

PRICE_WINDOW_180_ROW_025=20260113,9.48,9.48,9.39,9.4,26000.0,9.48,9.7755,9.8205,9.9702,9.9702,-0.2123,-2.6915,-5.8116,0.5683,-3.8407,-4.2819,-17.5439

PRICE_WINDOW_180_ROW_026=20260114,9.46,10.3,9.46,10.3,563000.0,9.624,9.8192,9.833,9.9758,9.9758,9.5745,7.5157,2.4876,7.814,4.8969,4.7493,-9.6491

PRICE_WINDOW_180_ROW_027=20260115,10.3,10.45,10.0,10.1,419000.0,9.734,9.8426,9.843,9.9778,9.9778,-1.9417,5.7592,2.0202,4.6711,2.6155,2.611,-11.4035

PRICE_WINDOW_180_ROW_028=20260116,10.25,10.25,10.0,10.0,101000.0,9.844,9.8557,9.843,9.983,9.9782,-0.9901,5.8201,0.0,1.0889,1.4643,1.595,-12.2807

PRICE_WINDOW_180_ROW_029=20260119,9.99,10.15,9.94,9.97,134000.0,9.954,9.8652,9.843,9.9982,9.9781,-0.3,5.8386,0.0,1.3535,1.0622,1.2903,-12.5439

PRICE_WINDOW_180_ROW_030=20260120,10.05,10.1,9.96,9.96,49000.0,10.066,9.8731,9.836,9.9783,9.9778,-0.1003,5.9574,-1.3861,0.4871,0.8801,1.2607,-9.4545

PRICE_WINDOW_180_ROW_031=20260121,9.86,9.86,9.82,9.83,53000.0,9.972,9.8695,9.8295,9.9778,9.9755,-1.3052,-4.5631,-1.3052,0.5327,-0.4004,0.0051,-10.6364

PRICE_WINDOW_180_ROW_032=20260122,9.96,10.15,9.9,9.94,56000.0,9.94,9.8754,9.824,9.9768,9.9749,1.119,-1.5842,-1.0945,0.5752,0.6542,1.1808,-9.6364

PRICE_WINDOW_180_ROW_033=20260123,9.95,10.1,9.94,10.0,42000.0,9.94,9.8858,9.825,9.9768,9.9753,0.6036,0.0,0.2004,0.4341,1.1554,1.7812,-9.0909

PRICE_WINDOW_180_ROW_034=20260126,10.0,10.0,9.91,9.98,54000.0,9.942,9.8936,9.825,9.9765,9.9754,-0.2,0.1003,0.0,0.5452,0.873,1.5776,-9.2727

PRICE_WINDOW_180_ROW_035=20260127,9.98,10.0,9.93,9.96,36000.0,9.942,9.8992,9.823,9.975,9.9751,-0.2004,0.0,-0.4,0.3644,0.6146,1.3947,-9.4545

PRICE_WINDOW_180_ROW_036=20260128,10.0,10.25,9.95,9.95,88000.0,9.966,9.9034,9.823,9.9768,9.9748,-0.1004,1.2208,0.0,0.8564,0.4706,1.2929,-9.5455

PRICE_WINDOW_180_ROW_037=20260129,9.95,10.05,9.88,10.05,15000.0,9.988,9.9156,9.8315,9.9807,9.9759,1.005,1.1066,1.7206,0.1473,1.3553,2.2224,-8.6364

PRICE_WINDOW_180_ROW_038=20260130,9.87,10.0,9.87,9.91,20000.0,9.97,9.9151,9.836,9.9813,9.9749,-1.393,-0.9,0.9165,0.1993,-0.0519,0.7523,-9.9091

PRICE_WINDOW_180_ROW_039=20260202,9.88,10.0,9.83,9.97,56000.0,9.968,9.9197,9.849,9.9808,9.9749,0.6054,-0.1002,2.6777,0.5531,0.5069,1.2286,-9.3636

PRICE_WINDOW_180_ROW_040=20260203,10.1,10.1,9.87,9.87,77000.0,9.95,9.9156,9.8595,9.9797,9.9734,-1.003,-0.9036,2.1739,0.7447,-0.4596,0.1065,-10.2727

PRICE_WINDOW_180_ROW_041=20260204,9.98,9.99,9.83,9.88,91000.0,9.936,9.9126,9.8745,9.9795,9.9722,0.1013,-0.7035,3.1315,0.8935,-0.329,0.0557,-10.1818

PRICE_WINDOW_180_ROW_042=20260205,9.88,9.9,9.8,9.81,113000.0,9.888,9.9041,9.8875,9.9797,9.97,-0.7085,-2.3881,2.7225,1.0691,-0.9497,-0.7838,-10.8182

PRICE_WINDOW_180_ROW_043=20260206,9.9,9.9,9.7,9.72,297000.0,9.85,9.8887,9.901,9.9767,9.9667,-0.9174,-1.9173,2.8571,2.5095,-1.7062,-1.8281,-11.6364

PRICE_WINDOW_180_ROW_044=20260209,9.89,9.89,9.51,9.54,192000.0,9.764,9.8597,9.907,9.969,9.9612,-1.8519,-4.3129,1.2739,1.5471,-3.2421,-3.7045,-13.2727

PRICE_WINDOW_180_ROW_045=20260210,9.54,9.99,9.46,9.52,278000.0,9.694,9.8314,9.913,9.956,9.9555,-0.2096,-3.5461,1.2766,2.0337,-3.167,-3.9645,-12.2581

PRICE_WINDOW_180_ROW_046=20260211,9.55,10.0,9.55,9.98,148000.0,9.714,9.8437,9.897,9.949,9.9558,4.8319,1.0121,-3.1068,1.2764,1.3842,0.8386,-7.5926

PRICE_WINDOW_180_ROW_047=20260223,9.86,9.98,9.8,9.9,67000.0,9.732,9.8484,9.887,9.9407,9.9551,-0.8016,0.9174,-1.9802,0.6812,0.5236,0.1315,-8.3333

PRICE_WINDOW_180_ROW_048=20260224,9.82,10.25,9.7,10.05,230000.0,9.798,9.8652,9.8895,9.9365,9.9563,1.5152,3.3951,0.5,2.1947,1.873,1.6229,-6.9444

PRICE_WINDOW_180_ROW_049=20260225,10.05,10.1,9.97,9.99,54000.0,9.888,9.8756,9.8905,9.928,9.9567,-0.597,4.717,0.2006,0.5357,1.1582,1.006,-6.1972

PRICE_WINDOW_180_ROW_050=20260226,9.95,9.99,9.91,9.99,55000.0,9.982,9.8852,9.892,9.9262,9.9571,0.0,4.937,0.3012,0.544,1.0606,0.9907,-5.3081

PRICE_WINDOW_180_ROW_051=20260302,9.91,10.05,9.91,10.0,39000.0,9.986,9.8947,9.9005,9.9253,9.9576,0.1001,0.2004,1.7294,0.3884,1.0639,1.005,-5.2133

PRICE_WINDOW_180_ROW_052=20260303,10.1,10.1,9.8,9.98,72000.0,10.002,9.9018,9.9025,9.9242,9.9579,-0.2,0.8081,0.4024,0.7115,0.7894,0.7826,-5.4028

PRICE_WINDOW_180_ROW_053=20260304,9.95,9.95,9.85,9.91,63000.0,9.974,9.9025,9.898,9.9227,9.9573,-0.7014,-1.393,-0.9,0.6161,0.0756,0.1212,-6.0664

PRICE_WINDOW_180_ROW_054=20260305,9.97,9.97,9.85,9.85,29000.0,9.946,9.8981,9.8915,9.9202,9.9561,-0.6054,-1.4014,-1.3026,0.2871,-0.4863,-0.4196,-6.6351

PRICE_WINDOW_180_ROW_055=20260306,9.86,9.97,9.84,9.97,91000.0,9.942,9.9041,9.892,9.9155,9.9562,1.2183,-0.2002,0.1004,0.8771,0.6651,0.7885,-5.4976

PRICE_WINDOW_180_ROW_056=20260309,9.9,10.1,9.75,10.05,94000.0,9.952,9.9163,9.897,9.913,9.9573,0.8024,0.5,1.005,0.9034,1.3485,1.5459,-3.8278

PRICE_WINDOW_180_ROW_057=20260310,10.1,10.1,9.96,10.05,83000.0,9.966,9.9274,9.897,9.9105,9.9583,0.0,0.7014,0.0,0.7725,1.2347,1.5459,-3.8278

PRICE_WINDOW_180_ROW_058=20260311,10.2,10.2,9.94,9.97,278000.0,9.978,9.931,9.9,9.9092,9.9585,-0.796,0.6054,0.6054,2.3099,0.393,0.7071,-4.5933

PRICE_WINDOW_180_ROW_059=20260312,10.0,10.0,9.8,9.99,123000.0,10.006,9.9359,9.901,9.9073,9.9588,0.2006,1.4213,0.2006,0.9943,0.5446,0.8989,-4.4019

PRICE_WINDOW_180_ROW_060=20260313,9.99,10.05,9.93,9.96,72000.0,10.004,9.9379,9.9055,9.905,9.9588,-0.3003,-0.1003,0.9119,0.5832,0.2224,0.5502,-4.689

PRICE_WINDOW_180_ROW_061=20260316,10.05,10.15,9.98,10.0,169000.0,9.994,9.9431,9.9115,9.905,9.9593,0.4016,-0.4975,1.2146,1.3271,0.5725,0.8929,-4.3062

PRICE_WINDOW_180_ROW_062=20260317,10.1,10.15,10.0,10.0,88000.0,9.984,9.9478,9.921,9.9057,9.9597,0.0,-0.4975,1.9368,0.6979,0.5245,0.7963,-4.3062

PRICE_WINDOW_180_ROW_063=20260318,10.0,10.2,10.0,10.2,140000.0,10.03,9.9688,9.945,9.9098,9.9622,2.0,2.3069,4.9383,1.1839,2.3189,2.5641,-2.3923

PRICE_WINDOW_180_ROW_064=20260319,10.2,10.45,10.05,10.25,197000.0,10.082,9.9923,9.9805,9.9123,9.9652,0.4902,2.6026,7.4423,1.6624,2.5793,2.7003,-1.9139

PRICE_WINDOW_180_ROW_065=20260320,10.45,10.45,10.25,10.25,106000.0,10.14,10.0137,10.017,9.9168,9.9681,0.0,2.9116,7.6681,0.9645,2.3593,2.326,-1.9139

PRICE_WINDOW_180_ROW_066=20260323,10.25,10.55,10.2,10.25,166000.0,10.19,10.0334,10.0305,9.9202,9.9709,0.0,2.5,2.7054,1.4982,2.1585,2.1883,-2.8436

PRICE_WINDOW_180_ROW_067=20260324,10.25,10.25,10.05,10.05,91000.0,10.2,10.0348,10.038,9.9227,9.9717,-1.9512,0.5,1.5152,0.8125,0.1514,0.1195,-4.7393

PRICE_WINDOW_180_ROW_068=20260325,10.2,10.3,10.05,10.1,103000.0,10.18,10.0402,10.0405,9.9243,9.973,0.4975,-0.9804,0.4975,0.9749,0.5952,0.5926,-4.2654

PRICE_WINDOW_180_ROW_069=20260326,10.2,10.3,10.15,10.15,77000.0,10.16,10.0494,10.0485,9.9273,9.9747,0.495,-0.9756,1.6016,0.721,1.0012,1.0101,-3.7915

PRICE_WINDOW_180_ROW_070=20260327,10.1,10.25,10.1,10.25,72000.0,10.16,10.0661,10.0615,9.9298,9.9774,0.9852,0.0,2.6026,0.6688,1.8268,1.8735,-2.8436

PRICE_WINDOW_180_ROW_071=20260330,10.25,10.25,10.05,10.2,110000.0,10.15,10.0773,10.0715,9.9338,9.9795,-0.4878,-0.4878,2.0,0.9892,1.2179,1.2759,-3.3175

PRICE_WINDOW_180_ROW_072=20260331,10.2,10.25,10.0,10.05,102000.0,10.15,10.075,10.075,9.9338,9.9802,-1.4706,0.0,0.7014,0.9051,-0.2481,-0.2481,-4.7393

PRICE_WINDOW_180_ROW_073=20260401,10.1,10.15,10.0,10.05,62000.0,10.14,10.0729,10.082,9.935,9.9808,0.0,-0.495,1.4127,0.5504,-0.2274,-0.3174,-4.7393

PRICE_WINDOW_180_ROW_074=20260402,10.05,10.05,10.0,10.0,71000.0,10.11,10.0668,10.0895,9.9353,9.981,-0.4975,-1.4778,1.5228,0.6187,-0.6639,-0.8871,-5.2133

PRICE_WINDOW_180_ROW_075=20260407,10.0,10.1,9.99,9.99,79000.0,10.058,10.0604,10.0905,9.9352,9.9811,-0.1,-2.5366,0.2006,0.6921,-0.7001,-0.996,-5.3081

PRICE_WINDOW_180_ROW_076=20260408,10.0,10.05,9.98,9.99,47000.0,10.016,10.0546,10.0875,9.9358,9.9812,0.0,-2.0588,-0.597,0.4204,-0.6421,-0.9665,-5.3081

PRICE_WINDOW_180_ROW_077=20260409,10.0,10.05,9.98,9.99,71000.0,10.004,10.0492,10.0845,9.9377,9.9813,0.0,-0.597,-0.597,0.6385,-0.5889,-0.9371,-5.3081

PRICE_WINDOW_180_ROW_078=20260410,9.99,10.05,9.98,10.05,70000.0,10.004,10.0493,10.0885,9.9415,9.9819,0.6006,0.0,0.8024,0.6944,0.0075,-0.3816,-4.7393

PRICE_WINDOW_180_ROW_079=20260413,10.0,10.0,9.96,9.99,79000.0,10.002,10.0443,10.0885,9.9462,9.982,-0.597,-0.1,0.0,0.8012,-0.5407,-0.9764,-5.3081

PRICE_WINDOW_180_ROW_080=20260414,9.99,10.1,9.96,10.0,104000.0,10.004,10.0406,10.0905,9.9518,9.9821,0.1001,0.1001,0.4016,1.0379,-0.4046,-0.8969,-5.2133

PRICE_WINDOW_180_ROW_081=20260415,10.0,10.05,9.96,10.05,101000.0,10.016,10.0414,10.093,9.9597,9.9827,0.5,0.6006,0.5,1.0434,0.0856,-0.426,-4.7393

PRICE_WINDOW_180_ROW_082=20260416,9.98,10.1,9.95,10.0,172000.0,10.018,10.038,10.093,9.9672,9.9829,-0.4975,0.1001,0.0,1.703,-0.3781,-0.9214,-5.2133

PRICE_WINDOW_180_ROW_083=20260417,10.05,10.15,9.96,10.0,239000.0,10.008,10.0348,10.083,9.9763,9.983,0.0,-0.4975,-1.9608,2.2558,-0.3467,-0.8232,-5.2133

PRICE_WINDOW_180_ROW_084=20260420,10.05,10.05,9.97,9.98,113000.0,10.006,10.0302,10.0695,9.9857,9.983,-0.2,-0.1001,-2.6341,1.1106,-0.5007,-0.8888,-5.4028

PRICE_WINDOW_180_ROW_085=20260421,10.0,10.05,9.95,10.0,81000.0,10.006,10.0277,10.057,9.9957,9.9831,0.2004,0.0,-2.439,0.806,-0.2763,-0.5668,-5.2133

PRICE_WINDOW_180_ROW_086=20260422,10.0,10.05,9.95,9.98,78000.0,9.992,10.0237,10.0435,9.9903,9.9831,-0.2,-0.6965,-2.6341,0.8117,-0.4363,-0.6322,-5.4028

PRICE_WINDOW_180_ROW_087=20260423,9.95,10.0,9.94,9.94,106000.0,9.98,10.0168,10.038,9.9877,9.9828,-0.4008,-0.6,-1.0945,1.0945,-0.7662,-0.9763,-5.782

PRICE_WINDOW_180_ROW_088=20260424,10.0,10.0,9.81,9.86,94000.0,9.952,10.0037,10.026,9.9853,9.9842,-0.8048,-1.4,-2.3762,0.9751,-1.4364,-1.6557,-6.5403

PRICE_WINDOW_180_ROW_089=20260427,9.97,9.97,9.63,9.65,147000.0,9.886,9.9742,10.001,9.98,9.9891,-2.1298,-3.3066,-4.9261,1.4715,-3.2505,-3.5096,-8.5308

PRICE_WINDOW_180_ROW_090=20260428,9.85,9.9,9.65,9.77,115000.0,9.84,9.9572,9.977,9.9768,9.9776,1.2435,-2.3,-4.6829,1.1269,-1.88,-2.0748,-7.3934

PRICE_WINDOW_180_ROW_091=20260429,9.76,9.85,9.76,9.79,110000.0,9.802,9.9433,9.9565,9.9762,9.977,0.2047,-1.9038,-4.0196,1.0779,-1.5414,-1.6723,-7.2038

PRICE_WINDOW_180_ROW_092=20260430,9.75,9.83,9.71,9.73,91000.0,9.76,9.9255,9.9405,9.9727,9.9748,-0.6129,-2.1127,-3.1841,0.8966,-1.9696,-2.1176,-7.7725

PRICE_WINDOW_180_ROW_093=20260504,9.74,9.83,9.66,9.69,95000.0,9.726,9.9059,9.9225,9.9675,9.9722,-0.4111,-1.7241,-3.5821,0.921,-2.1792,-2.3432,-8.1517

PRICE_WINDOW_180_ROW_094=20260505,9.69,9.69,9.63,9.64,49000.0,9.724,9.8837,9.9045,9.9618,9.9692,-0.516,-0.1036,-3.6,0.4802,-2.4658,-2.6705,-8.6256

PRICE_WINDOW_180_ROW_095=20260506,9.63,9.9,9.56,9.71,148000.0,9.712,9.8692,9.8905,9.9577,9.9663,0.7261,-0.6141,-2.8028,1.4028,-1.6135,-1.825,-7.9621

PRICE_WINDOW_180_ROW_096=20260507,9.74,9.78,9.68,9.69,32000.0,9.692,9.8543,9.8755,9.9533,9.9651,-0.206,-1.0215,-3.003,0.3055,-1.6673,-1.8784,-8.1517

PRICE_WINDOW_180_ROW_097=20260508,9.81,9.85,9.67,9.67,110000.0,9.68,9.8389,9.8595,9.947,9.9638,-0.2064,-0.6166,-3.2032,1.0309,-1.7171,-1.922,-8.3412

PRICE_WINDOW_180_ROW_098=20260511,9.79,9.91,9.73,9.87,156000.0,9.716,9.8415,9.8505,9.9463,9.9638,2.0683,1.8576,-1.791,1.4054,0.2893,0.198,-6.4455

PRICE_WINDOW_180_ROW_099=20260512,9.87,9.95,9.83,9.89,62000.0,9.766,9.8456,9.8455,9.945,9.9629,0.2026,2.5934,-1.001,0.5629,0.4513,0.452,-6.2559

PRICE_WINDOW_180_ROW_100=20260513,9.79,9.84,9.62,9.71,181000.0,9.766,9.8343,9.831,9.9423,9.961,-1.82,0.0,-2.9,1.5877,-1.2637,-1.2308,-7.9621

PRICE_WINDOW_180_ROW_101=20260514,9.71,9.77,9.67,9.67,53000.0,9.762,9.8206,9.812,9.9388,9.9592,-0.4119,-0.2064,-3.7811,0.4749,-1.5333,-1.4472,-8.3412

PRICE_WINDOW_180_ROW_102=20260515,9.67,9.96,9.67,9.79,231000.0,9.786,9.818,9.8015,9.9385,9.9591,1.241,1.241,-2.1,2.0166,-0.2855,-0.1173,-7.2038

PRICE_WINDOW_180_ROW_103=20260518,9.7,9.79,9.65,9.72,88000.0,9.756,9.8099,9.7875,9.9385,9.9576,-0.715,-1.5198,-2.8,0.8224,-0.9161,-0.6897,-7.8673

PRICE_WINDOW_180_ROW_104=20260519,9.72,9.84,9.65,9.7,72000.0,9.718,9.8007,9.7735,9.9412,9.9551,-0.2058,-1.9211,-2.8056,0.686,-1.0276,-0.752,-8.0569

PRICE_WINDOW_180_ROW_105=20260520,9.66,9.76,9.6,9.66,97000.0,9.708,9.789,9.7565,9.9435,9.9498,-0.4124,-0.5149,-3.4,0.9173,-1.3176,-0.9891,-8.436

PRICE_WINDOW_180_ROW_106=20260521,9.68,9.78,9.66,9.71,58000.0,9.716,9.7824,9.743,9.939,9.944,0.5176,0.4137,-2.7054,0.5537,-0.7401,-0.3387,-7.9621

PRICE_WINDOW_180_ROW_107=20260522,9.79,9.79,9.68,9.73,10000.0,9.704,9.778,9.7325,9.9362,9.9384,0.206,-0.6129,-2.1127,0.1001,-0.4912,-0.0257,-7.7725

PRICE_WINDOW_180_ROW_108=20260525,9.7,9.74,9.6,9.7,10000.0,9.7,9.7715,9.7245,9.9303,9.9334,-0.3083,-0.2058,-1.6227,0.1044,-0.732,-0.2519,-8.0569

PRICE_WINDOW_180_ROW_109=20260526,9.74,9.9,9.71,9.85,10000.0,9.73,9.7781,9.7345,9.928,9.928,1.5464,1.5464,2.0725,0.1125,0.7356,1.1865,-6.6351

PRICE_WINDOW_180_ROW_110=20260527,9.85,9.88,9.67,9.69,10000.0,9.736,9.7707,9.7305,9.923,9.9246,-1.6244,0.3106,-0.8188,0.1195,-0.8263,-0.4162,-8.1517

PRICE_WINDOW_180_ROW_111=20260528,9.69,9.85,9.63,9.66,10000.0,9.726,9.7615,9.724,9.9173,9.9213,-0.3096,-0.5149,-1.3279,0.1271,-1.0398,-0.6582,-8.436

PRICE_WINDOW_180_ROW_112=20260529,9.69,9.75,9.64,9.69,10000.0,9.718,9.7555,9.722,9.9125,9.9183,0.3106,-0.4111,-0.4111,0.134,-0.6719,-0.3292,-8.1517

PRICE_WINDOW_180_ROW_113=20260601,9.69,9.82,9.64,9.77,10000.0,9.732,9.7567,9.726,9.9102,9.9164,0.8256,0.7216,0.8256,0.1421,0.1358,0.4524,-7.3934

PRICE_WINDOW_180_ROW_114=20260602,9.78,9.87,9.71,9.8,10.0,9.722,9.7604,9.734,9.9093,9.9148,0.3071,-0.5076,1.6598,0.0001,0.4062,0.678,-7.109

PRICE_WINDOW_180_ROW_115=20260603,9.9,10.3,9.9,10.1,10000.0,9.804,9.7887,9.7535,9.9115,9.9135,3.0612,4.2312,4.0165,0.1639,3.1806,3.5526,-4.2654

PRICE_WINDOW_180_ROW_116=20260604,10.1,10.55,10.0,10.2,10000.0,9.912,9.8229,9.779,9.914,9.9135,0.9901,5.5901,5.2632,0.1669,3.8386,4.3051,-3.3175

PRICE_WINDOW_180_ROW_117=20260605,10.3,10.35,10.0,10.15,10000.0,10.004,9.8502,9.803,9.9157,9.9131,-0.4902,4.7472,4.9638,0.1821,3.0437,3.5397,-3.7915

PRICE_WINDOW_180_ROW_118=20260608,9.85,10.15,9.84,10.15,134000.0,10.08,9.8752,9.817,9.9187,9.9139,0.0,3.8895,2.8369,2.4907,2.783,3.3921,-3.7915

PRICE_WINDOW_180_ROW_119=20260609,10.15,10.2,10.05,10.15,138000.0,10.15,9.8981,9.83,9.9213,9.9143,0.0,3.5714,2.6289,2.3958,2.5452,3.2553,-3.7915

PRICE_WINDOW_180_ROW_120=20260610,10.15,10.15,9.98,10.0,94000.0,10.13,9.9066,9.8445,9.922,9.9135,-1.4778,-0.9901,2.9866,1.7652,0.9431,1.5796,-5.2133

PRICE_WINDOW_180_ROW_121=20260611,10.0,10.1,9.94,10.0,178000.0,10.09,9.9144,9.861,9.922,9.9135,0.0,-1.9608,3.4126,2.9916,0.8638,1.4096,-5.2133

PRICE_WINDOW_180_ROW_122=20260612,10.0,10.2,10.0,10.05,215000.0,10.07,9.9257,9.874,9.9228,9.9143,0.5,-0.9852,2.6558,3.6627,1.2527,1.7825,-4.7393

PRICE_WINDOW_180_ROW_123=20260615,10.15,10.2,10.1,10.2,141000.0,10.08,9.9485,9.898,9.9228,9.9163,1.4925,0.4926,4.9383,2.2983,2.5278,3.0511,-3.3175

PRICE_WINDOW_180_ROW_124=20260616,10.15,10.2,10.05,10.1,92000.0,10.07,9.9611,9.918,9.9203,9.9163,-0.9804,-0.4926,4.1237,1.4755,1.394,1.835,-4.2654

PRICE_WINDOW_180_ROW_125=20260617,10.1,10.15,10.0,10.1,142000.0,10.09,9.9727,9.94,9.9178,9.9173,0.0,1.0,4.5549,2.1981,1.2763,1.6097,-4.2654

PRICE_WINDOW_180_ROW_126=20260618,10.1,10.3,10.1,10.15,593000.0,10.12,9.9875,9.962,9.9162,9.9182,0.495,1.5,4.5314,6.4915,1.6271,1.8872,-3.7915

PRICE_WINDOW_180_ROW_127=20260622,10.2,10.2,10.0,10.05,311000.0,10.12,9.9927,9.978,9.9162,9.9194,-0.9852,0.0,3.2888,2.9229,0.5734,0.7216,-4.7393

PRICE_WINDOW_180_ROW_128=20260623,10.0,10.05,9.97,10.0,243000.0,10.08,9.9933,9.993,9.9145,9.9194,-0.4975,-1.9608,3.0928,2.0584,0.067,0.07,-5.2133

PRICE_WINDOW_180_ROW_129=20260624,10.0,10.1,9.98,10.05,94000.0,10.07,9.998,10.003,9.9128,9.9201,0.5,-0.495,2.0305,0.7689,0.5198,0.4699,-4.7393

PRICE_WINDOW_180_ROW_130=20260625,10.05,10.15,10.0,10.05,101000.0,10.06,10.0024,10.021,9.9095,9.9197,0.0,-0.495,3.7152,0.7965,0.4763,0.2894,-4.7393

PRICE_WINDOW_180_ROW_131=20260626,10.05,10.05,9.99,10.0,112000.0,10.03,10.0022,10.038,9.9062,9.92,-0.4975,-1.4778,3.5197,0.8491,-0.0217,-0.3786,-5.2133

PRICE_WINDOW_180_ROW_132=20260629,10.0,10.1,9.98,10.0,71000.0,10.02,10.002,10.0535,9.9053,9.9196,0.0,-0.4975,3.1992,0.5261,-0.0198,-0.5322,-5.2133

PRICE_WINDOW_180_ROW_133=20260630,10.0,10.1,10.0,10.1,77000.0,10.04,10.0102,10.07,9.9062,9.9206,1.0,1.0,3.3777,0.5568,0.8976,0.2979,-4.2654

PRICE_WINDOW_180_ROW_134=20260701,10.1,10.15,10.0,10.15,143000.0,10.06,10.0218,10.0875,9.9087,9.922,0.495,0.995,3.5714,0.9832,1.2791,0.6196,-3.7915

PRICE_WINDOW_180_ROW_135=20260702,10.1,10.15,10.05,10.15,126000.0,10.08,10.0325,10.09,9.9113,9.9233,0.0,0.995,0.495,0.8331,1.1713,0.5946,-3.7915

PRICE_WINDOW_180_ROW_136=20260703,10.15,10.35,10.15,10.25,307000.0,10.13,10.0506,10.0925,9.9157,9.9258,0.9852,2.5,0.4902,1.8483,1.9838,1.5606,-2.8436

PRICE_WINDOW_180_ROW_137=20260706,9.93,9.96,9.84,9.95,124000.0,10.12,10.0422,10.0825,9.915,9.9263,-2.9268,-0.5,-1.9704,0.7218,-0.9184,-1.3142,-5.6872

PRICE_WINDOW_180_ROW_138=20260707,9.99,9.99,9.88,9.88,124000.0,10.076,10.0287,10.069,9.9122,9.9268,-0.7035,-2.1782,-2.6601,0.7239,-1.4829,-1.877,-6.3507

PRICE_WINDOW_180_ROW_139=20260708,9.97,10.0,9.95,9.96,183000.0,10.038,10.023,10.0595,9.9117,9.9289,0.8097,-1.8719,-1.8719,1.0545,-0.6284,-0.9891,-5.5924

PRICE_WINDOW_180_ROW_140=20260709,9.96,10.1,9.87,9.9,131000.0,9.988,10.0127,10.0545,9.91,9.9309,-0.6024,-2.4631,-1.0,0.7469,-1.1259,-1.5366,-6.1611

PRICE_WINDOW_180_ROW_141=20260713,9.99,9.99,9.75,9.85,112000.0,9.908,9.9992,10.047,9.9067,9.9332,-0.5051,-3.9024,-1.5,0.6508,-1.4919,-1.9608,-6.6351

PRICE_WINDOW_180_ROW_142=20260714,9.75,9.75,9.62,9.66,92000.0,9.85,9.9709,10.0275,9.901,9.9341,-1.9289,-2.9146,-3.8806,0.5544,-3.1182,-3.6649,-8.436

PRICE_WINDOW_180_ROW_143=20260715,9.74,9.8,9.68,9.78,57000.0,9.83,9.955,10.0065,9.8973,9.9368,1.2422,-1.0121,-4.1176,0.3524,-1.7579,-2.2635,-7.2986

PRICE_WINDOW_180_ROW_144=20260716,9.73,9.77,9.71,9.73,109000.0,9.784,9.9363,9.988,9.8932,9.9394,-0.5112,-2.3092,-3.6634,0.6704,-2.0757,-2.5831,-7.7725

PRICE_WINDOW_180_ROW_145=20260717,9.7,9.7,9.56,9.56,68000.0,9.716,9.9049,9.961,9.8858,9.9408,-1.7472,-3.4343,-5.3465,0.4279,-3.4821,-4.0257,-9.3839

PRICE_WINDOW_180_ROW_146=20260720,9.56,9.56,9.45,9.46,83000.0,9.638,9.8678,9.9265,9.8772,9.9338,-1.046,-3.9594,-6.798,0.6222,-4.1329,-4.6995,-10.3318

PRICE_WINDOW_180_ROW_147=20260721,9.46,9.55,9.46,9.5,32000.0,9.606,9.8372,9.899,9.8698,9.9288,0.4228,-1.6563,-5.4726,0.2679,-3.4275,-4.0307,-9.9526

PRICE_WINDOW_180_ROW_148=20260722,9.6,9.82,9.6,9.69,87000.0,9.588,9.8249,9.8835,9.867,9.9262,2.0,-0.9202,-3.1,0.7792,-1.3731,-1.9578,-8.1517

PRICE_WINDOW_180_ROW_149=20260723,9.7,9.7,9.62,9.62,4000.0,9.566,9.8078,9.862,9.8665,9.9232,-0.7224,-1.1305,-4.2786,0.0373,-1.9151,-2.4539,-8.8152

PRICE_WINDOW_180_ROW_150=20260724,9.65,9.7,9.63,9.65,37000.0,9.584,9.7947,9.842,9.8645,9.9207,0.3119,0.9414,-3.9801,0.3559,-1.4771,-1.9508,-8.5308

PRICE_WINDOW_180_ROW_151=20260727,9.64,9.64,9.4,9.42,171000.0,9.576,9.7635,9.813,9.8583,9.9172,-2.3834,-0.4228,-5.8,1.5996,-3.5178,-4.0049,-10.7109

PRICE_WINDOW_180_ROW_152=20260728,9.4,9.44,9.28,9.35,76000.0,9.546,9.729,9.7805,9.852,9.9123,-0.7431,-1.5789,-6.5,0.7093,-3.8956,-4.4016,-11.3744

PRICE_WINDOW_180_ROW_153=20260729,9.35,9.4,9.06,9.16,98000.0,9.44,9.6816,9.7335,9.8432,9.9053,-2.0321,-5.4696,-9.3069,0.9057,-5.3874,-5.892,-13.1754

PRICE_WINDOW_180_ROW_154=20260730,9.16,9.2,9.13,9.13,54000.0,9.342,9.6356,9.6825,9.8347,9.8983,-0.3275,-5.0936,-10.0493,0.5205,-5.2474,-5.7062,-13.4597

PRICE_WINDOW_180_ROW_155=20260731,9.47,9.49,9.2,9.3,118000.0,9.272,9.6077,9.64,9.8278,9.8928,1.862,-3.6269,-8.3744,1.1418,-3.2021,-3.527,-11.8483

PRICE_WINDOW_180_ROW_156=20260803,9.21,9.65,9.21,9.48,76000.0,9.284,9.597,9.6015,9.8243,9.8888,1.9355,0.6369,-7.5122,0.8279,-1.2193,-1.2654,-10.1422

PRICE_WINDOW_180_ROW_157=20260804,9.41,9.86,9.39,9.68,47000.0,9.35,9.6039,9.588,9.8245,9.8858,2.1097,3.5294,-2.7136,0.5344,0.7921,0.9595,-8.2464

PRICE_WINDOW_180_ROW_158=20260805,9.65,9.92,9.56,9.59,75000.0,9.436,9.6028,9.5735,9.8198,9.8831,-0.9298,4.6943,-2.9352,0.8772,-0.133,0.1724,-9.0995

PRICE_WINDOW_180_ROW_159=20260806,9.6,9.61,9.51,9.51,30000.0,9.512,9.595,9.551,9.8135,9.8793,-0.8342,4.1621,-4.5181,0.3854,-0.8863,-0.4293,-9.8578

PRICE_WINDOW_180_ROW_160=20260807,9.65,9.66,9.46,9.64,24000.0,9.58,9.5988,9.538,9.8123,9.8773,1.367,3.6559,-2.6263,0.331,0.4294,1.0694,-8.6256

PRICE_WINDOW_180_ROW_161=20260810,9.64,9.77,9.62,9.7,117000.0,9.624,9.6072,9.5305,9.8128,9.8758,0.6224,2.3207,-1.5228,1.6082,0.9657,1.7785,-8.0569

PRICE_WINDOW_180_ROW_162=20260811,9.81,9.81,9.6,9.67,39000.0,9.622,9.6125,9.531,9.8108,9.8747,-0.3093,-0.1033,0.1035,0.5563,0.5987,1.4584,-8.3412

PRICE_WINDOW_180_ROW_163=20260812,9.79,9.79,9.59,9.66,60000.0,9.636,9.6164,9.525,9.8098,9.8742,-0.1034,0.7299,-1.227,0.8541,0.4533,1.4173,-8.436

PRICE_WINDOW_180_ROW_164=20260813,9.68,9.68,9.6,9.64,41000.0,9.662,9.6184,9.5205,9.8088,9.875,-0.207,1.367,-0.925,0.6133,0.2248,1.2552,-8.6256

PRICE_WINDOW_180_ROW_165=20260814,9.66,9.77,9.55,9.72,144000.0,9.678,9.6268,9.5285,9.8098,9.8767,0.8299,0.8299,1.6736,2.0382,0.9676,2.0098,-7.8673

PRICE_WINDOW_180_ROW_166=20260817,9.72,9.76,9.68,9.7,58000.0,9.678,9.6329,9.5405,9.8097,9.8743,-0.2058,0.0,2.537,0.8357,0.6961,1.6718,-8.0569

PRICE_WINDOW_180_ROW_167=20260818,9.62,9.71,9.58,9.69,45000.0,9.682,9.6377,9.55,9.809,9.8726,-0.1031,0.2068,2.0,0.6424,0.5427,1.466,-8.1517

PRICE_WINDOW_180_ROW_168=20260819,9.51,9.98,9.51,9.77,118000.0,9.704,9.6487,9.554,9.8102,9.8702,0.8256,1.1387,0.8256,1.648,1.2569,2.2608,-7.3934

PRICE_WINDOW_180_ROW_169=20260820,9.77,9.8,9.66,9.68,81000.0,9.712,9.6513,9.557,9.8073,9.8677,-0.9212,0.4149,0.6237,1.0736,0.2971,1.287,-8.2464

PRICE_WINDOW_180_ROW_170=20260821,9.59,9.69,9.56,9.62,32000.0,9.692,9.6487,9.5555,9.8062,9.8646,-0.6198,-1.0288,-0.3109,0.4255,-0.2976,0.675,-8.8152

PRICE_WINDOW_180_ROW_171=20260824,9.77,9.77,9.53,9.63,109000.0,9.678,9.6472,9.566,9.8057,9.8615,0.104,-0.7216,2.2293,1.5118,-0.1779,0.669,-8.7204

PRICE_WINDOW_180_ROW_172=20260825,9.74,9.74,9.6,9.62,28000.0,9.664,9.6449,9.5795,9.8045,9.8585,-0.1038,-0.7224,2.8877,0.4017,-0.2581,0.4228,-8.8152

PRICE_WINDOW_180_ROW_173=20260826,9.68,9.68,9.55,9.59,50000.0,9.628,9.6403,9.601,9.8015,9.8558,-0.3119,-1.8424,4.6943,0.7429,-0.522,-0.1146,-9.0995

PRICE_WINDOW_180_ROW_174=20260827,9.56,9.65,9.52,9.59,46000.0,9.61,9.6361,9.624,9.798,9.8537,0.0,-0.9298,5.0383,0.6876,-0.4787,-0.3533,-9.0995

PRICE_WINDOW_180_ROW_175=20260828,9.6,9.63,9.5,9.62,33000.0,9.61,9.6348,9.64,9.79,9.8508,0.3128,0.0,3.4409,0.5267,-0.1534,-0.2075,-8.8152

PRICE_WINDOW_180_ROW_176=20260831,9.66,9.66,9.55,9.64,32000.0,9.612,9.6352,9.648,9.7807,9.8473,0.2079,0.1038,1.6878,0.5294,0.0496,-0.0829,-6.8599

PRICE_WINDOW_180_ROW_177=20260901,9.64,9.78,9.63,9.68,87000.0,9.624,9.639,9.648,9.7728,9.8442,0.4149,0.6237,0.0,1.3931,0.4259,0.3317,-6.4734

PRICE_WINDOW_180_ROW_178=20260902,9.8,9.8,9.63,9.71,23000.0,9.648,9.6449,9.654,9.7655,9.8421,0.3099,1.2513,1.2513,0.3843,0.6753,0.5801,-6.1836

PRICE_WINDOW_180_ROW_179=20260903,9.62,9.78,9.41,9.53,190000.0,9.636,9.6353,9.655,9.7552,9.8382,-1.8538,-0.6257,0.2103,2.8003,-1.0928,-1.2947,-7.9227

PRICE_WINDOW_180_ROW_180=20260904,9.59,9.66,9.26,9.39,224000.0,9.59,9.6149,9.6425,9.745,9.8335,-1.469,-2.3909,-2.5934,2.8773,-2.3386,-2.6186,-9.2754
