# PRICE_WINDOW_180

columns=date,open,high,low,close,volume,ma5,ema23,ma20,ma60,ma120,return_1d,return_5d,return_20d,volume_ratio,distance_to_ema23_pct,distance_to_ma20_pct,distance_to_high_60_pct

PRICE_WINDOW_180_ROW_001=20251124,207.0,208.0,203.5,206.0,216208.0,209.3,231.9567,230.05,270.5583,266.6708,-0.4831,-5.9361,-16.9355,0.8229,-11.1903,-10.4542,-40.2899

PRICE_WINDOW_180_ROW_002=20251125,208.0,209.5,205.0,207.0,141785.0,208.3,229.877,228.1,269.325,266.4375,0.4854,-2.3585,-15.8537,0.5493,-9.9518,-9.2503,-40.0

PRICE_WINDOW_180_ROW_003=20251126,208.0,212.0,208.0,212.0,169743.0,209.1,228.3872,226.275,268.05,266.2,2.4155,1.9231,-14.6881,0.6788,-7.1752,-6.3087,-38.5507

PRICE_WINDOW_180_ROW_004=20251127,213.0,215.0,210.5,214.0,156461.0,209.2,227.1883,224.85,266.8833,266.0,0.9434,0.2342,-11.7526,0.6521,-5.805,-4.8254,-37.971

PRICE_WINDOW_180_ROW_005=20251128,216.5,216.5,212.0,214.0,190147.0,210.6,226.0893,223.15,265.6583,265.8458,0.0,3.3816,-13.7097,0.7931,-5.3471,-4.1004,-37.971

PRICE_WINDOW_180_ROW_006=20251201,214.0,214.0,209.5,212.0,154690.0,211.8,224.9152,221.35,264.2167,265.6458,-0.9346,2.9126,-14.5161,0.642,-5.7422,-4.2241,-38.5507

PRICE_WINDOW_180_ROW_007=20251202,214.5,220.0,212.0,220.0,289321.0,214.4,224.5056,220.2,262.8833,265.4583,3.7736,6.2802,-9.465,1.1825,-2.0069,-0.0908,-36.2319

PRICE_WINDOW_180_ROW_008=20251203,221.5,222.5,217.0,220.5,363536.0,216.1,224.1718,219.175,261.3417,265.1375,0.2273,4.0094,-8.5062,1.4227,-1.6379,0.6045,-36.087

PRICE_WINDOW_180_ROW_009=20251204,221.0,225.0,220.0,222.5,211139.0,217.8,224.0324,218.05,259.9917,264.8958,0.907,3.972,-9.1837,0.8061,-0.684,2.0408,-35.5072

PRICE_WINDOW_180_ROW_010=20251205,224.5,224.5,220.5,224.5,138357.0,219.9,224.0714,217.3,258.5167,264.8125,0.8989,4.9065,-6.263,0.5272,0.1913,3.3134,-34.9275

PRICE_WINDOW_180_ROW_011=20251208,225.0,240.5,225.0,237.0,577438.0,224.9,225.1488,217.775,257.15,264.8583,5.5679,11.7925,4.1758,2.167,5.2637,8.8279,-31.3043

PRICE_WINDOW_180_ROW_012=20251209,237.0,239.0,228.5,234.0,435216.0,227.7,225.8864,218.175,255.7667,264.8542,-1.2658,6.3636,3.5398,1.6323,3.5919,7.2534,-28.2209

PRICE_WINDOW_180_ROW_013=20251210,229.0,231.0,225.5,229.0,394030.0,229.4,226.1459,218.05,254.2917,264.6167,-2.1368,3.8549,-1.0799,1.4879,1.2621,5.0218,-27.9874

PRICE_WINDOW_180_ROW_014=20251211,229.5,243.0,229.5,238.0,896422.0,232.5,227.1337,218.6,253.1667,264.4333,3.9301,6.9663,4.8458,2.9845,4.7841,8.8747,-24.6835

PRICE_WINDOW_180_ROW_015=20251212,238.0,240.0,232.0,233.0,333772.0,234.2,227.6226,219.15,251.9667,264.1,-2.1008,3.7862,4.955,1.088,2.3624,6.3199,-26.2658

PRICE_WINDOW_180_ROW_016=20251215,227.5,238.0,227.5,237.0,193114.0,234.2,228.404,220.05,250.8333,263.7208,1.7167,0.0,8.2192,0.6367,3.7635,7.7028,-25.0

PRICE_WINDOW_180_ROW_017=20251216,233.0,244.0,233.0,237.0,493081.0,234.8,229.1203,221.3,249.7583,263.3625,0.0,1.2821,11.7925,1.61,3.4391,7.0944,-25.0

PRICE_WINDOW_180_ROW_018=20251217,237.0,239.5,233.5,237.0,374338.0,236.4,229.777,222.75,248.6,263.1542,0.0,3.4934,13.9423,1.2083,3.1435,6.3973,-25.0

PRICE_WINDOW_180_ROW_019=20251218,235.0,237.5,232.5,234.0,170087.0,235.6,230.1289,223.775,247.3917,262.9625,-1.2658,-1.6807,9.6019,0.5614,1.6821,4.5693,-25.9494

PRICE_WINDOW_180_ROW_020=20251219,235.5,242.5,235.0,240.0,217051.0,237.0,230.9515,225.425,246.2917,262.8417,2.5641,3.0043,15.942,0.7098,3.9179,6.4656,-24.0506

PRICE_WINDOW_180_ROW_021=20251222,241.5,247.0,239.5,241.0,508728.0,237.8,231.7889,227.175,245.175,262.7542,0.4167,1.6878,16.9903,1.5877,3.9739,6.0856,-23.7342

PRICE_WINDOW_180_ROW_022=20251223,247.0,248.0,232.0,232.0,623831.0,236.8,231.8065,228.425,243.9583,262.5875,-3.7344,-2.1097,12.0773,1.8107,0.0835,1.5651,-25.5217

PRICE_WINDOW_180_ROW_023=20251224,233.0,237.0,231.0,234.5,269234.0,236.3,232.0309,229.55,242.775,262.375,1.0776,-1.0549,10.6132,0.7703,1.0641,2.1564,-24.3548

PRICE_WINDOW_180_ROW_024=20251226,234.5,236.5,231.5,233.5,173659.0,236.2,232.1533,230.525,241.75,262.1875,-0.4264,-0.2137,9.1121,0.4957,0.5801,1.2905,-24.6774

PRICE_WINDOW_180_ROW_025=20251229,234.5,235.0,228.0,231.0,327660.0,234.4,232.0572,231.375,240.6333,262.0208,-1.0707,-3.75,7.9439,0.9172,-0.4556,-0.1621,-25.4839

PRICE_WINDOW_180_ROW_026=20251230,231.0,235.0,226.0,232.0,283030.0,232.6,232.0525,232.375,239.5667,261.8958,0.4329,-3.7344,9.434,0.7783,-0.0226,-0.1614,-25.1613

PRICE_WINDOW_180_ROW_027=20251231,232.5,234.0,231.0,231.0,170495.0,232.4,231.9648,232.925,238.45,261.7833,-0.431,-0.431,5.0,0.4766,-0.4159,-0.8264,-25.4839

PRICE_WINDOW_180_ROW_028=20260102,233.0,242.0,231.5,233.5,423202.0,232.2,232.0927,233.575,237.3167,261.6458,1.0823,-0.4264,5.8957,1.1733,0.6064,-0.0321,-24.6774

PRICE_WINDOW_180_ROW_029=20260105,239.0,247.0,236.5,240.0,790495.0,233.5,232.7516,234.45,236.275,261.5583,2.7837,2.7837,7.8652,2.0287,3.1142,2.3672,-22.0779

PRICE_WINDOW_180_ROW_030=20260106,240.5,255.0,240.0,243.0,1185221.0,235.9,233.6057,235.375,235.275,261.5042,1.25,5.1948,8.2405,2.6815,4.0214,3.2395,-21.1039

PRICE_WINDOW_180_ROW_031=20260107,244.0,249.0,237.5,243.0,768050.0,238.1,234.3885,235.675,234.3083,261.5083,0.0,4.7414,2.5316,1.701,3.674,3.1081,-12.5899

PRICE_WINDOW_180_ROW_032=20260108,240.5,248.0,236.0,237.0,533390.0,239.3,234.6062,235.825,233.7167,261.4167,-2.4691,2.5974,1.2821,1.1686,1.0204,0.4983,-14.7482

PRICE_WINDOW_180_ROW_033=20260109,238.0,244.5,235.0,244.5,661517.0,241.5,235.4306,236.6,233.45,261.2875,3.1646,4.7109,6.7686,1.408,3.8522,3.339,-7.5614

PRICE_WINDOW_180_ROW_034=20260112,251.0,262.0,250.0,253.5,1463651.0,244.2,236.9364,237.375,233.3333,261.1833,3.681,5.625,6.5126,2.938,6.9907,6.793,-4.1588

PRICE_WINDOW_180_ROW_035=20260113,259.0,265.0,249.0,258.0,1165545.0,247.2,238.6917,238.625,233.275,261.0625,1.7751,6.1728,10.7296,2.1593,8.0892,8.1194,-2.6415

PRICE_WINDOW_180_ROW_036=20260114,251.0,252.0,232.5,234.5,3319930.0,245.5,238.3424,238.5,232.9167,260.7833,-9.1085,-3.4979,-1.0549,4.7693,-1.6121,-1.6771,-11.5094

PRICE_WINDOW_180_ROW_037=20260115,233.5,233.5,221.0,222.5,1368015.0,242.6,237.0222,237.775,232.3917,260.5167,-5.1173,-6.1181,-6.1181,1.849,-6.1269,-6.4241,-16.0377

PRICE_WINDOW_180_ROW_038=20260116,225.0,228.5,217.5,219.0,868239.0,237.5,235.5204,236.875,231.85,260.1792,-1.573,-10.4294,-7.5949,1.1356,-7.0144,-7.5462,-17.3585

PRICE_WINDOW_180_ROW_039=20260119,219.0,228.5,219.0,227.0,516188.0,232.2,234.8103,236.525,231.5,259.8958,3.653,-10.4536,-2.9915,0.6602,-3.3262,-4.0271,-14.3396

PRICE_WINDOW_180_ROW_040=20260120,228.5,249.5,226.0,249.5,2139271.0,230.5,236.0345,237.0,231.525,259.8333,9.9119,-3.2946,3.9583,2.4366,5.7049,5.2743,-5.8491

PRICE_WINDOW_180_ROW_041=20260121,250.0,257.0,242.0,243.0,1758275.0,232.2,236.6149,237.1,231.4417,259.6625,-2.6052,3.6247,0.8299,1.8696,2.6985,2.4884,-8.3019

PRICE_WINDOW_180_ROW_042=20260122,249.5,249.5,238.0,242.0,733174.0,236.1,237.0637,237.6,231.375,259.5792,-0.4115,8.764,4.3103,0.7751,2.0823,1.8519,-8.6792

PRICE_WINDOW_180_ROW_043=20260123,243.0,245.0,239.0,242.0,391397.0,240.7,237.475,237.975,231.2667,259.4292,0.0,10.5023,3.1983,0.4111,1.9054,1.6914,-8.6792

PRICE_WINDOW_180_ROW_044=20260126,245.0,257.0,239.5,247.5,686753.0,244.8,238.3105,238.675,231.35,259.3208,2.2727,9.0308,5.9957,0.7024,3.8561,3.6975,-6.6038

PRICE_WINDOW_180_ROW_045=20260127,248.0,248.0,240.0,240.0,502012.0,242.9,238.4513,239.125,231.2167,259.1625,-3.0303,-3.8076,3.8961,0.5089,0.6495,0.3659,-9.434

PRICE_WINDOW_180_ROW_046=20260128,244.5,252.0,244.5,244.5,810800.0,243.2,238.9553,239.75,231.1583,258.8292,1.875,0.6173,5.3879,0.8006,2.3204,1.9812,-7.7358

PRICE_WINDOW_180_ROW_047=20260129,243.0,247.0,240.5,241.0,357113.0,243.0,239.1257,240.25,231.125,258.5292,-1.4315,-0.4132,4.329,0.3494,0.7838,0.3122,-9.0566

PRICE_WINDOW_180_ROW_048=20260130,242.0,247.0,240.0,244.0,721460.0,243.4,239.5319,240.775,231.175,258.2583,1.2448,0.8264,4.4968,0.6957,1.8653,1.3394,-7.9245

PRICE_WINDOW_180_ROW_049=20260202,244.0,252.5,240.0,246.5,807655.0,243.2,240.1126,241.1,231.2,257.8417,1.0246,-0.404,2.7083,0.7782,2.6602,2.2397,-6.9811

PRICE_WINDOW_180_ROW_050=20260203,247.0,251.5,236.5,238.0,798096.0,242.8,239.9365,240.85,231.175,257.2667,-3.4483,-0.8333,-2.0576,0.7836,-0.8071,-1.1833,-10.1887

PRICE_WINDOW_180_ROW_051=20260204,240.0,245.0,237.0,243.0,318634.0,242.5,240.1918,240.85,231.4333,256.725,2.1008,-0.6135,0.0,0.3199,1.1691,0.8927,-8.3019

PRICE_WINDOW_180_ROW_052=20260205,245.0,248.0,237.0,238.5,474023.0,242.0,240.0508,240.925,231.6417,256.0833,-1.8519,-1.0373,0.6329,0.4773,-0.646,-1.0065,-10.0

PRICE_WINDOW_180_ROW_053=20260206,240.0,242.5,229.0,239.5,384651.0,241.1,240.0049,240.675,231.775,255.7125,0.4193,-1.8443,-2.045,0.3928,-0.2104,-0.4882,-9.6226

PRICE_WINDOW_180_ROW_054=20260209,244.5,246.0,240.0,244.0,256074.0,240.6,240.3378,240.2,232.0583,255.4625,1.8789,-1.0142,-3.7475,0.2787,1.5238,1.582,-7.9245

PRICE_WINDOW_180_ROW_055=20260210,243.0,249.0,239.0,244.0,475015.0,241.8,240.643,239.5,232.425,255.2083,0.0,2.521,-5.4264,0.5371,1.395,1.8789,-7.9245

PRICE_WINDOW_180_ROW_056=20260211,245.0,245.0,234.0,238.0,555901.0,240.8,240.4228,239.675,232.7417,254.8,-2.459,-2.0576,1.4925,0.745,-1.0077,-0.6989,-10.1887

PRICE_WINDOW_180_ROW_057=20260223,238.0,246.0,237.5,244.5,564019.0,242.0,240.7625,240.775,233.2833,254.4458,2.7311,2.5157,9.8876,0.799,1.5523,1.5471,-7.7358

PRICE_WINDOW_180_ROW_058=20260224,244.5,249.0,244.0,246.0,353753.0,243.3,241.199,242.125,233.9167,254.1292,0.6135,2.714,12.3288,0.5201,1.9905,1.6004,-7.1698

PRICE_WINDOW_180_ROW_059=20260225,247.0,250.0,245.0,247.0,342661.0,243.9,241.6824,243.125,234.475,253.7958,0.4065,1.2295,8.8106,0.5103,2.2002,1.5938,-6.7925

PRICE_WINDOW_180_ROW_060=20260226,247.0,257.0,247.0,247.0,962802.0,244.5,242.1255,243.0,235.1417,253.5042,0.0,1.2295,-1.002,1.5714,2.0132,1.6461,-6.7925

PRICE_WINDOW_180_ROW_061=20260302,238.0,248.5,237.5,246.5,410468.0,246.2,242.4901,243.175,235.8167,253.1875,-0.2024,3.5714,1.4403,0.7527,1.6536,1.3673,-6.9811

PRICE_WINDOW_180_ROW_062=20260303,246.5,251.0,230.5,235.5,1115404.0,244.4,241.9076,242.85,236.2917,252.8083,-4.4625,-3.681,-2.686,1.9761,-2.6488,-3.0266,-11.1321

PRICE_WINDOW_180_ROW_063=20260304,230.0,231.5,218.5,219.0,827407.0,239.0,239.9986,241.7,236.4083,252.2292,-7.0064,-10.9756,-9.5041,1.4114,-8.7495,-9.3918,-17.3585

PRICE_WINDOW_180_ROW_064=20260305,229.0,234.0,225.5,232.5,466053.0,236.1,239.3737,240.95,236.7167,251.8,6.1644,-5.8704,-6.0606,0.8102,-2.8715,-3.507,-12.2642

PRICE_WINDOW_180_ROW_065=20260306,230.5,233.0,228.5,230.0,203672.0,232.7,238.5926,240.45,236.9833,251.3208,-1.0753,-6.8826,-4.1667,0.3635,-3.6014,-4.346,-13.2075

PRICE_WINDOW_180_ROW_066=20260309,220.0,222.5,217.0,219.5,365733.0,227.3,237.0015,239.2,237.1083,250.6625,-4.5652,-10.9533,-10.2249,0.6798,-7.3846,-8.2358,-17.1698

PRICE_WINDOW_180_ROW_067=20260310,223.5,241.0,213.0,241.0,1612386.0,228.4,237.3347,239.2,237.4583,250.1708,9.795,2.3355,0.0,2.6838,1.5443,0.7525,-9.0566

PRICE_WINDOW_180_ROW_068=20260311,252.0,263.0,242.5,258.5,3469800.0,236.3,239.0985,239.925,238.0917,249.7167,7.2614,18.0365,5.9426,4.7003,8.1144,7.742,-2.4528

PRICE_WINDOW_180_ROW_069=20260312,258.0,270.0,258.0,266.0,2592253.0,243.0,241.3403,240.9,238.8167,249.4042,2.9014,14.4086,7.9108,3.1329,10.2178,10.4193,-1.4815

PRICE_WINDOW_180_ROW_070=20260313,264.5,266.0,257.0,258.5,1243351.0,248.7,242.7703,241.925,239.3833,248.95,-2.8195,12.3913,8.6134,1.4633,6.4793,6.8513,-4.2593

PRICE_WINDOW_180_ROW_071=20260316,261.5,262.0,254.0,259.5,1020081.0,256.7,244.1644,242.75,239.7583,248.4542,0.3868,18.2232,6.7901,1.1529,6.2808,6.9001,-3.8889

PRICE_WINDOW_180_ROW_072=20260317,260.0,260.0,243.5,243.5,1107954.0,257.2,244.1091,243.0,239.9167,247.8417,-6.1657,1.0373,2.0964,1.2089,-0.2495,0.2058,-9.8148

PRICE_WINDOW_180_ROW_073=20260318,245.0,245.0,239.0,241.5,500840.0,253.8,243.8916,243.1,240.125,247.2083,-0.8214,-6.5764,0.8351,0.543,-0.9806,-0.6582,-10.5556

PRICE_WINDOW_180_ROW_074=20260319,241.5,241.5,232.0,232.0,611105.0,247.0,242.9007,242.5,240.025,246.5958,-3.9337,-12.782,-4.918,0.6501,-4.4877,-4.3299,-14.0741

PRICE_WINDOW_180_ROW_075=20260320,231.0,234.0,226.0,226.5,645377.0,240.6,241.5339,241.625,239.9167,245.9417,-2.3707,-12.3791,-7.1721,0.6804,-6.2244,-6.2597,-16.1111

PRICE_WINDOW_180_ROW_076=20260323,215.0,221.0,214.5,216.5,1116919.0,232.0,239.4478,240.55,239.575,245.2042,-4.415,-16.5703,-9.0336,1.1437,-9.5836,-9.9979,-19.8148

PRICE_WINDOW_180_ROW_077=20260324,220.5,225.0,219.0,219.0,591901.0,227.1,237.7438,239.275,239.275,244.5167,1.1547,-10.0616,-10.4294,0.6052,-7.884,-8.4735,-18.8889

PRICE_WINDOW_180_ROW_078=20260325,226.5,234.0,224.5,228.5,493202.0,224.5,236.9735,238.4,239.1333,243.8667,4.3379,-5.383,-7.1138,0.5007,-3.5757,-4.1527,-15.3704

PRICE_WINDOW_180_ROW_079=20260326,232.5,233.0,225.0,225.0,349590.0,223.1,235.9757,237.3,238.9833,243.1875,-1.5317,-3.0172,-8.9069,0.3548,-4.6512,-5.1833,-16.6667

PRICE_WINDOW_180_ROW_080=20260327,222.0,225.0,221.0,225.0,184703.0,222.8,235.0611,236.2,238.7333,242.5125,0.0,-0.6623,-8.9069,0.1952,-4.2802,-4.7417,-16.6667

PRICE_WINDOW_180_ROW_081=20260330,221.0,223.5,216.5,222.5,150728.0,224.0,234.0143,235.0,238.425,241.8,-1.1111,2.7714,-9.7363,0.1615,-4.9203,-5.3191,-17.5926

PRICE_WINDOW_180_ROW_082=20260331,223.0,223.5,215.0,216.5,454109.0,223.5,232.5548,234.05,238.1667,241.0625,-2.6966,-1.1416,-8.0679,0.5044,-6.9037,-7.4984,-19.8148

PRICE_WINDOW_180_ROW_083=20260401,217.0,219.0,214.5,219.0,230518.0,221.6,231.4252,234.05,237.9083,240.3417,1.1547,-4.1575,0.0,0.2648,-5.369,-6.4302,-18.8889

PRICE_WINDOW_180_ROW_084=20260402,221.5,221.5,215.5,216.5,146855.0,219.9,230.1814,233.25,237.625,239.6875,-1.1416,-3.7778,-6.8817,0.1718,-5.9438,-7.1811,-19.8148

PRICE_WINDOW_180_ROW_085=20260407,220.0,220.0,215.0,215.0,223296.0,217.9,228.9163,232.5,237.3583,238.9958,-0.6928,-4.4444,-6.5217,0.261,-6.0792,-7.5269,-20.3704

PRICE_WINDOW_180_ROW_086=20260408,219.0,232.0,218.0,228.5,598863.0,219.1,228.8816,232.95,237.3,238.4333,6.2791,2.6966,4.1002,0.6906,-0.1667,-1.9103,-15.3704

PRICE_WINDOW_180_ROW_087=20260409,230.0,236.0,227.5,234.0,602423.0,222.6,229.3082,232.6,237.35,237.9,2.407,8.0831,-2.9046,0.7376,2.0461,0.6019,-13.3333

PRICE_WINDOW_180_ROW_088=20260410,237.0,238.0,228.0,231.5,527995.0,225.1,229.4908,231.25,237.3167,237.3167,-1.0684,5.7078,-10.4449,0.7885,0.8755,0.1081,-14.2593

PRICE_WINDOW_180_ROW_089=20260413,231.5,234.0,227.0,229.5,239990.0,227.7,229.4916,229.425,237.1417,236.7083,-0.8639,6.0046,-13.7218,0.4348,0.0037,0.0327,-15.0

PRICE_WINDOW_180_ROW_090=20260414,231.5,234.0,228.0,228.5,246483.0,230.4,229.4089,227.925,236.9,236.0875,-0.4357,6.2791,-11.6054,0.4909,-0.3962,0.2523,-15.3704

PRICE_WINDOW_180_ROW_091=20260415,229.0,233.0,226.0,226.0,317958.0,229.9,229.1249,226.25,236.6167,235.4625,-1.0941,-1.0941,-12.9094,0.6808,-1.3638,-0.1105,-16.2963

PRICE_WINDOW_180_ROW_092=20260416,228.5,229.5,226.0,227.5,214536.0,228.6,228.9895,225.45,236.4583,235.0875,0.6637,-2.7778,-6.5708,0.5079,-0.6504,0.9093,-15.7407

PRICE_WINDOW_180_ROW_093=20260417,228.5,232.5,227.0,230.5,406991.0,228.4,229.1153,224.9,236.225,234.8375,1.3187,-0.432,-4.5549,0.9744,0.6044,2.49,-14.6296

PRICE_WINDOW_180_ROW_094=20260420,231.5,248.5,231.5,246.0,1332436.0,231.7,230.5224,225.6,236.1,234.7167,6.7245,7.1895,6.0345,2.9365,6.7141,9.0426,-8.8889

PRICE_WINDOW_180_ROW_095=20260421,250.0,250.5,236.0,239.5,805457.0,233.9,231.2705,226.25,235.7917,234.5333,-2.6423,4.814,5.7395,1.7444,3.5584,5.8564,-11.2963

PRICE_WINDOW_180_ROW_096=20260422,239.5,254.5,239.5,241.0,1099080.0,236.9,232.0813,227.475,235.9,234.4083,0.6263,6.6372,11.3164,2.3849,3.8429,5.9457,-10.7407

PRICE_WINDOW_180_ROW_097=20260423,249.0,251.0,223.5,229.0,1330343.0,237.2,231.8245,227.975,236.0083,234.2,-4.9793,0.6593,4.5662,2.6726,-1.2184,0.4496,-15.1852

PRICE_WINDOW_180_ROW_098=20260424,232.5,235.0,225.5,228.0,407798.0,236.7,231.5058,227.95,236.1583,234.0042,-0.4367,-1.0846,-0.2188,0.8263,-1.5144,0.0219,-15.5556

PRICE_WINDOW_180_ROW_099=20260427,230.0,230.0,221.0,226.0,383300.0,232.7,231.047,228.0,236.1417,233.8208,-0.8772,-8.1301,0.4444,0.774,-2.1844,-0.8772,-16.2963

PRICE_WINDOW_180_ROW_100=20260428,226.5,229.0,225.0,227.0,221632.0,230.2,230.7098,228.1,235.7667,233.6458,0.4425,-5.2192,0.8889,0.4459,-1.608,-0.4822,-15.9259

PRICE_WINDOW_180_ROW_101=20260429,227.0,227.0,223.5,225.5,227190.0,227.1,230.2756,228.25,235.475,233.4583,-0.6608,-6.4315,1.3483,0.4536,-2.0739,-1.2048,-16.4815

PRICE_WINDOW_180_ROW_102=20260430,228.0,228.0,218.0,221.5,548747.0,225.6,229.5443,228.5,235.1333,233.2542,-1.7738,-3.2751,2.3095,1.0853,-3.5045,-3.0635,-17.963

PRICE_WINDOW_180_ROW_103=20260504,226.0,241.5,224.0,238.0,1269336.0,227.6,230.249,229.45,235.0667,233.1667,7.4492,4.386,8.6758,2.2767,3.3664,3.7263,-11.8519

PRICE_WINDOW_180_ROW_104=20260505,241.0,241.0,231.5,232.5,376765.0,228.9,230.4365,230.25,234.8167,233.0833,-2.3109,2.8761,7.3903,0.6621,0.8955,0.9772,-13.8889

PRICE_WINDOW_180_ROW_105=20260506,237.0,237.0,225.0,227.5,547340.0,229.0,230.1918,230.875,234.6083,232.9125,-2.1505,0.2203,5.814,0.9353,-1.1694,-1.4618,-15.7407

PRICE_WINDOW_180_ROW_106=20260507,230.5,232.0,227.5,228.5,277256.0,229.6,230.0508,230.875,234.3417,232.75,0.4396,1.3304,0.0,0.4871,-0.6741,-1.0287,-15.3704

PRICE_WINDOW_180_ROW_107=20260508,228.5,228.5,220.5,223.5,429786.0,230.0,229.5049,230.35,234.05,232.5875,-2.1882,0.9029,-4.4872,0.7668,-2.6165,-2.9737,-17.2222

PRICE_WINDOW_180_ROW_108=20260511,227.0,242.0,225.5,240.0,1303167.0,230.4,230.3795,230.775,233.9833,232.5792,7.3826,0.8403,3.6717,2.1746,4.1759,3.9974,-11.1111

PRICE_WINDOW_180_ROW_109=20260512,240.5,240.5,230.0,230.5,700239.0,230.0,230.3896,230.825,233.7167,232.4583,-3.9583,-0.8602,0.4357,1.1253,0.0479,-0.1408,-14.6296

PRICE_WINDOW_180_ROW_110=20260513,230.0,230.0,224.0,225.0,558702.0,229.5,229.9404,230.65,233.5,232.3375,-2.3861,-1.0989,-1.5317,0.8758,-2.1486,-2.4496,-16.6667

PRICE_WINDOW_180_ROW_111=20260514,228.5,229.5,221.0,223.5,491065.0,228.5,229.4037,230.525,233.175,232.3042,-0.6667,-2.1882,-1.1062,0.7595,-2.5735,-3.0474,-17.2222

PRICE_WINDOW_180_ROW_112=20260515,227.0,230.5,221.5,226.5,521450.0,229.1,229.1618,230.475,232.975,232.3083,1.3423,1.3423,-0.4396,0.7878,-1.1615,-1.7247,-16.1111

PRICE_WINDOW_180_ROW_113=20260518,226.0,232.5,221.5,231.0,405660.0,227.3,229.3149,230.5,232.8333,232.3042,1.9868,-3.75,0.2169,0.6129,0.7348,0.2169,-14.4444

PRICE_WINDOW_180_ROW_114=20260519,229.0,231.5,224.0,227.0,252637.0,226.6,229.122,229.55,232.55,232.3042,-1.7316,-1.5184,-7.7236,0.4156,-0.9262,-1.1109,-15.9259

PRICE_WINDOW_180_ROW_115=20260520,227.0,230.5,225.5,226.0,269279.0,226.8,228.8619,228.875,232.25,232.3375,-0.4405,0.4444,-5.6367,0.4634,-1.2505,-1.2561,-16.2963

PRICE_WINDOW_180_ROW_116=20260521,229.5,235.0,229.5,230.0,481702.0,228.1,228.9567,228.325,232.1167,232.4292,1.7699,2.9083,-4.5643,0.8756,0.4557,0.7336,-14.8148

PRICE_WINDOW_180_ROW_117=20260522,234.0,234.5,228.0,228.5,388954.0,228.5,228.9186,228.3,231.85,232.5667,-0.6522,0.883,-0.2183,0.7731,-0.1829,0.0876,-15.3704

PRICE_WINDOW_180_ROW_118=20260525,234.0,251.0,234.0,251.0,1968798.0,232.5,230.7588,229.45,231.9333,232.925,9.8468,8.658,10.0877,3.3878,8.7716,9.392,-7.037

PRICE_WINDOW_180_ROW_119=20260526,258.5,276.0,258.0,266.0,3175467.0,240.3,233.6955,231.45,232.25,233.3625,5.9761,17.1806,17.6991,4.4057,13.8233,14.9276,-3.6232

PRICE_WINDOW_180_ROW_120=20260527,275.0,275.5,261.0,263.5,2210860.0,247.8,236.1792,233.275,232.525,233.8333,-0.9398,16.5929,16.0793,2.6954,11.5678,12.9568,-4.529

PRICE_WINDOW_180_ROW_121=20260528,263.5,266.5,251.0,254.0,1059202.0,252.6,237.6643,234.7,232.65,234.2333,-3.6053,10.4348,12.6386,1.229,6.8734,8.2233,-7.971

PRICE_WINDOW_180_ROW_122=20260529,259.5,261.5,253.0,255.0,575889.0,257.9,239.1089,236.375,232.975,234.6333,0.3937,11.5974,15.1242,0.6672,6.6459,7.8794,-7.6087

PRICE_WINDOW_180_ROW_123=20260601,256.0,257.0,251.0,254.5,645110.0,258.6,240.3915,237.2,233.5667,234.9875,-0.1961,1.3944,6.9328,0.7754,5.869,7.2934,-7.7899

PRICE_WINDOW_180_ROW_124=20260602,255.0,259.0,249.0,251.5,648994.0,255.7,241.3172,238.15,233.8833,235.3,-1.1788,-5.4511,8.172,0.7675,4.2197,5.6057,-8.8768

PRICE_WINDOW_180_ROW_125=20260603,252.5,253.5,243.0,243.5,712158.0,251.7,241.4991,238.95,234.1083,235.5458,-3.1809,-7.5901,7.033,0.8341,0.8285,1.9042,-11.7754

PRICE_WINDOW_180_ROW_126=20260604,242.5,250.0,241.0,243.0,759879.0,249.5,241.6242,239.675,234.5,235.8042,-0.2053,-4.3307,6.3457,0.8655,0.5694,1.3873,-11.9565

PRICE_WINDOW_180_ROW_127=20260605,242.0,242.0,229.5,237.5,615611.0,246.0,241.2805,240.375,234.4417,235.95,-2.2634,-6.8627,6.264,0.6938,-1.5669,-1.196,-13.9493

PRICE_WINDOW_180_ROW_128=20260608,220.0,227.0,217.5,225.5,821069.0,240.2,239.9655,239.65,233.8917,235.9917,-5.0526,-11.3949,-6.0417,0.9513,-6.0281,-5.9044,-18.2971

PRICE_WINDOW_180_ROW_129=20260609,224.0,225.0,215.0,218.5,1824227.0,233.6,238.1767,239.05,233.1,235.9583,-3.1042,-13.1213,-5.2061,1.9843,-8.2614,-8.5965,-20.8333

PRICE_WINDOW_180_ROW_130=20260610,218.5,222.5,215.5,216.0,651359.0,228.1,236.3286,238.6,232.3917,235.8875,-1.1442,-11.2936,-4.0,0.705,-8.6018,-9.4719,-21.7391

PRICE_WINDOW_180_ROW_131=20260611,214.5,217.5,209.5,214.0,587262.0,222.3,234.4679,238.125,231.6333,235.6958,-0.9259,-11.9342,-4.2506,0.6323,-8.7295,-10.1312,-22.4638

PRICE_WINDOW_180_ROW_132=20260612,218.0,220.0,213.0,213.5,363640.0,217.5,232.7206,237.475,231.1333,235.525,-0.2336,-10.1053,-5.7395,0.3949,-8.2591,-10.0958,-22.6449

PRICE_WINDOW_180_ROW_133=20260615,217.0,217.5,213.5,214.0,285782.0,215.2,231.1605,236.625,230.675,235.4,0.2342,-5.0998,-7.3593,0.3124,-7.4236,-9.5615,-22.4638

PRICE_WINDOW_180_ROW_134=20260616,216.5,216.5,213.0,214.0,239415.0,214.3,229.7305,235.975,230.375,235.2,0.0,-2.0595,-5.7269,0.2619,-6.8474,-9.3124,-22.4638

PRICE_WINDOW_180_ROW_135=20260617,212.0,214.5,210.5,213.5,253575.0,213.8,228.378,235.35,230.1583,235.0375,-0.2336,-1.1574,-5.531,0.2776,-6.5146,-9.284,-22.6449

PRICE_WINDOW_180_ROW_136=20260618,216.0,216.0,213.5,215.5,449659.0,214.1,227.3048,234.625,230.1417,234.8583,0.9368,0.7009,-6.3043,0.4931,-5.1934,-8.1513,-21.9203

PRICE_WINDOW_180_ROW_137=20260622,216.0,219.0,216.0,216.0,372579.0,214.6,226.3627,234.0,230.0917,234.6833,0.232,1.171,-5.4705,0.409,-4.5779,-7.6923,-21.7391

PRICE_WINDOW_180_ROW_138=20260623,216.5,217.5,212.5,214.0,360475.0,214.6,225.3325,232.15,229.85,234.4917,-0.9259,0.0,-14.741,0.434,-5.0292,-7.8182,-22.4638

PRICE_WINDOW_180_ROW_139=20260624,213.0,215.5,212.0,212.5,214334.0,214.3,224.2631,229.475,229.6417,234.3125,-0.7009,-0.7009,-20.1128,0.314,-5.2452,-7.3973,-23.0072

PRICE_WINDOW_180_ROW_140=20260625,215.0,215.0,212.0,212.0,182339.0,214.0,223.2412,226.9,229.425,234.0792,-0.2353,-0.7026,-19.5446,0.3138,-5.0354,-6.5668,-23.1884

PRICE_WINDOW_180_ROW_141=20260626,211.5,211.5,206.5,210.0,358993.0,212.9,222.1378,224.7,229.2167,233.8208,-0.9434,-2.5522,-17.3228,0.6574,-5.4641,-6.5421,-23.913

PRICE_WINDOW_180_ROW_142=20260629,210.0,212.5,209.0,211.5,149371.0,212.0,221.2513,222.525,229.1333,233.65,0.7143,-2.0833,-17.0588,0.2846,-4.4073,-4.9545,-23.3696

PRICE_WINDOW_180_ROW_143=20260630,211.5,214.5,210.5,214.5,153603.0,212.1,220.6887,220.525,229.0583,233.4833,1.4184,0.2336,-15.7171,0.3071,-2.8043,-2.7321,-22.2826

PRICE_WINDOW_180_ROW_144=20260701,214.5,216.0,213.0,214.5,237518.0,212.5,220.173,218.675,229.025,233.325,0.0,0.9412,-14.7117,0.4952,-2.5766,-1.9092,-22.2826

PRICE_WINDOW_180_ROW_145=20260702,214.0,216.0,214.0,215.0,105801.0,213.1,219.7419,217.25,229.025,233.1917,0.2331,1.4151,-11.7043,0.2355,-2.1579,-1.0357,-22.1014

PRICE_WINDOW_180_ROW_146=20260703,215.0,222.5,214.5,220.0,384080.0,215.1,219.7634,216.1,228.8833,233.0917,2.3256,4.7619,-9.465,0.8921,0.1077,1.8047,-20.2899

PRICE_WINDOW_180_ROW_147=20260706,222.5,225.5,219.0,220.0,252284.0,216.8,219.7831,215.225,228.65,233.0,0.0,4.0189,-7.3684,0.6118,0.0987,2.2186,-20.2899

PRICE_WINDOW_180_ROW_148=20260707,222.5,222.5,216.5,216.5,178081.0,217.2,219.5095,214.775,228.4,232.8583,-1.5909,0.9324,-3.9911,0.4684,-1.371,0.8032,-21.558

PRICE_WINDOW_180_ROW_149=20260708,217.5,217.5,212.5,214.5,133379.0,217.2,219.0921,214.575,228.15,232.6458,-0.9238,0.0,-1.8307,0.4511,-2.0959,-0.035,-22.2826

PRICE_WINDOW_180_ROW_150=20260709,215.5,219.5,213.5,217.5,155089.0,217.7,218.9594,214.65,227.9667,232.4333,1.3986,1.1628,0.6944,0.5726,-0.6665,1.3277,-21.1957

PRICE_WINDOW_180_ROW_151=20260713,218.5,221.0,212.5,216.5,270834.0,217.0,218.7544,214.775,227.8083,232.2125,-0.4598,-1.5909,1.1682,1.0619,-1.0306,0.8032,-21.558

PRICE_WINDOW_180_ROW_152=20260714,216.5,217.5,207.0,212.5,273303.0,215.5,218.2332,214.725,227.5583,232.0083,-1.8476,-3.4091,-0.4684,1.0909,-2.6271,-1.0362,-23.0072

PRICE_WINDOW_180_ROW_153=20260715,214.5,226.0,213.5,221.0,494748.0,216.4,218.4638,215.075,227.4,231.8125,4.0,2.0785,3.271,1.8958,1.1609,2.7549,-19.9275

PRICE_WINDOW_180_ROW_154=20260716,227.0,237.0,223.5,226.5,1258436.0,218.8,219.1335,215.7,227.075,231.5875,2.4887,5.5944,5.8411,4.0344,3.3617,5.007,-17.9348

PRICE_WINDOW_180_ROW_155=20260717,226.5,230.0,213.0,214.0,576870.0,218.1,218.7057,215.725,226.65,231.2208,-5.5188,-1.6092,0.2342,1.7583,-2.1516,-0.7996,-22.4638

PRICE_WINDOW_180_ROW_156=20260720,214.5,221.0,210.5,220.0,341693.0,218.8,218.8135,215.95,226.3,231.1,2.8037,1.6166,2.0882,1.0589,0.5422,1.8754,-20.2899

PRICE_WINDOW_180_ROW_157=20260721,223.5,227.0,218.0,220.5,357155.0,220.4,218.9541,216.175,226.1583,231.0833,0.2273,3.7647,2.0833,1.1095,0.706,2.0007,-20.1087

PRICE_WINDOW_180_ROW_158=20260722,223.5,234.0,222.0,227.5,950091.0,221.7,219.6662,216.85,226.15,231.1542,3.1746,2.9412,6.3084,2.7037,3.5662,4.9112,-17.5725

PRICE_WINDOW_180_ROW_159=20260723,228.0,232.5,225.0,229.5,470241.0,222.3,220.4857,217.7,226.2083,231.175,0.8791,1.3245,8.0,1.2912,4.0884,5.4203,-16.8478

PRICE_WINDOW_180_ROW_160=20260724,225.0,231.5,225.0,227.5,445559.0,225.0,221.0702,218.475,226.2167,230.9917,-0.8715,6.3084,7.3113,1.1807,2.9085,4.1309,-17.5725

PRICE_WINDOW_180_ROW_161=20260727,229.0,229.0,221.0,223.0,257106.0,225.6,221.2311,219.125,226.175,230.825,-1.978,1.3636,6.1905,0.6907,0.7996,1.7684,-19.2029

PRICE_WINDOW_180_ROW_162=20260728,217.0,220.5,213.5,217.0,294209.0,224.9,220.8785,219.4,226.1,230.6167,-2.6906,-1.5873,2.6005,0.7752,-1.7559,-1.0939,-21.3768

PRICE_WINDOW_180_ROW_163=20260729,218.5,221.0,208.0,212.5,559550.0,221.9,220.1803,219.3,225.675,230.3708,-2.0737,-6.5934,-0.9324,1.3996,-3.4882,-3.1008,-23.0072

PRICE_WINDOW_180_ROW_164=20260730,214.5,215.0,208.0,212.0,426793.0,218.4,219.4986,219.175,225.3333,230.075,-0.2353,-7.6253,-1.1655,1.0428,-3.4162,-3.2736,-23.1884

PRICE_WINDOW_180_ROW_165=20260731,219.5,222.5,214.0,214.5,215110.0,215.8,219.082,219.15,225.1167,229.8625,1.1792,-5.7143,-0.2326,0.5187,-2.0915,-2.1218,-22.2826

PRICE_WINDOW_180_ROW_166=20260803,214.0,219.0,214.0,214.0,193779.0,214.0,218.6585,218.85,224.875,229.6083,-0.2331,-4.0359,-2.7273,0.4782,-2.1305,-2.2161,-22.4638

PRICE_WINDOW_180_ROW_167=20260804,213.0,215.5,212.0,212.0,197979.0,213.0,218.1036,218.45,224.6833,229.3667,-0.9346,-2.3041,-3.6364,0.4919,-2.7985,-2.9526,-23.1884

PRICE_WINDOW_180_ROW_168=20260805,215.0,217.0,214.0,215.0,150953.0,213.5,217.845,218.375,224.2667,229.125,1.4151,1.1765,-0.6928,0.3763,-1.306,-1.5455,-22.1014

PRICE_WINDOW_180_ROW_169=20260806,215.0,215.0,211.0,212.5,177506.0,213.6,217.3996,218.275,223.9667,228.8417,-1.1628,0.2358,-0.9324,0.4401,-2.2537,-2.6457,-23.0072

PRICE_WINDOW_180_ROW_170=20260807,212.5,218.0,212.5,216.5,231156.0,214.0,217.3246,218.225,223.825,228.6625,1.8824,0.9324,-0.4598,0.5677,-0.3794,-0.7905,-21.558

PRICE_WINDOW_180_ROW_171=20260810,221.5,227.0,221.0,221.0,506138.0,215.4,217.6309,218.45,223.7833,228.4792,2.0785,3.271,2.0785,1.2082,1.5481,1.1673,-19.9275

PRICE_WINDOW_180_ROW_172=20260811,222.0,222.5,217.5,218.0,175433.0,216.6,217.6617,218.725,223.6417,228.3083,-1.3575,2.8302,2.5882,0.4237,0.1554,-0.3315,-21.0145

PRICE_WINDOW_180_ROW_173=20260812,218.5,227.0,218.5,223.5,287903.0,218.3,218.1482,218.85,223.5167,228.175,2.5229,3.9535,1.1312,0.7132,2.4533,2.1247,-19.0217

PRICE_WINDOW_180_ROW_174=20260813,223.0,228.0,222.0,224.0,313811.0,220.6,218.6358,218.725,223.4667,228.0083,0.2237,5.4118,-1.1038,0.8804,2.4535,2.4117,-18.8406

PRICE_WINDOW_180_ROW_175=20260814,224.5,225.0,218.5,218.5,196815.0,221.0,218.6245,218.95,223.3417,227.7958,-2.4554,0.9238,2.1028,0.5832,-0.057,-0.2055,-20.8333

PRICE_WINDOW_180_ROW_176=20260817,218.5,221.5,218.0,218.5,77035.0,220.5,218.6141,218.875,223.15,227.6333,0.0,-1.1312,-0.6818,0.2376,-0.0522,-0.1713,-20.8333

PRICE_WINDOW_180_ROW_177=20260818,216.0,219.5,213.0,214.0,203942.0,219.7,218.2296,218.55,222.9083,227.3792,-2.0595,-1.8349,-2.9478,0.6443,-1.9382,-2.0819,-22.4638

PRICE_WINDOW_180_ROW_178=20260819,214.0,218.0,212.0,212.0,563383.0,217.4,217.7105,217.775,222.2583,227.0958,-0.9346,-5.1454,-6.8132,1.8955,-2.623,-2.6518,-23.1884

PRICE_WINDOW_180_ROW_179=20260820,214.0,215.5,209.0,210.0,389748.0,214.6,217.068,216.8,221.325,226.7875,-0.9434,-6.25,-8.4967,1.3293,-3.2561,-3.1365,-23.775

PRICE_WINDOW_180_ROW_180=20260821,210.0,212.0,209.5,212.0,131254.0,213.3,216.6456,216.025,220.4667,226.4958,0.9524,-2.9748,-6.8132,0.473,-2.1443,-1.8632,-20.4503
