# PRICE_WINDOW_180

columns=date,open,high,low,close,volume,ma5,ema23,ma20,ma60,ma120,return_1d,return_5d,return_20d,volume_ratio,distance_to_ema23_pct,distance_to_ma20_pct,distance_to_high_60_pct

PRICE_WINDOW_180_ROW_001=20251124,29.35,30.25,29.35,29.65,95000.0,29.55,29.8758,31.77,31.5208,31.5208,1.1945,-1.9835,-22.3822,0.2692,-0.7558,-6.673,-24.0717

PRICE_WINDOW_180_ROW_002=20251125,29.8,30.55,29.8,29.9,110000.0,29.63,29.8778,31.46,31.456,31.456,0.8432,1.3559,-17.1745,0.3427,0.0742,-4.9587,-23.4315

PRICE_WINDOW_180_ROW_003=20251126,30.0,30.6,30.0,30.25,203000.0,29.77,29.9088,31.2125,31.4096,31.4096,1.1706,2.3689,-14.0625,0.6719,1.1407,-3.0837,-22.5352

PRICE_WINDOW_180_ROW_004=20251127,30.5,30.5,29.7,30.05,154000.0,29.83,29.9206,31.0825,31.3593,31.3593,-0.6612,1.0084,-7.9632,0.5144,0.4325,-3.3218,-23.0474

PRICE_WINDOW_180_ROW_005=20251128,29.95,30.6,29.95,30.15,593000.0,30.0,29.9397,30.9675,31.3161,31.3161,0.3328,2.901,-7.0878,1.9856,0.7023,-2.6399,-22.7913

PRICE_WINDOW_180_ROW_006=20251201,30.0,30.3,29.9,30.3,73000.0,30.13,29.9697,30.7875,31.281,31.281,0.4975,2.1922,-10.6195,0.2586,1.102,-1.5834,-22.4072

PRICE_WINDOW_180_ROW_007=20251202,30.5,30.5,29.95,30.0,82000.0,30.15,29.9723,30.6375,31.2383,31.2383,-0.9901,0.3344,-9.0909,0.3044,0.0925,-2.0808,-23.1754

PRICE_WINDOW_180_ROW_008=20251203,30.2,31.3,30.2,30.6,138000.0,30.22,30.0246,30.5375,31.2177,31.2177,2.0,1.157,-6.135,0.5161,1.9165,0.2047,-21.6389

PRICE_WINDOW_180_ROW_009=20251204,30.6,30.65,30.25,30.25,28000.0,30.26,30.0434,30.4225,31.1875,31.1875,-1.1438,0.6656,-7.0661,0.1084,0.6878,-0.567,-22.5352

PRICE_WINDOW_180_ROW_010=20251205,30.1,30.1,29.7,29.8,127000.0,30.19,30.0231,30.2975,31.1455,31.1455,-1.4876,-1.1609,-7.7399,0.4886,-0.743,-1.642,-23.6876

PRICE_WINDOW_180_ROW_011=20251208,29.7,29.9,29.45,29.7,123000.0,30.07,29.9962,30.19,31.1029,31.1029,-0.3356,-1.9802,-6.7504,0.5244,-0.9873,-1.6231,-23.9437

PRICE_WINDOW_180_ROW_012=20251209,29.5,29.95,29.4,29.75,157000.0,30.02,29.9756,30.1275,31.0643,31.0643,0.1684,-0.8333,-4.0323,0.7115,-0.7528,-1.253,-23.8156

PRICE_WINDOW_180_ROW_013=20251210,30.05,30.05,29.65,30.05,154000.0,29.91,29.9818,30.09,31.0361,31.0361,1.0084,-1.7974,-2.4351,0.7087,0.2273,-0.1329,-23.0474

PRICE_WINDOW_180_ROW_014=20251211,30.6,31.95,30.6,30.65,627000.0,29.99,30.0375,30.0225,31.0257,31.0257,1.9967,1.3223,-4.2188,2.6824,2.039,2.0901,-21.5109

PRICE_WINDOW_180_ROW_015=20251212,31.25,31.25,29.8,29.95,162000.0,30.02,30.0302,29.97,30.9974,30.9974,-2.2838,0.5034,-3.3871,0.7866,-0.2672,-0.0667,-23.3035

PRICE_WINDOW_180_ROW_016=20251215,29.5,30.0,29.5,29.85,96000.0,30.05,30.0152,29.95,30.9679,30.9679,-0.3339,0.5051,-1.3223,0.4774,-0.5504,-0.3339,-23.5595

PRICE_WINDOW_180_ROW_017=20251216,30.05,30.05,29.3,29.3,198000.0,29.96,29.9556,29.94,30.9262,30.9262,-1.8425,-1.5126,-0.678,1.1409,-2.1886,-2.1376,-24.968

PRICE_WINDOW_180_ROW_018=20251217,29.7,29.75,29.35,29.65,92000.0,29.88,29.9301,29.945,30.8951,30.8951,1.1945,-1.3311,0.3384,0.5301,-0.936,-0.9851,-24.0717

PRICE_WINDOW_180_ROW_019=20251218,29.9,29.9,29.35,29.6,60000.0,29.67,29.9026,29.9375,30.8643,30.8643,-0.1686,-3.4258,-0.5042,0.3512,-1.0121,-1.1273,-24.1997

PRICE_WINDOW_180_ROW_020=20251219,29.45,30.7,29.45,30.55,368000.0,29.79,29.9566,30.0,30.857,30.857,3.2095,2.0033,4.2662,2.022,1.9809,1.8333,-21.767

PRICE_WINDOW_180_ROW_021=20251222,31.0,32.05,31.0,31.05,302000.0,30.03,30.0477,30.07,30.8614,30.8614,1.6367,4.0201,4.7218,1.5701,3.3357,3.2591,-20.4866

PRICE_WINDOW_180_ROW_022=20251223,31.45,31.45,30.35,30.35,88000.0,30.24,30.0729,30.0925,30.85,30.85,-2.2544,3.5836,1.505,0.4601,0.9215,0.8557,-22.2791

PRICE_WINDOW_180_ROW_023=20251224,30.3,30.3,29.8,30.25,111000.0,30.36,30.0876,30.0925,30.837,30.837,-0.3295,2.0236,0.0,0.5947,0.5396,0.5234,-22.5352

PRICE_WINDOW_180_ROW_024=20251226,30.25,30.25,29.8,29.9,272000.0,30.42,30.072,30.085,30.817,30.817,-1.157,1.0135,-0.4992,1.4126,-0.572,-0.6149,-23.4315

PRICE_WINDOW_180_ROW_025=20251229,30.25,30.6,30.0,30.2,116000.0,30.35,30.0827,30.0875,30.8042,30.8042,1.0033,-1.1457,0.1658,0.6876,0.39,0.3739,-22.6633

PRICE_WINDOW_180_ROW_026=20251230,30.1,30.35,29.85,30.0,73000.0,30.14,30.0758,30.0725,30.7878,30.7878,-0.6623,-3.3816,-0.9901,0.4327,-0.252,-0.2411,-23.1754

PRICE_WINDOW_180_ROW_027=20251231,30.3,30.6,30.0,30.5,130000.0,30.17,30.1111,30.0975,30.782,30.782,1.6667,0.4942,1.6667,0.7598,1.2914,1.3373,-21.895

PRICE_WINDOW_180_ROW_028=20260102,30.6,31.7,30.6,31.35,228000.0,30.39,30.2144,30.135,30.7931,30.7931,2.7869,3.6364,2.451,1.2984,3.7586,4.0319,-19.7183

PRICE_WINDOW_180_ROW_029=20260105,31.05,31.05,30.1,30.1,204000.0,30.43,30.2048,30.1275,30.7798,30.7798,-3.9872,0.6689,-0.4959,1.1063,-0.3471,-0.0913,-22.9193

PRICE_WINDOW_180_ROW_030=20260106,30.1,30.55,29.95,30.15,112000.0,30.42,30.2003,30.145,30.7679,30.7679,0.1661,-0.1656,1.1745,0.6099,-0.1665,0.0166,-22.7913

PRICE_WINDOW_180_ROW_031=20260107,30.0,30.15,29.75,30.0,142000.0,30.42,30.1836,30.16,30.7537,30.7537,-0.4975,0.0,1.0101,0.7692,-0.6082,-0.5305,-23.1754

PRICE_WINDOW_180_ROW_032=20260108,30.1,30.1,29.7,30.0,100000.0,30.32,30.1683,30.1725,30.74,30.74,0.0,-1.6393,0.8403,0.5502,-0.5578,-0.5717,-23.1754

PRICE_WINDOW_180_ROW_033=20260109,30.35,30.35,29.75,30.2,136000.0,30.09,30.1709,30.18,30.7304,30.7304,0.6667,-3.6683,0.4992,0.752,0.0964,0.0663,-22.6633

PRICE_WINDOW_180_ROW_034=20260112,30.2,30.8,30.05,30.45,245000.0,30.16,30.1942,30.17,30.7254,30.7254,0.8278,1.1628,-0.6525,1.5147,0.8472,0.9281,-22.023

PRICE_WINDOW_180_ROW_035=20260113,30.45,30.5,29.9,30.1,470000.0,30.15,30.1863,30.1775,30.7147,30.7147,-1.1494,-0.1658,0.5008,2.6531,-0.286,-0.2568,-22.9193

PRICE_WINDOW_180_ROW_036=20260114,30.15,30.35,30.0,30.05,130000.0,30.16,30.175,30.1875,30.7034,30.7034,-0.1661,0.1667,0.67,0.7269,-0.4142,-0.4555,-23.0474

PRICE_WINDOW_180_ROW_037=20260115,30.35,30.35,30.0,30.1,121000.0,30.18,30.1687,30.2275,30.6933,30.6933,0.1664,0.3333,2.7304,0.6914,-0.2278,-0.4218,-22.9193

PRICE_WINDOW_180_ROW_038=20260116,30.0,30.25,29.75,30.1,290000.0,30.16,30.163,30.25,30.825,30.6836,0.0,-0.3311,1.5177,1.5684,-0.2089,-0.4959,-22.9193

PRICE_WINDOW_180_ROW_039=20260119,30.85,32.0,30.5,31.1,522000.0,30.29,30.2411,30.325,30.8517,30.6903,3.3223,2.1346,5.0676,2.5096,2.8402,2.5556,-20.3585

PRICE_WINDOW_180_ROW_040=20260120,31.55,34.0,31.55,32.9,1730000.0,30.85,30.4627,30.4425,30.88,30.7254,5.7878,9.3023,7.6923,6.2658,8.0011,8.0726,-15.749

PRICE_WINDOW_180_ROW_041=20260121,33.4,33.95,31.6,32.45,1026000.0,31.33,30.6283,30.5125,30.7842,30.7523,-1.3678,7.9867,4.5089,3.2853,5.9479,6.3499,-11.0959

PRICE_WINDOW_180_ROW_042=20260122,33.1,33.35,31.6,32.15,637000.0,31.74,30.7551,30.6025,30.7183,30.7738,-0.9245,6.8106,5.9308,1.8749,4.5356,5.0568,-9.4366

PRICE_WINDOW_180_ROW_043=20260123,32.45,33.0,31.55,31.95,409000.0,32.11,30.8547,30.6875,30.6642,30.7917,-0.6221,6.1462,5.6198,1.1532,3.55,4.1141,-8.4527

PRICE_WINDOW_180_ROW_044=20260126,31.55,31.55,30.6,31.05,633000.0,32.1,30.8709,30.745,30.6375,30.7955,-2.8169,-0.1608,3.8462,1.6984,0.58,0.992,-11.0315

PRICE_WINDOW_180_ROW_045=20260127,31.45,31.45,30.35,30.35,234000.0,31.59,30.8275,30.7525,30.6025,30.789,-2.2544,-7.7508,0.4967,0.6181,-1.549,-1.3088,-13.0372

PRICE_WINDOW_180_ROW_046=20260128,30.4,30.8,30.15,30.35,214000.0,31.17,30.7877,30.77,30.5433,30.7826,0.0,-6.4715,1.1667,0.5549,-1.4218,-1.365,-13.0372

PRICE_WINDOW_180_ROW_047=20260129,30.3,30.35,29.9,30.1,226000.0,30.76,30.7304,30.75,30.495,30.7729,-0.8237,-6.3764,-1.3115,0.5788,-2.0515,-2.1138,-11.4706

PRICE_WINDOW_180_ROW_048=20260130,30.2,30.2,29.3,29.7,369000.0,30.31,30.6446,30.6675,30.4467,30.7577,-1.3289,-7.0423,-5.2632,0.9283,-3.0823,-3.1548,-12.6471

PRICE_WINDOW_180_ROW_049=20260202,29.6,29.6,28.9,29.1,307000.0,29.92,30.5158,30.6175,30.3892,30.7347,-2.0202,-6.2802,-3.3223,0.7624,-4.6397,-4.9563,-14.4118

PRICE_WINDOW_180_ROW_050=20260203,29.25,29.25,28.95,29.05,235000.0,29.66,30.3937,30.5625,30.335,30.7116,-0.1718,-4.2834,-3.6484,0.5749,-4.4209,-4.9489,-14.5588

PRICE_WINDOW_180_ROW_051=20260204,29.05,29.25,28.8,29.0,232000.0,29.39,30.2775,30.5125,30.2875,30.6885,-0.1721,-4.4481,-3.3333,0.5613,-4.2194,-4.957,-14.7059

PRICE_WINDOW_180_ROW_052=20260205,28.8,29.25,28.4,28.4,421000.0,29.05,30.1211,30.4325,30.2442,30.658,-2.069,-5.6478,-5.3333,0.9806,-5.7139,-6.6787,-16.4706

PRICE_WINDOW_180_ROW_053=20260206,28.4,28.4,27.9,28.2,299000.0,28.75,29.961,30.3325,30.2008,30.6257,-0.7042,-5.0505,-6.6225,0.6834,-5.8776,-7.0304,-17.0588

PRICE_WINDOW_180_ROW_054=20260209,28.35,28.35,27.8,27.85,346000.0,28.5,29.7851,30.2025,30.1317,30.5896,-1.2411,-4.2955,-8.5386,0.7818,-6.4968,-7.7891,-18.0882

PRICE_WINDOW_180_ROW_055=20260210,27.65,28.5,27.65,28.5,356000.0,28.39,29.678,30.1225,30.09,30.5628,2.3339,-1.8933,-5.3156,0.8149,-3.9692,-5.3863,-16.1765

PRICE_WINDOW_180_ROW_056=20260211,28.1,28.35,27.7,28.1,239000.0,28.21,29.5465,30.025,30.0542,30.5316,-1.4035,-3.1034,-6.4892,0.5404,-4.8956,-6.4113,-17.3529

PRICE_WINDOW_180_ROW_057=20260223,28.15,28.15,27.7,27.8,377000.0,28.09,29.4009,29.91,30.0258,30.4975,-1.0676,-2.1127,-7.6412,0.8284,-5.4452,-7.0545,-18.2353

PRICE_WINDOW_180_ROW_058=20260224,27.7,29.6,27.7,28.75,601000.0,28.2,29.3467,29.8425,30.0125,30.4759,3.4173,1.9504,-4.485,1.277,-2.0333,-3.6609,-15.4412

PRICE_WINDOW_180_ROW_059=20260225,28.65,29.05,28.05,28.2,236000.0,28.27,29.2511,29.6975,29.9867,30.4482,-1.913,1.2567,-9.3248,0.5171,-3.5935,-5.0425,-17.0588

PRICE_WINDOW_180_ROW_060=20260226,28.0,29.1,27.95,28.8,250000.0,28.33,29.2135,29.4925,29.9783,30.4283,2.1277,1.0526,-12.462,0.6539,-1.4156,-2.3481,-15.2941

PRICE_WINDOW_180_ROW_061=20260302,28.35,29.65,28.35,29.45,419000.0,28.6,29.2333,29.3425,29.975,30.4167,2.2569,4.8043,-9.245,1.1903,0.7414,0.3664,-13.3824

PRICE_WINDOW_180_ROW_062=20260303,29.45,29.95,29.0,29.1,203000.0,28.86,29.2221,29.19,29.9617,30.4012,-1.1885,4.6763,-9.4868,0.6146,-0.418,-0.3083,-14.4118

PRICE_WINDOW_180_ROW_063=20260304,28.45,28.5,27.35,27.75,236000.0,28.66,29.0995,28.98,29.92,30.3703,-4.6392,-3.4783,-13.1455,0.7337,-4.6374,-4.2443,-18.3824

PRICE_WINDOW_180_ROW_064=20260305,28.1,28.6,28.0,28.0,146000.0,28.62,29.0078,28.8275,29.8858,30.3431,0.9009,-0.7092,-9.8229,0.4911,-3.4744,-2.8705,-17.6471

PRICE_WINDOW_180_ROW_065=20260306,28.05,28.7,28.0,28.45,378000.0,28.55,28.9614,28.7325,29.8575,30.3216,1.6071,-1.2153,-6.2603,1.2414,-1.7657,-0.9832,-16.3235

PRICE_WINDOW_180_ROW_066=20260309,25.75,27.2,25.75,26.0,670000.0,27.86,28.7146,28.515,29.7858,30.273,-8.6116,-11.7148,-14.3328,2.0471,-9.4537,-8.8199,-23.5294

PRICE_WINDOW_180_ROW_067=20260310,26.2,26.4,24.2,25.8,846000.0,27.2,28.4717,28.3,29.7158,30.2233,-0.7692,-11.3402,-14.2857,2.3611,-9.3837,-8.8339,-24.1176

PRICE_WINDOW_180_ROW_068=20260311,26.5,27.0,24.3,24.3,1432000.0,26.51,28.1241,28.03,29.6108,30.1582,-5.814,-12.4324,-18.1818,3.4804,-13.5971,-13.3072,-28.5294

PRICE_WINDOW_180_ROW_069=20260312,24.9,25.85,24.7,25.0,2289000.0,25.91,27.8637,27.825,29.5233,30.1022,2.8807,-10.7143,-14.0893,4.4834,-10.2776,-10.1527,-26.4706

PRICE_WINDOW_180_ROW_070=20260313,25.0,25.1,24.15,24.65,998000.0,25.15,27.5959,27.605,29.4375,30.0435,-1.4,-13.3568,-15.1463,1.8188,-10.6752,-10.7046,-27.5

PRICE_WINDOW_180_ROW_071=20260316,24.9,25.05,24.4,25.05,383000.0,24.96,27.3837,27.4075,29.36,29.9904,1.6227,-3.6538,-13.6207,0.6885,-8.5224,-8.6017,-26.3235

PRICE_WINDOW_180_ROW_072=20260317,25.05,25.45,24.8,25.0,344000.0,24.8,27.1851,27.2375,29.2808,29.9379,-0.1996,-3.1008,-11.9718,0.6227,-8.0379,-8.2148,-26.4706

PRICE_WINDOW_180_ROW_073=20260318,25.15,25.3,24.3,24.65,356000.0,24.87,26.9738,27.06,29.1908,29.8828,-1.4,1.4403,-12.5887,0.6412,-8.6152,-8.9061,-27.5

PRICE_WINDOW_180_ROW_074=20260319,24.3,24.85,24.2,24.2,207000.0,24.71,26.7427,26.8775,29.0833,29.8242,-1.8256,-3.2,-13.1059,0.3775,-9.508,-9.9619,-28.8235

PRICE_WINDOW_180_ROW_075=20260320,24.25,24.35,23.7,23.9,299000.0,24.56,26.5058,26.6475,28.9825,29.7638,-1.2397,-3.0426,-16.1404,0.5482,-9.8311,-10.3105,-29.7059

PRICE_WINDOW_180_ROW_076=20260323,23.3,24.4,23.25,24.0,451000.0,24.35,26.297,26.4425,28.885,29.7056,0.4184,-4.1916,-14.5907,0.8111,-8.7348,-9.237,-29.4118

PRICE_WINDOW_180_ROW_077=20260324,24.05,24.2,23.45,24.1,770000.0,24.17,26.1139,26.2575,28.7983,29.6495,0.4167,-3.6,-13.3094,1.3375,-7.712,-8.2167,-29.1176

PRICE_WINDOW_180_ROW_078=20260325,24.15,24.3,23.9,24.2,213000.0,24.08,25.9544,26.03,28.7075,29.5955,0.4149,-1.8256,-15.8261,0.3829,-6.7596,-7.0303,-28.8235

PRICE_WINDOW_180_ROW_079=20260326,26.6,26.6,26.3,26.6,1116000.0,24.56,26.0082,25.95,28.6575,29.5662,9.9174,9.9174,-5.6738,1.8591,2.2754,2.5048,-21.7647

PRICE_WINDOW_180_ROW_080=20260327,27.0,28.85,26.6,26.65,2389000.0,25.11,26.0617,25.8425,28.5925,29.5379,0.188,11.5063,-7.4653,3.3779,2.2574,3.1247,-21.6176

PRICE_WINDOW_180_ROW_081=20260330,26.15,26.15,25.0,25.0,525000.0,25.31,25.9732,25.62,28.4917,29.4942,-6.1914,4.1667,-15.1104,0.7368,-3.747,-2.42,-26.4706

PRICE_WINDOW_180_ROW_082=20260331,25.3,25.3,23.85,24.9,916000.0,25.47,25.8838,25.41,28.4008,29.4505,-0.4,3.3195,-14.433,1.2243,-3.8008,-2.0071,-26.7647

PRICE_WINDOW_180_ROW_083=20260401,25.1,25.1,24.05,24.8,619000.0,25.59,25.7935,25.2625,28.31,29.4066,-0.4016,2.4793,-10.6306,0.8067,-3.8516,-1.8308,-27.0588

PRICE_WINDOW_180_ROW_084=20260402,25.0,26.0,24.35,24.35,617000.0,25.14,25.6732,25.08,28.2175,29.3593,-1.8145,-8.4586,-13.0357,0.7801,-5.1539,-2.9107,-28.3824

PRICE_WINDOW_180_ROW_085=20260407,24.35,24.4,23.5,23.9,352000.0,24.59,25.5254,24.8525,28.1125,29.3088,-1.848,-10.3189,-15.993,0.4458,-6.3678,-3.8326,-29.7059

PRICE_WINDOW_180_ROW_086=20260408,23.9,24.25,23.8,24.0,335000.0,24.39,25.3983,24.7525,28.0125,29.2601,0.4184,-4.0,-7.6923,0.4335,-5.5055,-3.0401,-29.4118

PRICE_WINDOW_180_ROW_087=20260409,23.9,23.95,23.15,23.8,708000.0,24.17,25.2651,24.6525,27.9008,29.2105,-0.8333,-4.4177,-7.7519,0.9243,-5.7989,-3.4581,-30.0

PRICE_WINDOW_180_ROW_088=20260410,23.7,23.7,23.3,23.45,363000.0,23.9,25.1138,24.61,27.7692,29.1586,-1.4706,-5.4435,-3.4979,0.5095,-6.6252,-4.7135,-31.0294

PRICE_WINDOW_180_ROW_089=20260413,23.45,23.45,22.95,23.45,491000.0,23.72,24.9752,24.5325,27.6583,29.1076,0.0,-3.6961,-6.2,0.7886,-6.1068,-4.4125,-31.0294

PRICE_WINDOW_180_ROW_090=20260414,23.25,23.7,23.2,23.5,338000.0,23.64,24.8523,24.475,27.5475,29.058,0.2132,-1.6736,-4.6653,0.5733,-5.4412,-3.9837,-30.8824

PRICE_WINDOW_180_ROW_091=20260415,23.8,24.15,23.1,24.15,659000.0,23.67,24.7937,24.43,27.45,29.0149,2.766,0.625,-3.5928,1.0921,-2.5964,-1.1461,-28.9706

PRICE_WINDOW_180_ROW_092=20260416,24.05,24.35,23.95,23.95,357000.0,23.7,24.7234,24.3775,27.3492,28.9709,-0.8282,0.6303,-4.2,0.591,-3.1283,-1.7537,-29.5588

PRICE_WINDOW_180_ROW_093=20260417,23.9,24.05,23.65,23.65,328000.0,23.74,24.634,24.3275,27.24,28.925,-1.2526,0.8529,-4.0568,0.5443,-3.9944,-2.7849,-30.4412

PRICE_WINDOW_180_ROW_094=20260420,23.5,23.85,23.1,23.35,482000.0,23.72,24.527,24.285,27.1217,28.8774,-1.2685,-0.4264,-3.5124,0.782,-4.7987,-3.8501,-31.3235

PRICE_WINDOW_180_ROW_095=20260421,23.35,23.35,23.0,23.0,621000.0,23.62,24.3997,24.24,27.0033,28.8275,-1.4989,-2.1277,-3.7657,0.9818,-5.7367,-5.1155,-32.3529

PRICE_WINDOW_180_ROW_096=20260422,23.0,23.1,22.7,23.0,739000.0,23.39,24.2831,24.19,26.8858,28.7786,0.0,-4.7619,-4.1667,1.1424,-5.2839,-4.9194,-32.3529

PRICE_WINDOW_180_ROW_097=20260423,23.1,24.2,22.9,23.35,860000.0,23.27,24.2053,24.1525,26.7733,28.7333,1.5217,-2.5052,-3.112,1.3202,-3.5336,-3.3226,-31.3235

PRICE_WINDOW_180_ROW_098=20260424,23.4,23.9,23.1,23.5,507000.0,23.24,24.1465,24.1175,26.6633,28.7442,0.6424,-0.6342,-2.8926,0.7611,-2.6776,-2.5604,-30.8824

PRICE_WINDOW_180_ROW_099=20260427,23.25,24.0,23.05,23.55,555000.0,23.28,24.0968,23.965,26.5375,28.6946,0.2128,0.8565,-11.4662,0.8698,-2.2693,-1.7317,-30.7353

PRICE_WINDOW_180_ROW_100=20260428,23.55,24.0,23.05,23.55,495000.0,23.39,24.0513,23.81,26.3817,28.6308,0.0,2.3913,-11.6323,0.911,-2.0842,-1.092,-30.6333

PRICE_WINDOW_180_ROW_101=20260429,23.55,23.8,23.3,23.7,458000.0,23.53,24.022,23.745,26.2358,28.51,0.6369,3.0435,-5.2,0.8481,-1.3404,-0.1895,-28.9355

PRICE_WINDOW_180_ROW_102=20260430,23.75,24.15,23.45,23.65,843000.0,23.59,23.991,23.6825,26.0942,28.4062,-0.211,1.2848,-5.0201,1.5717,-1.4213,-0.1372,-28.3333

PRICE_WINDOW_180_ROW_103=20260504,23.75,23.8,23.4,23.7,433000.0,23.63,23.9667,23.6275,25.9567,28.3104,0.2114,0.8511,-4.4355,0.8216,-1.113,0.3068,-24.8811

PRICE_WINDOW_180_ROW_104=20260505,23.7,23.75,23.35,23.45,620000.0,23.61,23.9237,23.5825,25.83,28.2337,-1.0549,-0.4246,-3.6961,1.176,-1.98,-0.5619,-25.4372

PRICE_WINDOW_180_ROW_105=20260506,23.45,23.5,23.15,23.35,598000.0,23.57,23.8759,23.555,25.7133,28.1579,-0.4264,-0.8493,-2.3013,1.1084,-2.2025,-0.8703,-24.1883

PRICE_WINDOW_180_ROW_106=20260507,23.4,23.4,22.95,23.15,1002000.0,23.46,23.8154,23.5125,25.5933,28.0683,-0.8565,-2.3207,-3.5417,1.7491,-2.7939,-1.5417,-23.7232

PRICE_WINDOW_180_ROW_107=20260508,23.35,23.45,22.9,23.0,803000.0,23.33,23.7474,23.4725,25.475,27.985,-0.6479,-2.7484,-3.3613,1.3902,-3.1474,-2.013,-23.8411

PRICE_WINDOW_180_ROW_108=20260511,23.0,23.25,22.6,22.6,665000.0,23.11,23.6518,23.43,25.3567,27.9017,-1.7391,-4.6414,-3.6247,1.122,-4.4471,-3.5425,-24.5409

PRICE_WINDOW_180_ROW_109=20260512,22.55,23.6,22.55,23.4,749000.0,23.1,23.6308,23.4275,25.2617,27.8254,3.5398,-0.2132,-0.2132,1.2368,-0.9768,-0.1174,-21.8698

PRICE_WINDOW_180_ROW_110=20260513,23.4,25.6,23.3,24.75,1398000.0,23.38,23.7241,23.49,25.19,27.7625,5.7692,5.9957,5.3191,2.1227,4.3243,5.364,-17.3623

PRICE_WINDOW_180_ROW_111=20260514,25.0,25.1,23.85,24.2,636000.0,23.59,23.7638,23.4925,25.11,27.6988,-2.2222,4.5356,0.207,0.9674,1.8358,3.0116,-19.1987

PRICE_WINDOW_180_ROW_112=20260515,24.55,24.6,23.25,23.45,789000.0,23.68,23.7376,23.4675,25.0275,27.6358,-3.0992,1.9565,-2.0877,1.1619,-1.2116,-0.0746,-21.7028

PRICE_WINDOW_180_ROW_113=20260518,23.25,23.85,22.55,23.75,492000.0,23.91,23.7386,23.4725,24.9533,27.5771,1.2793,5.0885,0.4228,0.7159,0.0478,1.1822,-20.7012

PRICE_WINDOW_180_ROW_114=20260519,24.0,24.1,23.7,23.95,453000.0,24.02,23.7563,23.5025,24.8883,27.51,0.8421,2.3504,2.5696,0.6605,0.8156,1.9041,-20.0334

PRICE_WINDOW_180_ROW_115=20260520,24.0,24.05,23.85,23.85,268000.0,23.84,23.7641,23.545,24.8108,27.4504,-0.4175,-3.6364,3.6957,0.4011,0.3616,1.2954,-20.3673

PRICE_WINDOW_180_ROW_116=20260521,24.0,24.7,23.9,24.6,674000.0,23.92,23.8337,23.625,24.7525,27.4033,3.1447,1.6529,6.9565,1.0137,3.2151,4.127,-17.8631

PRICE_WINDOW_180_ROW_117=20260522,24.65,24.7,24.3,24.6,24000.0,24.15,23.8976,23.6875,24.6992,27.3625,0.0,4.9041,5.3533,0.0385,2.9393,3.8522,-17.8631

PRICE_WINDOW_180_ROW_118=20260525,24.65,24.65,23.6,23.8,24000.0,24.16,23.8895,23.7025,24.6167,27.3146,-3.252,0.2105,1.2766,0.0401,-0.3744,0.4113,-20.5342

PRICE_WINDOW_180_ROW_119=20260526,23.7,23.7,22.8,22.85,23000.0,23.94,23.8028,23.6675,24.5275,27.2571,-3.9916,-4.5929,-2.9724,0.0402,-4.003,-3.4541,-23.7062

PRICE_WINDOW_180_ROW_120=20260527,23.0,23.0,22.45,22.45,23000.0,23.66,23.6901,23.6125,24.4217,27.2,-1.7505,-5.87,-4.6709,0.0419,-5.2347,-4.9232,-25.0417

PRICE_WINDOW_180_ROW_121=20260528,22.45,22.55,22.05,22.05,22000.0,23.15,23.5534,23.53,24.2983,27.1367,-1.7817,-10.3659,-6.962,0.0417,-6.383,-6.2898,-26.3773

PRICE_WINDOW_180_ROW_122=20260529,22.3,22.3,22.05,22.2,22000.0,22.67,23.4406,23.4575,24.1833,27.0725,0.6803,-9.7561,-6.1311,0.0453,-5.2927,-5.3608,-23.0503

PRICE_WINDOW_180_ROW_123=20260601,22.25,23.4,22.25,22.65,23000.0,22.44,23.3747,23.405,24.0983,27.0092,2.027,-4.8319,-4.4304,0.0494,-3.1006,-3.2258,-21.4905

PRICE_WINDOW_180_ROW_124=20260602,22.8,23.7,22.8,23.7,23.0,22.61,23.4019,23.4175,24.0267,26.9562,4.6358,3.7199,1.0661,0.0001,1.274,1.2064,-17.851

PRICE_WINDOW_180_ROW_125=20260603,23.7,24.9,23.2,24.6,24000.0,23.04,23.5017,23.48,23.9625,26.91,3.7975,9.5768,5.3533,0.0592,4.6733,4.77,-14.7314

PRICE_WINDOW_180_ROW_126=20260604,24.0,24.25,23.75,23.75,24000.0,23.38,23.5224,23.51,23.925,26.8554,-3.4553,7.7098,2.5918,0.0673,0.9676,1.0208,-17.6776

PRICE_WINDOW_180_ROW_127=20260605,23.95,23.95,23.25,23.3,23000.0,23.6,23.5039,23.525,23.8833,26.7996,-1.8947,4.955,1.3043,0.0724,-0.8673,-0.9564,-19.2374

PRICE_WINDOW_180_ROW_128=20260608,22.55,23.4,22.4,23.2,208000.0,23.71,23.4785,23.555,23.865,26.7379,-0.4292,2.4283,2.6549,0.7052,-1.1863,-1.5071,-19.5841

PRICE_WINDOW_180_ROW_129=20260609,23.05,24.15,23.0,24.0,475000.0,23.77,23.522,23.585,23.8483,26.6858,3.4483,1.2658,2.5641,1.6889,2.0322,1.7596,-16.8111

PRICE_WINDOW_180_ROW_130=20260610,23.95,24.25,23.7,23.8,254000.0,23.61,23.5452,23.5375,23.8342,26.6358,-0.8333,-3.252,-3.8384,1.1337,1.0823,1.1152,-17.5043

PRICE_WINDOW_180_ROW_131=20260611,23.7,24.8,23.7,24.5,611000.0,23.76,23.6247,23.5525,23.825,26.5925,2.9412,3.1579,1.2397,2.7424,3.7049,4.0229,-15.078

PRICE_WINDOW_180_ROW_132=20260612,24.55,25.0,24.25,24.3,295000.0,23.96,23.681,23.595,23.8133,26.5471,-0.8163,4.2918,3.6247,1.4891,2.6139,2.9879,-15.7712

PRICE_WINDOW_180_ROW_133=20260615,24.15,25.9,24.0,25.55,752000.0,24.43,23.8368,23.685,23.8283,26.5096,5.144,10.1293,7.5789,3.5623,7.1874,7.8742,-11.4385

PRICE_WINDOW_180_ROW_134=20260616,25.35,25.35,24.1,24.2,281000.0,24.47,23.867,23.6975,23.8283,26.4558,-5.2838,0.8333,1.0438,1.3876,1.3951,2.1205,-16.1179

PRICE_WINDOW_180_ROW_135=20260617,24.5,24.65,24.25,24.55,220000.0,24.62,23.9239,23.7325,23.8392,26.4108,1.4463,3.1513,2.935,1.0994,2.6169,3.4446,-14.9047

PRICE_WINDOW_180_ROW_136=20260618,24.65,24.7,24.0,24.15,436000.0,24.55,23.9428,23.71,23.8417,26.3633,-1.6293,-1.4286,-1.8293,2.3167,0.8655,1.8558,-16.2912

PRICE_WINDOW_180_ROW_137=20260622,24.7,24.75,24.0,24.25,236000.0,24.54,23.9684,23.6925,23.8442,26.3212,0.4141,-0.2058,-1.4228,1.1871,1.175,2.3531,-15.9445

PRICE_WINDOW_180_ROW_138=20260623,24.25,24.25,23.65,23.65,250000.0,24.16,23.9418,23.685,23.835,26.2712,-2.4742,-7.4364,-0.6303,1.1899,-1.219,-0.1478,-18.0243

PRICE_WINDOW_180_ROW_139=20260624,23.6,24.0,23.3,23.85,131000.0,24.09,23.9342,23.735,23.7892,26.2233,0.8457,-1.4463,4.3764,0.6079,-0.3518,0.4845,-17.331

PRICE_WINDOW_180_ROW_140=20260625,23.9,24.3,23.7,23.95,111000.0,23.97,23.9355,23.81,23.7442,26.1683,0.4193,-2.444,6.6815,0.5048,0.0605,0.588,-8.413

PRICE_WINDOW_180_ROW_141=20260626,23.8,25.2,23.5,24.7,749000.0,24.08,23.9992,23.9425,23.7392,26.1154,3.1315,2.2774,12.0181,2.9229,2.92,3.1638,-5.0

PRICE_WINDOW_180_ROW_142=20260629,24.75,25.45,24.35,24.35,320000.0,24.1,24.0284,24.05,23.73,26.0654,-1.417,0.4124,9.6847,1.1802,1.3382,1.2474,-6.3462

PRICE_WINDOW_180_ROW_143=20260630,24.65,25.35,24.45,24.8,294000.0,24.33,24.0927,24.1575,23.73,26.02,1.848,4.8626,9.4923,1.0327,2.9356,2.6596,-4.6154

PRICE_WINDOW_180_ROW_144=20260701,24.75,24.8,24.15,24.65,240000.0,24.49,24.1392,24.205,23.735,25.9762,-0.6048,3.3543,4.0084,0.8089,2.1161,1.8385,-4.8263

PRICE_WINDOW_180_ROW_145=20260702,24.65,25.1,24.65,24.85,151000.0,24.67,24.1984,24.2175,23.7508,25.9317,0.8114,3.7578,1.0163,0.4983,2.6927,2.6117,-4.0541

PRICE_WINDOW_180_ROW_146=20260703,24.85,25.4,24.7,24.7,262000.0,24.67,24.2402,24.265,23.7625,25.8875,-0.6036,0.0,4.0,0.8319,1.8968,1.7927,-4.6332

PRICE_WINDOW_180_ROW_147=20260706,24.7,25.7,24.7,25.0,528000.0,24.8,24.3035,24.35,23.7825,25.8417,1.2146,2.6694,7.2961,1.552,2.8657,2.6694,-3.4749

PRICE_WINDOW_180_ROW_148=20260707,25.0,25.0,24.2,24.6,293000.0,24.76,24.3282,24.42,23.8017,25.7854,-1.6,-0.8065,6.0345,0.8506,1.1171,0.7371,-5.0193

PRICE_WINDOW_180_ROW_149=20260708,25.0,25.0,24.35,24.4,93000.0,24.71,24.3342,24.44,23.8175,25.7379,-0.813,-1.0142,1.6667,0.2858,0.2703,-0.1637,-5.7915

PRICE_WINDOW_180_ROW_150=20260709,24.7,24.7,24.0,24.15,119000.0,24.57,24.3189,24.4575,23.8283,25.6879,-1.0246,-2.8169,1.4706,0.3735,-0.6944,-1.2573,-6.7568

PRICE_WINDOW_180_ROW_151=20260713,24.55,24.6,24.05,24.35,115000.0,24.5,24.3215,24.45,23.8317,25.6408,0.8282,-1.417,-0.6122,0.3914,0.1173,-0.409,-5.9846

PRICE_WINDOW_180_ROW_152=20260714,24.4,24.4,23.45,23.85,226000.0,24.27,24.2822,24.4275,23.83,25.5896,-2.0534,-4.6,-1.8519,0.7784,-1.7798,-2.3641,-7.9151

PRICE_WINDOW_180_ROW_153=20260715,23.8,24.55,23.8,24.55,119000.0,24.26,24.3045,24.3775,23.845,25.5425,2.935,-0.2033,-3.9139,0.46,1.0101,0.7076,-5.2124

PRICE_WINDOW_180_ROW_154=20260716,24.65,25.15,24.55,24.75,278000.0,24.33,24.3416,24.405,23.8683,25.495,0.8147,1.4344,2.2727,1.0752,1.6777,1.4136,-4.4402

PRICE_WINDOW_180_ROW_155=20260717,24.8,24.8,23.75,24.3,445000.0,24.36,24.3381,24.3925,23.89,25.4467,-1.8182,0.6211,-1.0183,1.6494,-0.1567,-0.3792,-6.1776

PRICE_WINDOW_180_ROW_156=20260720,24.25,24.6,24.0,24.6,142000.0,24.41,24.36,24.415,23.9167,25.4012,1.2346,1.0267,1.8634,0.5566,0.9853,0.7577,-5.0193

PRICE_WINDOW_180_ROW_157=20260721,24.8,24.8,24.2,24.5,88000.0,24.54,24.3716,24.4275,23.9358,25.3546,-0.4065,2.7254,1.0309,0.3553,0.5267,0.2968,-5.4054

PRICE_WINDOW_180_ROW_158=20260722,24.5,24.55,24.25,24.4,56000.0,24.51,24.374,24.465,23.9508,25.3071,-0.4082,-0.611,3.1712,0.2353,0.1067,-0.2657,-5.7915

PRICE_WINDOW_180_ROW_159=20260723,24.85,24.85,23.85,23.95,272000.0,24.35,24.3387,24.47,23.9575,25.2475,-1.8443,-3.2323,0.4193,1.11,-1.5969,-2.1251,-7.529

PRICE_WINDOW_180_ROW_160=20260724,23.9,24.2,23.8,23.8,75000.0,24.25,24.2938,24.4625,23.9617,25.1717,-0.6263,-2.0576,-0.6263,0.3083,-2.0325,-2.7082,-8.1081

PRICE_WINDOW_180_ROW_161=20260727,23.75,24.0,23.7,23.85,44000.0,24.1,24.2568,24.42,23.9642,25.1,0.2101,-3.0488,-3.4413,0.2115,-1.677,-2.3342,-7.9151

PRICE_WINDOW_180_ROW_162=20260728,23.7,23.85,23.45,23.65,199000.0,23.93,24.2062,24.385,23.9642,25.0292,-0.8386,-3.4694,-2.8747,0.9854,-2.2979,-3.0141,-8.6873

PRICE_WINDOW_180_ROW_163=20260729,23.65,23.65,23.15,23.3,329000.0,23.71,24.1307,24.31,23.9575,24.9571,-1.4799,-4.5082,-6.0484,1.6151,-3.4426,-4.1547,-10.0386

PRICE_WINDOW_180_ROW_164=20260730,23.3,23.55,23.05,23.4,85000.0,23.6,24.0698,24.2475,23.9567,24.8933,0.4292,-2.2965,-5.071,0.4338,-2.7828,-3.4952,-9.6525

PRICE_WINDOW_180_ROW_165=20260731,23.6,24.2,23.6,24.0,140000.0,23.64,24.064,24.205,23.9675,24.8404,2.5641,0.8403,-3.4205,0.7165,-0.266,-0.8469,-7.3359

PRICE_WINDOW_180_ROW_166=20260803,24.1,24.25,23.8,24.25,101000.0,23.72,24.0795,24.1825,23.9858,24.7896,1.0417,1.6771,-1.8219,0.5391,0.7081,0.2791,-6.3707

PRICE_WINDOW_180_ROW_167=20260804,24.3,24.85,24.25,24.85,159000.0,23.96,24.1437,24.175,24.0167,24.7458,2.4742,5.074,-0.6,0.9414,2.9254,2.7921,-4.0541

PRICE_WINDOW_180_ROW_168=20260805,24.9,24.9,24.4,24.4,73000.0,24.18,24.1651,24.165,24.0467,24.7017,-1.8109,4.721,-0.813,0.4623,0.9722,0.9725,-5.7915

PRICE_WINDOW_180_ROW_169=20260806,24.4,24.7,24.35,24.65,50000.0,24.43,24.2055,24.1775,24.0675,24.6646,1.0246,5.3419,1.0246,0.321,1.8365,1.9543,-4.8263

PRICE_WINDOW_180_ROW_170=20260807,24.65,24.75,24.5,24.65,46000.0,24.56,24.2425,24.2025,24.0658,24.6279,0.0,2.7083,2.0704,0.3024,1.6808,1.849,-4.8263

PRICE_WINDOW_180_ROW_171=20260810,24.85,24.85,24.25,24.8,115000.0,24.67,24.289,24.225,24.0758,24.5929,0.6085,2.268,1.848,0.7561,2.1039,2.3736,-4.2471

PRICE_WINDOW_180_ROW_172=20260811,24.8,24.8,24.5,24.7,29000.0,24.64,24.3232,24.2675,24.0967,24.5621,-0.4032,-0.6036,3.5639,0.2039,1.549,1.7822,-4.6332

PRICE_WINDOW_180_ROW_173=20260812,24.6,24.7,24.3,24.65,85000.0,24.69,24.3505,24.2725,24.1117,24.5325,-0.2024,1.0246,0.4073,0.6048,1.2301,1.5553,-4.8263

PRICE_WINDOW_180_ROW_174=20260813,24.65,24.65,24.3,24.6,56000.0,24.68,24.3713,24.265,24.1225,24.5054,-0.2028,-0.2028,-0.6061,0.4326,0.9386,1.3806,-5.0193

PRICE_WINDOW_180_ROW_175=20260814,24.15,24.55,24.15,24.45,176000.0,24.64,24.3778,24.2725,24.1325,24.4717,-0.6098,-0.8114,0.6173,1.5172,0.2961,0.7313,-5.5985

PRICE_WINDOW_180_ROW_176=20260817,24.75,24.75,24.3,24.45,41000.0,24.57,24.3838,24.265,24.13,24.4412,0.0,-1.4113,-0.6098,0.3695,0.2714,0.7624,-5.5985

PRICE_WINDOW_180_ROW_177=20260818,24.6,24.65,24.1,24.35,61000.0,24.5,24.381,24.2575,24.1258,24.4125,-0.409,-1.417,-0.6122,0.5566,-0.1272,0.3813,-5.9846

PRICE_WINDOW_180_ROW_178=20260819,24.15,24.35,24.0,24.3,67000.0,24.43,24.3743,24.2525,24.1342,24.3754,-0.2053,-1.4199,-0.4098,0.6083,-0.3047,0.1959,-6.1776

PRICE_WINDOW_180_ROW_179=20260820,24.55,24.55,24.25,24.35,19000.0,24.38,24.3722,24.2725,24.1592,24.3433,0.2058,-1.0163,1.6701,0.1949,-0.0913,0.3193,-5.9846

PRICE_WINDOW_180_ROW_180=20260821,24.45,24.9,24.25,24.4,90000.0,24.37,24.3746,24.3025,24.1917,24.3067,0.2053,-0.2045,2.521,0.916,0.1044,0.4012,-5.7915
