# PRICE_WINDOW_153

columns=date,open,high,low,close,volume,ma5,ema23,ma20,ma60,ma120,return_1d,return_5d,return_20d,volume_ratio,distance_to_ema23_pct,distance_to_ma20_pct,distance_to_high_60_pct

PRICE_WINDOW_180_ROW_001=20250407,4.0,4.0,4.0,4.0,270174.0,,,,,,,,,,,,

PRICE_WINDOW_180_ROW_002=20251103,4.09,4.1,3.94,4.0,56000.0,,,,,,0.0,,,,,,

PRICE_WINDOW_180_ROW_003=20251104,4.09,4.1,3.96,3.99,16000.0,,,,,,-0.25,,,,,,

PRICE_WINDOW_180_ROW_004=20251105,3.99,4.0,3.9,3.95,29000.0,,,,,,-1.0025,,,,,,

PRICE_WINDOW_180_ROW_005=20251106,3.95,4.02,3.95,4.0,34000.0,3.988,3.9955,3.988,3.988,3.988,1.2658,,,0.4196,0.1131,0.3009,-2.439

PRICE_WINDOW_180_ROW_006=20251107,3.95,4.01,3.95,3.97,39000.0,3.982,3.9934,3.985,3.985,3.985,-0.75,-0.75,,0.5268,-0.5849,-0.3764,-3.1707

PRICE_WINDOW_180_ROW_007=20251110,4.0,4.0,3.95,3.95,11000.0,3.972,3.9897,3.98,3.98,3.98,-0.5038,-1.25,,0.1692,-0.9962,-0.7538,-3.6585

PRICE_WINDOW_180_ROW_008=20251111,3.96,4.04,3.96,4.03,12000.0,3.98,3.9931,3.9862,3.9862,3.9862,2.0253,1.0025,,0.2055,0.9241,1.0975,-1.7073

PRICE_WINDOW_180_ROW_009=20251112,4.11,4.11,3.95,4.0,18000.0,3.99,3.9937,3.9878,3.9878,3.9878,-0.7444,1.2658,,0.3339,0.1584,0.3065,-2.6764

PRICE_WINDOW_180_ROW_010=20251113,4.0,4.0,3.91,3.91,100000.0,3.972,3.9867,3.98,3.98,3.98,-2.25,-2.25,,1.7089,-1.9239,-1.7588,-4.8662

PRICE_WINDOW_180_ROW_011=20251114,3.85,4.17,3.85,3.98,16000.0,3.974,3.9861,3.98,3.98,3.98,1.7903,0.2519,,0.2928,-0.1541,0.0,-4.5564

PRICE_WINDOW_180_ROW_012=20251117,4.06,4.06,3.97,4.0,51000.0,3.984,3.9873,3.9817,3.9817,3.9817,0.5025,1.2658,,0.9384,0.3186,0.4604,-4.0767

PRICE_WINDOW_180_ROW_013=20251118,4.0,4.0,3.88,3.88,4000.0,3.954,3.9784,3.9738,3.9738,3.9738,-3.0,-3.7221,,0.0792,-2.4723,-2.3616,-6.9544

PRICE_WINDOW_180_ROW_014=20251119,3.9,3.9,3.87,3.87,12000.0,3.928,3.9693,3.9664,3.9664,3.9664,-0.2577,-3.25,,0.2514,-2.5023,-2.4311,-7.1942

PRICE_WINDOW_180_ROW_015=20251120,3.87,3.88,3.81,3.88,66000.0,3.922,3.9619,3.9607,3.9607,3.9607,0.2584,-0.7673,,1.3485,-2.0668,-2.0367,-6.9544

PRICE_WINDOW_180_ROW_016=20251121,3.88,3.89,3.78,3.89,71000.0,3.904,3.9559,3.9562,3.9562,3.9562,0.2577,-2.2613,,1.4109,-1.6657,-1.6746,-6.7146

PRICE_WINDOW_180_ROW_017=20251124,3.88,3.96,3.88,3.89,15000.0,3.882,3.9504,3.9524,3.9524,3.9524,0.0,-2.75,,0.3109,-1.529,-1.5776,-6.7146

PRICE_WINDOW_180_ROW_018=20251125,3.89,3.99,3.89,3.95,4000.0,3.896,3.9504,3.9522,3.9522,3.9522,1.5424,1.8041,,0.0874,-0.0093,-0.0562,-5.2758

PRICE_WINDOW_180_ROW_019=20251126,4.05,4.33,4.0,4.21,71000.0,3.964,3.972,3.9658,3.9658,3.9658,6.5823,8.7855,,1.507,5.9918,6.1579,-2.7714

PRICE_WINDOW_180_ROW_020=20251127,4.21,4.22,4.0,4.22,53000.0,4.032,3.9927,3.9785,3.9785,3.9785,0.2375,8.7629,,1.1179,5.6937,6.0701,-2.5404

PRICE_WINDOW_180_ROW_021=20251128,4.1,4.1,3.96,4.06,39000.0,4.066,3.9983,3.9815,3.9824,3.9824,-3.7915,4.3702,1.5,1.0879,1.5436,1.9716,-6.2356

PRICE_WINDOW_180_ROW_022=20251201,3.98,4.16,3.98,4.0,33000.0,4.088,3.9984,3.9815,3.9832,3.9832,-1.4778,2.8278,0.0,0.951,0.0394,0.4646,-7.6212

PRICE_WINDOW_180_ROW_023=20251202,4.01,4.06,3.95,4.0,27000.0,4.098,3.9986,3.982,3.9839,3.9839,0.0,1.2658,0.2506,0.766,0.0361,0.452,-7.6212

PRICE_WINDOW_180_ROW_024=20251203,3.99,3.99,3.95,3.95,49000.0,4.046,3.9945,3.982,3.9825,3.9825,-1.25,-6.1758,0.0,1.3517,-1.1143,-0.8036,-8.776

PRICE_WINDOW_180_ROW_025=20251204,3.99,4.05,3.95,4.05,87000.0,4.012,3.9991,3.9845,3.9852,3.9852,2.5316,-4.0284,1.25,2.2365,1.2719,1.6439,-6.4665

PRICE_WINDOW_180_ROW_026=20251205,4.0,4.02,3.95,3.95,45000.0,3.99,3.995,3.9835,3.9838,3.9838,-2.4691,-2.7094,-0.5038,1.148,-1.1274,-0.841,-8.776

PRICE_WINDOW_180_ROW_027=20251208,4.0,4.0,3.91,3.91,16000.0,3.972,3.988,3.9815,3.9811,3.9811,-1.0127,-2.25,-1.0127,0.4056,-1.9547,-1.7958,-9.6998

PRICE_WINDOW_180_ROW_028=20251209,3.92,3.98,3.92,3.95,34000.0,3.962,3.9848,3.9775,3.98,3.98,1.023,-1.25,-1.9851,0.8385,-0.8731,-0.6914,-8.776

PRICE_WINDOW_180_ROW_029=20251210,3.95,4.03,3.95,4.03,109000.0,3.978,3.9886,3.979,3.9817,3.9817,2.0253,2.0253,0.75,2.4169,1.039,1.2817,-6.9284

PRICE_WINDOW_180_ROW_030=20251211,4.0,4.08,4.0,4.08,56000.0,3.984,3.9962,3.9875,3.985,3.985,1.2407,0.7407,4.3478,1.3054,2.0976,2.3197,-5.7737

PRICE_WINDOW_180_ROW_031=20251212,4.04,4.07,4.04,4.07,14000.0,4.008,4.0023,3.992,3.9877,3.9877,-0.2451,3.038,2.2613,0.3271,1.6908,1.9539,-6.0046

PRICE_WINDOW_180_ROW_032=20251215,4.05,4.1,3.91,3.96,49000.0,4.018,3.9988,3.99,3.9869,3.9869,-2.7027,1.2788,-1.0,1.1475,-0.9703,-0.7519,-8.545

PRICE_WINDOW_180_ROW_033=20251216,3.97,4.0,3.97,3.99,31000.0,4.026,3.9981,3.9955,3.987,3.987,0.7576,1.0127,2.8351,0.7037,-0.2018,-0.1377,-7.8522

PRICE_WINDOW_180_ROW_034=20251217,3.99,3.99,3.97,3.97,23000.0,4.014,3.9957,4.0005,3.9865,3.9865,-0.5013,-1.4888,2.584,0.5157,-0.6439,-0.7624,-8.3141

PRICE_WINDOW_180_ROW_035=20251218,3.99,3.99,3.98,3.98,28000.0,3.994,3.9944,4.0055,3.9863,3.9863,0.2519,-2.451,2.5773,0.6557,-0.361,-0.6366,-8.0831

PRICE_WINDOW_180_ROW_036=20251219,4.02,4.05,3.99,4.04,91000.0,3.988,3.9982,4.013,3.9878,3.9878,1.5075,-0.7371,3.856,2.0824,1.045,0.6728,-6.6975

PRICE_WINDOW_180_ROW_037=20251222,4.04,4.1,4.04,4.09,26000.0,4.014,4.0059,4.023,3.9905,3.9905,1.2376,3.2828,5.1414,0.5876,2.1003,1.6654,-5.5427

PRICE_WINDOW_180_ROW_038=20251223,4.14,4.15,4.05,4.14,64000.0,4.044,4.017,4.0325,3.9945,3.9945,1.2225,3.7594,4.8101,1.3545,3.0609,2.6658,-4.388

PRICE_WINDOW_180_ROW_039=20251224,4.13,4.13,4.04,4.05,11000.0,4.06,4.0198,4.0245,3.9959,3.9959,-2.1739,2.0151,-3.8005,0.2486,0.7515,0.6336,-6.4665

PRICE_WINDOW_180_ROW_040=20251226,4.02,4.02,4.01,4.02,21000.0,4.068,4.0198,4.0145,3.9965,3.9965,-0.7407,1.005,-4.7393,0.4924,0.0048,0.137,-7.1594

PRICE_WINDOW_180_ROW_041=20251229,4.08,4.09,4.01,4.09,25000.0,4.078,4.0257,4.016,3.9988,3.9988,1.7413,1.2376,0.7389,0.5959,1.5983,1.8426,-5.5427

PRICE_WINDOW_180_ROW_042=20251230,4.25,4.25,4.07,4.1,19000.0,4.08,4.0319,4.021,4.0012,4.0012,0.2445,0.2445,2.5,0.4606,1.6902,1.9647,-5.3118

PRICE_WINDOW_180_ROW_043=20251231,4.23,4.23,4.06,4.2,128000.0,4.092,4.0459,4.031,4.0058,4.0058,2.439,1.4493,5.0,2.7646,3.8097,4.1925,-3.0023

PRICE_WINDOW_180_ROW_044=20260102,4.05,4.2,4.03,4.09,56000.0,4.1,4.0495,4.038,4.0077,4.0077,-2.619,0.9877,3.5443,1.2004,0.9991,1.2878,-5.5427

PRICE_WINDOW_180_ROW_045=20260105,4.08,4.08,3.98,3.98,32000.0,4.092,4.0437,4.0345,4.0071,4.0071,-2.6895,-0.995,-1.7284,0.7289,-1.5764,-1.3508,-8.0831

PRICE_WINDOW_180_ROW_046=20260106,3.98,4.05,3.95,3.98,78000.0,4.07,4.0384,4.036,4.0065,4.0065,0.0,-2.6895,0.7595,1.7124,-1.447,-1.3875,-8.0831

PRICE_WINDOW_180_ROW_047=20260107,3.98,4.0,3.95,3.95,23000.0,4.04,4.0311,4.038,4.0053,4.0053,-0.7538,-3.6585,1.023,0.5011,-2.011,-2.1793,-8.776

PRICE_WINDOW_180_ROW_048=20260108,4.0,4.0,3.8,3.99,48000.0,3.998,4.0276,4.04,4.005,4.005,1.0127,-5.0,1.0127,1.03,-0.9346,-1.2376,-7.8522

PRICE_WINDOW_180_ROW_049=20260109,3.96,3.97,3.96,3.96,19000.0,3.972,4.022,4.0365,4.0041,4.0041,-0.7519,-3.1785,-1.737,0.4513,-1.5417,-1.8952,-8.545

PRICE_WINDOW_180_ROW_050=20260112,3.97,4.05,3.9,3.95,97000.0,3.966,4.016,4.03,4.003,4.003,-0.2525,-0.7538,-3.1863,2.1971,-1.6436,-1.9851,-8.776

PRICE_WINDOW_180_ROW_051=20260113,3.95,3.97,3.89,3.96,165000.0,3.962,4.0113,4.0245,4.0022,4.0022,0.2532,-0.5025,-2.7027,3.1915,-1.2798,-1.6027,-8.545

PRICE_WINDOW_180_ROW_052=20260114,3.96,3.96,3.83,3.93,33000.0,3.958,4.0046,4.023,4.0008,4.0008,-0.7576,-0.5063,-0.7576,0.6483,-1.8619,-2.3117,-9.2379

PRICE_WINDOW_180_ROW_053=20260115,3.93,3.94,3.85,3.85,153000.0,3.93,3.9917,4.016,3.9979,3.9979,-2.0356,-3.5088,-3.5088,2.6842,-3.5494,-4.1335,-11.0855

PRICE_WINDOW_180_ROW_054=20260116,3.83,3.98,3.83,3.98,129000.0,3.934,3.9907,4.0165,3.9976,3.9976,3.3766,0.5051,0.2519,2.0706,-0.2683,-0.9088,-8.0831

PRICE_WINDOW_180_ROW_055=20260119,3.98,4.19,3.9,3.99,214000.0,3.942,3.9906,4.017,3.9975,3.9975,0.2513,1.0127,0.2513,2.9888,-0.0162,-0.6721,-7.8522

PRICE_WINDOW_180_ROW_056=20260120,4.3,4.3,4.03,4.1,83000.0,3.97,3.9998,4.02,3.9993,3.9993,2.7569,3.5354,1.4851,1.1657,2.5061,1.99,-5.3118

PRICE_WINDOW_180_ROW_057=20260121,4.02,4.1,4.0,4.07,28000.0,3.998,4.0056,4.019,4.0005,4.0005,-0.7317,3.5623,-0.489,0.3927,1.6074,1.269,-6.0046

PRICE_WINDOW_180_ROW_058=20260122,4.08,4.1,4.01,4.08,71000.0,4.044,4.0118,4.016,4.0019,4.0019,0.2457,5.974,-1.4493,0.9909,1.6997,1.5936,-5.7737

PRICE_WINDOW_180_ROW_059=20260123,4.08,4.2,4.04,4.07,26000.0,4.062,4.0167,4.017,4.0031,4.0031,-0.2451,2.2613,0.4938,0.3591,1.3279,1.3194,-6.0046

PRICE_WINDOW_180_ROW_060=20260126,4.07,4.09,4.07,4.07,13000.0,4.078,4.0211,4.0195,4.0042,4.0042,0.0,2.005,1.2438,0.1806,1.2159,1.2564,-6.0046

PRICE_WINDOW_180_ROW_061=20260127,4.07,4.07,4.04,4.04,21000.0,4.066,4.0227,4.017,4.0048,4.0048,-0.7371,-1.4634,-1.2225,0.2925,0.4305,0.5726,-6.6975

PRICE_WINDOW_180_ROW_062=20260128,4.0,4.01,3.91,3.95,73000.0,4.042,4.0166,4.0095,4.004,4.0039,-2.2277,-2.9484,-3.6585,0.9799,-1.6587,-1.484,-8.776

PRICE_WINDOW_180_ROW_063=20260129,3.95,4.02,3.95,4.02,12000.0,4.03,4.0169,4.0005,4.0045,4.0041,1.7722,-1.4706,-4.2857,0.1747,0.077,0.4874,-7.1594

PRICE_WINDOW_180_ROW_064=20260130,4.0,4.0,3.95,3.95,125000.0,4.006,4.0113,3.9935,4.0045,4.0033,-1.7413,-2.9484,-3.423,1.7325,-1.5289,-1.0893,-8.776

PRICE_WINDOW_180_ROW_065=20260202,4.0,4.0,3.83,3.9,153000.0,3.972,4.0021,3.9895,4.0028,4.0017,-1.2658,-4.1769,-2.0101,1.9565,-2.55,-2.2434,-9.9307

PRICE_WINDOW_180_ROW_066=20260203,3.9,3.9,3.9,3.9,15000.0,3.944,3.9935,3.9855,4.0017,4.0002,0.0,-3.4653,-2.0101,0.1999,-2.3425,-2.1453,-9.9307

PRICE_WINDOW_180_ROW_067=20260204,3.9,3.94,3.9,3.91,58000.0,3.936,3.9866,3.9835,4.001,3.9988,0.2564,-1.0127,-1.0127,0.7552,-1.9211,-1.8451,-9.6998

PRICE_WINDOW_180_ROW_068=20260205,3.9,4.02,3.9,3.93,59000.0,3.918,3.9819,3.9805,3.9993,3.9978,0.5115,-2.2388,-1.5038,0.7628,-1.3027,-1.2687,-9.2379

PRICE_WINDOW_180_ROW_069=20260206,4.04,4.04,3.9,3.9,153000.0,3.908,3.975,3.9775,3.9977,3.9964,-0.7634,-1.2658,-1.5152,1.8203,-1.888,-1.9485,-9.9307

PRICE_WINDOW_180_ROW_070=20260209,3.9,3.91,3.8,3.9,243000.0,3.908,3.9688,3.975,3.9975,3.995,0.0,0.0,-1.2658,2.6601,-1.7334,-1.8868,-9.9307

PRICE_WINDOW_180_ROW_071=20260210,3.86,3.91,3.86,3.9,20000.0,3.908,3.9631,3.972,3.9962,3.9937,0.0,0.0,-1.5152,0.2378,-1.5912,-1.8127,-9.9307

PRICE_WINDOW_180_ROW_072=20260211,3.9,3.92,3.88,3.9,27000.0,3.906,3.9578,3.9705,3.9945,3.9924,0.0,-0.2558,-0.7634,0.3222,-1.4606,-1.7756,-9.9307

PRICE_WINDOW_180_ROW_073=20260223,4.0,4.0,3.89,3.89,138000.0,3.898,3.9522,3.9725,3.9947,3.991,-0.2564,-1.0178,1.039,1.6616,-1.5727,-2.0768,-10.1617

PRICE_WINDOW_180_ROW_074=20260224,3.89,3.9,3.81,3.87,90000.0,3.892,3.9453,3.967,3.9947,3.9893,-0.5141,-0.7692,-2.7638,1.1097,-1.9088,-2.4452,-10.6236

PRICE_WINDOW_180_ROW_075=20260225,3.87,3.93,3.78,3.87,153000.0,3.886,3.939,3.961,3.9945,3.9877,0.0,-0.7692,-3.0075,1.9603,-1.7525,-2.2974,-10.6236

PRICE_WINDOW_180_ROW_076=20260226,3.78,3.98,3.77,3.9,61000.0,3.886,3.9358,3.951,3.9947,3.9866,0.7752,0.0,-4.878,0.7927,-0.9091,-1.2908,-9.9307

PRICE_WINDOW_180_ROW_077=20260302,3.88,3.88,3.8,3.88,25000.0,3.882,3.9311,3.9415,3.9945,3.9852,-0.5128,-0.5128,-4.6683,0.3255,-1.3007,-1.5603,-10.3926

PRICE_WINDOW_180_ROW_078=20260303,3.88,3.88,3.7,3.75,42000.0,3.854,3.916,3.925,3.9912,3.9822,-3.3505,-3.599,-8.0882,0.5574,-4.2399,-4.4586,-13.3949

PRICE_WINDOW_180_ROW_079=20260304,3.75,3.8,3.61,3.79,23000.0,3.838,3.9055,3.911,3.9842,3.9797,1.0667,-2.0672,-6.8796,0.3059,-2.9582,-3.0938,-11.8605

PRICE_WINDOW_180_ROW_080=20260305,3.69,3.8,3.69,3.8,10000.0,3.824,3.8967,3.8975,3.9772,3.9775,0.2639,-1.8088,-6.6339,0.1332,-2.4826,-2.5016,-11.6279

PRICE_WINDOW_180_ROW_081=20260306,3.79,3.85,3.79,3.8,43000.0,3.804,3.8887,3.8855,3.9728,3.9753,0.0,-2.5641,-5.9406,0.5647,-2.2804,-2.2005,-11.6279

PRICE_WINDOW_180_ROW_082=20260309,3.78,3.79,3.7,3.7,40000.0,3.768,3.873,3.873,3.9678,3.972,-2.6316,-4.6392,-6.3291,0.5369,-4.4657,-4.4668,-13.9535

PRICE_WINDOW_180_ROW_083=20260310,3.66,3.83,3.65,3.83,8000.0,3.784,3.8694,3.8635,3.965,3.9702,3.5135,2.1333,-4.7264,0.1077,-1.0176,-0.8671,-10.9302

PRICE_WINDOW_180_ROW_084=20260311,3.79,3.83,3.67,3.8,129000.0,3.786,3.8636,3.856,3.9625,3.9682,-0.7833,0.2639,-3.7975,1.7315,-1.646,-1.4523,-11.6279

PRICE_WINDOW_180_ROW_085=20260312,3.74,3.81,3.73,3.78,55000.0,3.782,3.8566,3.85,3.958,3.966,-0.5263,-0.5263,-3.0769,0.7902,-1.9869,-1.8182,-12.093

PRICE_WINDOW_180_ROW_086=20260313,3.8,3.8,3.72,3.78,38000.0,3.778,3.8502,3.844,3.9552,3.9638,0.0,-0.5263,-3.0769,0.5371,-1.8244,-1.6649,-12.093

PRICE_WINDOW_180_ROW_087=20260316,3.79,3.79,3.71,3.76,34000.0,3.79,3.8427,3.8365,3.9527,3.9615,-0.5291,1.6216,-3.8363,0.4889,-2.1527,-1.994,-12.5581

PRICE_WINDOW_180_ROW_088=20260317,3.71,3.8,3.65,3.76,221000.0,3.776,3.8358,3.828,3.9495,3.9592,0.0,-1.8277,-4.3257,2.8461,-1.9769,-1.7764,-12.5581

PRICE_WINDOW_180_ROW_089=20260318,3.76,3.76,3.65,3.67,53000.0,3.75,3.822,3.8165,3.9435,3.956,-2.3936,-3.4211,-5.8974,0.7295,-3.9772,-3.8386,-14.6512

PRICE_WINDOW_180_ROW_090=20260319,3.68,3.68,3.64,3.66,215000.0,3.726,3.8085,3.8045,3.9365,3.9527,-0.2725,-3.1746,-6.1538,3.0175,-3.8994,-3.7981,-14.8837

PRICE_WINDOW_180_ROW_091=20260320,3.66,3.66,3.6,3.63,38000.0,3.696,3.7936,3.791,3.9292,3.9491,-0.8197,-3.9683,-6.9231,0.5267,-4.3134,-4.2469,-15.5814

PRICE_WINDOW_180_ROW_092=20260323,3.64,3.75,3.5,3.63,54000.0,3.67,3.78,3.7775,3.9237,3.9457,0.0,-3.4574,-6.9231,0.7347,-3.9682,-3.9047,-15.5814

PRICE_WINDOW_180_ROW_093=20260324,3.52,3.59,3.4,3.4,211000.0,3.598,3.7483,3.753,3.9138,3.9398,-6.3361,-9.5745,-12.5964,2.7349,-9.293,-9.4058,-20.9302

PRICE_WINDOW_180_ROW_094=20260325,3.51,3.51,3.4,3.45,131000.0,3.554,3.7235,3.732,3.9052,3.9346,1.4706,-5.9946,-10.8527,1.654,-7.3445,-7.5563,-19.7674

PRICE_WINDOW_180_ROW_095=20260326,3.46,3.5,3.46,3.5,22000.0,3.522,3.7048,3.7135,3.8972,3.93,1.4493,-4.3716,-9.5607,0.3028,-5.5292,-5.7493,-18.6047

PRICE_WINDOW_180_ROW_096=20260327,3.5,3.5,3.45,3.5,19000.0,3.496,3.6878,3.6935,3.8882,3.9255,0.0,-3.5813,-10.2564,0.2693,-5.0919,-5.2389,-18.6047

PRICE_WINDOW_180_ROW_097=20260330,3.5,3.5,3.45,3.45,12000.0,3.46,3.668,3.672,3.8775,3.9206,-1.4286,-4.9587,-11.0825,0.1717,-5.9423,-6.0458,-19.7674

PRICE_WINDOW_180_ROW_098=20260331,3.41,3.46,3.4,3.45,29000.0,3.47,3.6498,3.657,3.866,3.9158,0.0,1.4706,-8.0,0.4188,-5.4742,-5.6604,-19.7674

PRICE_WINDOW_180_ROW_099=20260401,3.46,3.55,3.41,3.52,28000.0,3.484,3.639,3.6435,3.8572,3.9118,2.029,2.029,-7.124,0.4029,-3.2696,-3.3896,-18.1395

PRICE_WINDOW_180_ROW_100=20260402,3.55,3.6,3.43,3.59,26000.0,3.502,3.6349,3.633,3.85,3.9086,1.9886,2.5714,-5.5263,0.3698,-1.2352,-1.1836,-16.5116

PRICE_WINDOW_180_ROW_101=20260407,3.59,3.59,3.42,3.55,23000.0,3.512,3.6278,3.6205,3.841,3.905,-1.1142,1.4286,-6.5789,0.3319,-2.1452,-1.9472,-17.4419

PRICE_WINDOW_180_ROW_102=20260408,3.54,3.63,3.48,3.53,50000.0,3.528,3.6197,3.612,3.8315,3.9014,-0.5634,2.3188,-4.5946,0.7163,-2.4774,-2.2702,-17.907

PRICE_WINDOW_180_ROW_103=20260409,3.61,3.61,3.43,3.5,30000.0,3.538,3.6097,3.5955,3.8198,3.8975,-0.8499,1.4493,-8.6162,0.4231,-3.039,-2.6561,-18.6047

PRICE_WINDOW_180_ROW_104=20260410,3.5,3.65,3.41,3.48,164000.0,3.53,3.5989,3.5795,3.8097,3.8935,-0.5714,-1.1364,-8.4211,2.2574,-3.3036,-2.7797,-19.0698

PRICE_WINDOW_180_ROW_105=20260413,3.64,3.75,3.55,3.69,74000.0,3.55,3.6065,3.575,3.8048,3.8915,6.0345,2.7855,-2.381,1.0054,2.3157,3.2168,-14.186

PRICE_WINDOW_180_ROW_106=20260414,3.69,3.69,3.5,3.64,32000.0,3.568,3.6093,3.568,3.7992,3.8892,-1.355,2.5352,-3.7037,0.4366,0.8512,2.0179,-15.3488

PRICE_WINDOW_180_ROW_107=20260415,3.64,3.64,3.51,3.63,49000.0,3.588,3.611,3.5615,3.7938,3.8867,-0.2747,2.8329,-3.4574,0.6617,0.5261,1.9233,-15.5814

PRICE_WINDOW_180_ROW_108=20260416,3.43,3.59,3.43,3.58,32000.0,3.604,3.6084,3.5525,3.787,3.8839,-1.3774,2.2857,-4.7872,0.4954,-0.7876,0.7741,-16.7442

PRICE_WINDOW_180_ROW_109=20260417,3.57,3.6,3.47,3.48,111000.0,3.604,3.5977,3.543,3.779,3.8802,-2.7933,0.0,-5.1771,1.6444,-3.272,-1.7782,-19.0698

PRICE_WINDOW_180_ROW_110=20260420,3.46,3.55,3.46,3.46,14000.0,3.558,3.5862,3.533,3.7708,3.8764,-0.5747,-6.2331,-5.4645,0.2437,-3.5202,-2.0662,-19.5349

PRICE_WINDOW_180_ROW_111=20260421,3.46,3.54,3.41,3.52,71000.0,3.534,3.5807,3.5275,3.7635,3.8732,1.7341,-3.2967,-3.0303,1.2014,-1.6958,-0.2126,-18.1395

PRICE_WINDOW_180_ROW_112=20260422,3.5,3.5,3.46,3.5,13000.0,3.508,3.574,3.521,3.7563,3.8698,-0.5682,-3.5813,-3.5813,0.2279,-2.0704,-0.5964,-18.6047

PRICE_WINDOW_180_ROW_113=20260423,3.61,3.61,3.4,3.5,157000.0,3.492,3.5678,3.526,3.7505,3.8665,0.0,-2.2346,2.9412,2.8887,-1.9011,-0.7374,-18.6047

PRICE_WINDOW_180_ROW_114=20260424,3.48,3.49,3.42,3.49,41000.0,3.494,3.5613,3.528,3.7423,3.8632,-0.2857,0.2874,1.1594,0.8225,-2.0033,-1.0771,-18.8372

PRICE_WINDOW_180_ROW_115=20260427,3.6,3.63,3.43,3.43,31000.0,3.488,3.5504,3.5245,3.733,3.8595,-1.7192,-0.8671,-2.0,0.6163,-3.3911,-2.6812,-20.2326

PRICE_WINDOW_180_ROW_116=20260428,3.42,3.43,3.4,3.4,82000.0,3.464,3.5379,3.5195,3.7213,3.8555,-0.8746,-3.4091,-2.8571,1.5341,-3.8968,-3.3954,-19.0476

PRICE_WINDOW_180_ROW_117=20260429,3.48,3.62,3.44,3.49,43000.0,3.462,3.5339,3.5215,3.7117,3.8524,2.6471,-0.2857,1.1594,0.7818,-1.2416,-0.8945,-16.9048

PRICE_WINDOW_180_ROW_118=20260430,3.43,3.49,3.41,3.41,62000.0,3.444,3.5236,3.5195,3.7005,3.8486,-2.2923,-2.5714,-1.1594,1.0944,-3.2227,-3.1112,-18.8095

PRICE_WINDOW_180_ROW_119=20260504,3.41,3.46,3.41,3.41,76000.0,3.428,3.5141,3.514,3.6895,3.845,0.0,-2.2923,-3.125,1.287,-2.9621,-2.9596,-16.6259

PRICE_WINDOW_180_ROW_120=20260505,3.5,3.55,3.41,3.43,62000.0,3.428,3.5071,3.506,3.6788,3.8415,0.5865,0.0,-4.4568,1.0189,-2.1979,-2.1677,-15.7248

PRICE_WINDOW_180_ROW_121=20260506,3.45,3.45,3.4,3.4,122000.0,3.428,3.4982,3.4985,3.6682,3.8365,-0.8746,0.0,-4.2254,1.8541,-2.806,-2.8155,-15.8416

PRICE_WINDOW_180_ROW_122=20260507,3.41,3.44,3.41,3.42,44000.0,3.414,3.4916,3.493,3.6593,3.8317,0.5882,-2.0057,-3.1161,0.6718,-2.0519,-2.0899,-15.3465

PRICE_WINDOW_180_ROW_123=20260508,3.42,3.49,3.42,3.48,20000.0,3.428,3.4907,3.492,3.6503,3.8274,1.7544,2.0528,-0.5714,0.3077,-0.3058,-0.3436,-13.8614

PRICE_WINDOW_180_ROW_124=20260511,3.53,3.53,3.39,3.41,118000.0,3.428,3.484,3.4885,3.6413,3.8229,-2.0115,0.0,-2.0115,1.882,-2.1227,-2.2503,-15.5941

PRICE_WINDOW_180_ROW_125=20260512,3.4,3.4,3.3,3.4,78000.0,3.422,3.477,3.474,3.633,3.8179,-0.2933,-0.8746,-7.8591,1.2401,-2.2133,-2.1301,-15.8416

PRICE_WINDOW_180_ROW_126=20260513,3.4,3.4,3.38,3.4,14000.0,3.422,3.4705,3.462,3.6247,3.8132,0.0,0.0,-6.5934,0.2258,-2.0326,-1.7909,-15.8416

PRICE_WINDOW_180_ROW_127=20260514,3.39,3.39,3.18,3.22,86000.0,3.382,3.4497,3.4415,3.6132,3.8071,-5.2941,-5.848,-11.2948,1.3469,-6.6576,-6.4361,-20.297

PRICE_WINDOW_180_ROW_128=20260515,3.25,3.44,3.25,3.44,110000.0,3.374,3.4489,3.4345,3.605,3.8022,6.8323,-1.1494,-3.9106,1.6236,-0.2569,0.1601,-14.8515

PRICE_WINDOW_180_ROW_129=20260518,3.45,3.45,3.3,3.41,41000.0,3.374,3.4456,3.431,3.5968,3.7972,-0.8721,0.0,-2.0115,0.6381,-1.0338,-0.6121,-14.75

PRICE_WINDOW_180_ROW_130=20260519,3.27,3.36,3.26,3.36,54000.0,3.366,3.4385,3.426,3.5878,3.7927,-1.4663,-1.1765,-2.8902,0.8151,-2.2826,-1.9264,-16.0

PRICE_WINDOW_180_ROW_131=20260520,3.35,3.41,3.35,3.4,18000.0,3.366,3.4353,3.42,3.5795,3.7878,1.1905,0.0,-3.4091,0.283,-1.027,-0.5848,-15.0

PRICE_WINDOW_180_ROW_132=20260521,3.29,3.47,3.28,3.41,59000.0,3.404,3.4332,3.4155,3.5713,3.7829,0.2941,5.9006,-2.5714,0.8953,-0.675,-0.161,-14.75

PRICE_WINDOW_180_ROW_133=20260522,3.4,3.45,3.35,3.35,3000.0,3.386,3.4262,3.408,3.5623,3.7785,-1.7595,-2.6163,-4.2857,0.0515,-2.2252,-1.7019,-15.8291

PRICE_WINDOW_180_ROW_134=20260525,3.49,3.49,3.35,3.37,3000.0,3.378,3.4216,3.402,3.554,3.7743,0.597,-1.173,-3.4384,0.0533,-1.5068,-0.9406,-15.3266

PRICE_WINDOW_180_ROW_135=20260526,3.39,3.5,3.34,3.34,3000.0,3.374,3.4148,3.3975,3.5452,3.7698,-0.8902,-0.5952,-2.6239,0.0546,-2.1893,-1.6924,-16.0804

PRICE_WINDOW_180_ROW_136=20260527,3.36,3.4,3.3,3.31,3000.0,3.356,3.406,3.393,3.5353,3.765,-0.8982,-2.6471,-2.6471,0.0589,-2.8194,-2.4462,-14.6907

PRICE_WINDOW_180_ROW_137=20260528,3.27,3.64,3.27,3.64,4000.0,3.402,3.4255,3.4005,3.5313,3.7629,9.9698,6.7449,4.298,0.0816,6.2611,7.0431,-6.1856

PRICE_WINDOW_180_ROW_138=20260529,4.0,4.0,4.0,4.0,4000.0,3.532,3.4734,3.43,3.5355,3.7633,9.8901,19.403,17.3021,0.0868,15.161,16.6181,0.0

PRICE_WINDOW_180_ROW_139=20260601,4.4,4.4,4.4,4.4,4000.0,3.738,3.5506,3.4795,3.5457,3.7649,10.0,30.5638,29.0323,0.0941,23.9222,26.455,0.0

PRICE_WINDOW_180_ROW_140=20260602,4.84,4.84,4.84,4.84,5.0,4.038,3.6581,3.55,3.563,3.7701,10.0,44.9102,41.1079,0.0001,32.3104,36.338,0.0

PRICE_WINDOW_180_ROW_141=20260603,5.32,5.32,5.32,5.32,5000.0,4.44,3.7966,3.646,3.5883,3.7806,9.9174,60.7251,56.4706,0.149,40.1269,45.9133,0.0

PRICE_WINDOW_180_ROW_142=20260604,5.85,5.85,5.85,5.85,6000.0,4.882,3.9677,3.7675,3.6242,3.796,9.9624,60.7143,71.0526,0.1896,47.4414,55.2754,0.0

PRICE_WINDOW_180_ROW_143=20260605,6.43,6.43,6.0,6.43,6000.0,5.368,4.1729,3.915,3.6675,3.8162,9.9145,60.75,84.7701,0.1939,54.0905,64.2401,0.0

PRICE_WINDOW_180_ROW_144=20260608,6.5,6.5,5.79,6.13,2055000.0,5.714,4.336,4.051,3.7063,3.8344,-4.6656,39.3182,79.7654,16.0798,41.3756,51.3207,-5.6923

PRICE_WINDOW_180_ROW_145=20260609,6.13,6.15,5.52,5.53,1136000.0,5.852,4.4355,4.1575,3.7355,3.8468,-9.7879,14.2562,62.6471,6.2867,24.6768,33.0126,-14.9231

PRICE_WINDOW_180_ROW_146=20260610,5.46,5.46,4.98,4.98,796000.0,5.784,4.4808,4.2365,3.7555,3.8553,-9.9458,-6.391,46.4706,3.6215,11.1397,17.5499,-23.3846

PRICE_WINDOW_180_ROW_147=20260611,4.5,4.5,4.49,4.49,925000.0,5.512,4.4816,4.3,3.7677,3.8602,-9.8394,-23.2479,39.441,3.5339,0.1872,4.4186,-30.9231

PRICE_WINDOW_180_ROW_148=20260612,4.39,4.93,4.17,4.93,868000.0,5.212,4.519,4.3745,3.7872,3.8683,9.7996,-23.3281,43.314,2.8967,9.0955,12.6986,-24.1538

PRICE_WINDOW_180_ROW_149=20260615,4.56,5.1,4.56,5.01,416000.0,4.988,4.5599,4.4545,3.8095,3.8765,1.6227,-18.2708,46.9208,1.3065,9.871,12.4705,-22.9231

PRICE_WINDOW_180_ROW_150=20260616,5.05,5.51,5.05,5.51,855000.0,4.984,4.6391,4.562,3.8403,3.8884,9.98,-0.3617,63.9881,2.3853,18.7738,20.7804,-15.2308

PRICE_WINDOW_180_ROW_151=20260617,5.61,5.98,5.61,5.98,868000.0,5.184,4.7508,4.691,3.8795,3.9043,8.5299,20.0803,75.8824,2.1649,25.8732,27.4781,-8.0

PRICE_WINDOW_180_ROW_152=20260618,6.06,6.3,5.96,5.96,554000.0,5.478,4.8516,4.8185,3.9183,3.921,-0.3344,32.7394,74.7801,1.3014,22.8466,23.6899,-8.3077

PRICE_WINDOW_180_ROW_153=20260622,5.93,5.93,5.37,5.41,501000.0,5.574,4.8981,4.9215,3.9518,3.9328,-9.2282,9.7363,61.4925,1.1119,10.4507,9.9258,-16.7692
