# PRICE_WINDOW_180

columns=date,open,high,low,close,volume,ma5,ema23,ma20,ma60,ma120,return_1d,return_5d,return_20d,volume_ratio,distance_to_ema23_pct,distance_to_ma20_pct,distance_to_high_60_pct

PRICE_WINDOW_180_ROW_001=20251212,19.85,20.5,19.75,20.2,56000.0,19.64,19.4438,19.515,19.0833,18.737,2.799,4.3928,4.6632,2.4944,3.8893,3.5101,-10.8168

PRICE_WINDOW_180_ROW_002=20251215,20.2,20.55,20.2,20.5,37000.0,19.86,19.5318,19.57,19.1225,18.7608,1.4851,5.6701,5.6701,1.5914,4.9571,4.7522,-9.4923

PRICE_WINDOW_180_ROW_003=20251216,20.9,21.0,20.3,20.55,29000.0,20.09,19.6166,19.6275,19.1483,18.7847,0.2439,5.9278,5.9278,1.2581,4.758,4.7,-9.2715

PRICE_WINDOW_180_ROW_004=20251217,21.8,21.8,20.5,20.55,52000.0,20.29,19.6944,19.685,19.1758,18.8079,0.0,5.1151,5.9278,2.0884,4.3442,4.3942,-9.2715

PRICE_WINDOW_180_ROW_005=20251218,20.55,20.55,20.3,20.55,15000.0,20.47,19.7657,19.7425,19.2058,18.8305,0.0,4.5802,5.9278,0.6,3.9679,4.0902,-9.2715

PRICE_WINDOW_180_ROW_006=20251219,20.2,20.6,20.15,20.45,29000.0,20.52,19.8227,19.795,19.2358,18.8513,-0.4866,1.2376,5.4124,1.2033,3.1643,3.3089,-9.713

PRICE_WINDOW_180_ROW_007=20251222,20.35,20.35,20.35,20.35,1000.0,20.49,19.8667,19.8425,19.2642,18.8703,-0.489,-0.7317,4.8969,0.0419,2.4328,2.5576,-10.1545

PRICE_WINDOW_180_ROW_008=20251223,20.35,20.35,19.95,20.35,36000.0,20.45,19.907,19.8625,19.2925,18.8887,0.0,-0.9732,2.005,1.5517,2.2255,2.4544,-10.1545

PRICE_WINDOW_180_ROW_009=20251224,20.1,20.35,20.0,20.0,20000.0,20.34,19.9147,19.8925,19.3158,18.9025,-1.7199,-2.6764,3.0928,0.9112,0.4283,0.5404,-11.6998

PRICE_WINDOW_180_ROW_010=20251226,19.95,20.3,19.95,20.3,7000.0,20.29,19.9468,19.9325,19.3458,18.9195,1.5,-1.2165,4.1026,0.3226,1.7706,1.8437,-10.3753

PRICE_WINDOW_180_ROW_011=20251229,20.5,20.5,20.4,20.4,5000.0,20.28,19.9846,19.9825,19.3783,18.9373,0.4926,-0.2445,5.1546,0.2415,2.0787,2.0893,-9.9338

PRICE_WINDOW_180_ROW_012=20251230,19.75,20.0,19.75,20.0,14000.0,20.21,19.9859,20.0175,19.405,18.95,-1.9608,-1.7199,3.6269,0.6763,0.0707,-0.0874,-11.6998

PRICE_WINDOW_180_ROW_013=20251231,20.5,20.5,19.95,20.35,43000.0,20.21,20.0162,20.055,19.4375,18.9665,1.75,0.0,3.8265,1.9635,1.6676,1.471,-10.1545

PRICE_WINDOW_180_ROW_014=20260102,20.05,20.1,20.0,20.0,12000.0,20.21,20.0149,20.07,19.4608,18.9785,-1.7199,0.0,1.5228,0.5455,-0.0743,-0.3488,-11.6998

PRICE_WINDOW_180_ROW_015=20260105,20.0,20.0,19.85,20.0,10000.0,20.15,20.0136,20.095,19.4833,18.9902,0.0,-1.4778,2.5641,0.4577,-0.0681,-0.4728,-11.6998

PRICE_WINDOW_180_ROW_016=20260106,19.8,20.0,19.8,20.0,20000.0,20.07,20.0125,20.1275,19.5033,19.0017,0.0,-1.9608,3.3592,0.9009,-0.0624,-0.6335,-11.6998

PRICE_WINDOW_180_ROW_017=20260107,19.9,19.95,19.85,19.9,54000.0,20.05,20.0031,20.1525,19.5217,19.0118,-0.5,-0.5,2.5773,2.1774,-0.5155,-1.2529,-12.1413

PRICE_WINDOW_180_ROW_018=20260108,19.95,20.0,19.95,19.95,8000.0,19.97,19.9987,20.18,19.5408,19.0222,0.2513,-1.9656,2.8351,0.3259,-0.2435,-1.1397,-11.9205

PRICE_WINDOW_180_ROW_019=20260109,19.9,20.0,19.85,20.0,15000.0,19.97,19.9988,20.2025,19.56,19.033,0.2506,0.0,2.3018,0.6237,0.006,-1.0024,-11.6998

PRICE_WINDOW_180_ROW_020=20260112,20.9,20.9,20.4,20.9,80000.0,20.15,20.0739,20.265,19.595,19.0533,4.5,4.5,6.3613,2.9466,4.1153,3.1335,-7.7263

PRICE_WINDOW_180_ROW_021=20260113,21.0,22.2,20.9,21.95,142000.0,20.54,20.2302,20.3525,19.6442,19.0844,5.0239,9.75,8.6634,4.5151,8.5009,7.8492,-3.0905

PRICE_WINDOW_180_ROW_022=20260114,22.35,22.35,21.25,21.25,93000.0,20.81,20.3152,20.39,19.6842,19.1074,-3.1891,6.7839,3.6585,2.7153,4.6014,4.2178,-6.181

PRICE_WINDOW_180_ROW_023=20260115,21.25,21.8,21.2,21.2,49000.0,21.06,20.389,20.4225,19.7225,19.1295,-0.2353,6.2657,3.163,1.3901,3.9779,3.8071,-6.4018

PRICE_WINDOW_180_ROW_024=20260116,21.2,21.6,21.1,21.15,44000.0,21.29,20.4524,20.4525,19.7292,19.1505,-0.2358,5.75,2.9197,1.2626,3.411,3.4103,-6.6225

PRICE_WINDOW_180_ROW_025=20260119,21.1,21.1,20.8,20.85,37000.0,21.28,20.4855,20.4675,19.7342,19.168,-1.4184,-0.2392,1.4599,1.0292,1.7793,1.8688,-6.7114

PRICE_WINDOW_180_ROW_026=20260120,20.85,20.85,20.5,20.5,49000.0,20.99,20.4867,20.47,19.7425,19.1816,-1.6787,-6.6059,0.2445,1.3261,0.0648,0.1466,-8.2774

PRICE_WINDOW_180_ROW_027=20260121,20.45,20.5,20.4,20.4,23000.0,20.82,20.4795,20.4725,19.7575,19.1939,-0.4878,-4.0,0.2457,0.6045,-0.3881,-0.3541,-8.7248

PRICE_WINDOW_180_ROW_028=20260122,21.75,21.75,20.5,20.5,23000.0,20.68,20.4812,20.48,19.78,19.207,0.4902,-3.3019,0.7371,0.615,0.0918,0.0977,-8.2774

PRICE_WINDOW_180_ROW_029=20260123,20.5,20.6,20.1,20.6,39000.0,20.57,20.4911,20.51,19.8058,19.2208,0.4878,-2.6005,3.0,1.0169,0.5315,0.4388,-7.83

PRICE_WINDOW_180_ROW_030=20260126,20.6,21.0,20.6,20.65,29000.0,20.53,20.5043,20.5275,19.8367,19.2348,0.2427,-0.9592,1.7241,0.7351,0.7104,0.5968,-7.6063

PRICE_WINDOW_180_ROW_031=20260127,21.0,21.75,20.9,21.05,134000.0,20.64,20.5498,20.56,19.8717,19.2524,1.937,2.6829,3.1863,2.9194,2.434,2.3833,-5.8166

PRICE_WINDOW_180_ROW_032=20260128,20.95,21.1,20.9,21.1,13000.0,20.78,20.5957,20.615,19.9058,19.2702,0.2375,3.4314,5.5,0.2835,2.4488,2.3527,-5.5928

PRICE_WINDOW_180_ROW_033=20260129,20.95,21.0,20.8,21.0,28000.0,20.88,20.6294,20.6475,19.9517,19.2867,-0.4739,2.439,3.1941,0.6208,1.7967,1.7072,-6.0403

PRICE_WINDOW_180_ROW_034=20260130,21.0,21.05,20.4,20.65,19000.0,20.89,20.6311,20.68,19.9925,19.2995,-1.6667,0.2427,3.25,0.418,0.0917,-0.1451,-7.6063

PRICE_WINDOW_180_ROW_035=20260202,20.3,20.35,20.3,20.35,5000.0,20.83,20.6077,20.6975,20.0267,19.3093,-1.4528,-1.4528,1.75,0.1106,-1.2503,-1.6789,-8.9485

PRICE_WINDOW_180_ROW_036=20260203,20.35,20.65,20.35,20.35,29000.0,20.69,20.5862,20.715,20.0592,19.319,0.0,-3.3254,1.75,0.6353,-1.1473,-1.762,-8.9485

PRICE_WINDOW_180_ROW_037=20260204,20.95,20.95,20.8,20.8,2000.0,20.63,20.604,20.76,20.1017,19.3326,2.2113,-1.4218,4.5226,0.0465,0.9513,0.1927,-6.9351

PRICE_WINDOW_180_ROW_038=20260205,21.0,21.0,20.7,20.7,4000.0,20.57,20.612,20.7975,20.1308,19.345,-0.4808,-1.4286,3.7594,0.0933,0.4269,-0.4688,-7.3826

PRICE_WINDOW_180_ROW_039=20260206,20.5,20.55,20.5,20.55,10000.0,20.55,20.6068,20.825,20.1567,19.3559,-0.7246,-0.4843,2.75,0.2347,-0.2758,-1.3205,-8.0537

PRICE_WINDOW_180_ROW_040=20260209,20.3,20.6,20.2,20.4,15000.0,20.56,20.5896,20.8,20.1783,19.3652,-0.7299,0.2457,-2.3923,0.3812,-0.9208,-1.9231,-8.7248

PRICE_WINDOW_180_ROW_041=20260210,20.45,20.45,20.35,20.35,24000.0,20.56,20.5696,20.72,20.1958,19.3739,-0.2451,0.0,-7.2893,0.7175,-1.0677,-1.7857,-8.9485

PRICE_WINDOW_180_ROW_042=20260211,20.35,20.45,20.35,20.35,23000.0,20.47,20.5513,20.675,20.2117,19.3825,0.0,-2.1635,-4.2353,0.7679,-0.9796,-1.5719,-8.9485

PRICE_WINDOW_180_ROW_043=20260223,20.55,21.0,20.55,20.85,31000.0,20.5,20.5762,20.6575,20.2358,19.3952,2.457,0.7246,-1.6509,1.0671,1.3306,0.9319,-6.7114

PRICE_WINDOW_180_ROW_044=20260224,20.85,21.0,20.85,20.9,8000.0,20.57,20.6032,20.645,20.2608,19.4082,0.2398,1.7032,-1.182,0.2936,1.4406,1.2352,-6.4877

PRICE_WINDOW_180_ROW_045=20260225,21.0,21.2,21.0,21.2,19000.0,20.73,20.6529,20.6625,20.2908,19.4235,1.4354,3.9216,1.6787,0.7211,2.6489,2.6013,-5.1454

PRICE_WINDOW_180_ROW_046=20260226,21.3,21.3,20.95,21.0,11000.0,20.86,20.6819,20.6875,20.3175,19.4369,-0.9434,3.1941,2.439,0.4499,1.5383,1.5106,-6.0403

PRICE_WINDOW_180_ROW_047=20260302,20.7,20.7,20.65,20.65,15000.0,20.92,20.6792,20.7,20.3383,19.4471,-1.6667,1.4742,1.2255,0.6237,-0.1412,-0.2415,-7.6063

PRICE_WINDOW_180_ROW_048=20260303,20.6,20.6,20.55,20.6,6000.0,20.87,20.6726,20.705,20.3492,19.4567,-0.2421,-1.199,0.4878,0.2586,-0.3512,-0.5071,-7.83

PRICE_WINDOW_180_ROW_049=20260304,20.0,20.3,19.9,20.25,21000.0,20.74,20.6374,20.6875,20.3633,19.4513,-1.699,-3.11,-1.699,0.9417,-1.8771,-2.1148,-9.396

PRICE_WINDOW_180_ROW_050=20260305,20.3,20.3,20.25,20.3,19000.0,20.56,20.6093,20.67,20.3767,19.4742,0.2469,-4.2453,-1.6949,0.8716,-1.5006,-1.79,-9.1723

PRICE_WINDOW_180_ROW_051=20260306,20.25,20.35,20.15,20.35,33000.0,20.43,20.5877,20.635,20.3925,19.4942,0.2463,-3.0952,-3.3254,1.9701,-1.1544,-1.3811,-8.9485

PRICE_WINDOW_180_ROW_052=20260309,20.15,20.2,19.85,20.15,19000.0,20.33,20.5512,20.5875,20.4067,19.5254,-0.9828,-2.4213,-4.5024,1.1144,-1.9522,-2.1251,-9.8434

PRICE_WINDOW_180_ROW_053=20260310,20.15,20.15,20.05,20.05,32000.0,20.22,20.5094,20.54,20.4142,19.5571,-0.4963,-2.6699,-4.5238,1.8551,-2.2401,-2.3856,-10.2908

PRICE_WINDOW_180_ROW_054=20260311,19.85,20.15,19.85,20.15,12000.0,20.2,20.4795,20.515,20.4217,19.5892,0.4988,-0.4938,-2.4213,0.7101,-1.6088,-1.7792,-9.8434

PRICE_WINDOW_180_ROW_055=20260312,20.2,20.2,20.05,20.1,9000.0,20.16,20.4479,20.5025,20.4317,19.6212,-0.2481,-0.9852,-1.2285,0.5263,-1.7012,-1.9632,-10.0671

PRICE_WINDOW_180_ROW_056=20260313,19.9,20.1,19.9,20.1,17000.0,20.11,20.4189,20.49,20.4442,19.6542,0.0,-1.2285,-1.2285,1.0303,-1.5616,-1.9034,-10.0671

PRICE_WINDOW_180_ROW_057=20260317,20.0,20.0,19.85,19.9,21000.0,20.06,20.3756,20.445,20.4525,19.6833,-0.995,-1.2407,-4.3269,1.2034,-2.3343,-2.6657,-10.962

PRICE_WINDOW_180_ROW_058=20260318,19.9,20.1,19.9,20.0,42000.0,20.05,20.3443,20.41,20.4625,19.7129,0.5025,-0.2494,-3.3816,2.1705,-1.6925,-2.0088,-10.5145

PRICE_WINDOW_180_ROW_059=20260319,19.95,20.2,19.95,20.2,19000.0,20.06,20.3323,20.3925,20.4733,19.7425,1.0,0.2481,-1.7032,0.9596,-0.6507,-0.944,-9.6197

PRICE_WINDOW_180_ROW_060=20260320,20.2,20.2,19.9,19.9,16000.0,20.02,20.2963,20.3675,20.4775,19.7588,-1.4851,-0.995,-2.451,0.806,-1.9524,-2.2953,-10.962

PRICE_WINDOW_180_ROW_061=20260323,19.1,19.65,19.1,19.65,9000.0,19.93,20.2424,20.3325,20.4683,19.7758,-1.2563,-2.2388,-3.4398,0.4712,-2.9266,-3.3567,-12.0805

PRICE_WINDOW_180_ROW_062=20260324,19.7,20.0,19.5,20.0,21000.0,19.95,20.2222,20.315,20.46,19.7913,1.7812,0.5025,-1.7199,1.1053,-1.0989,-1.5506,-10.5145

PRICE_WINDOW_180_ROW_063=20260325,19.8,19.8,19.8,19.8,3000.0,19.91,20.187,20.2625,20.4475,19.7979,-1.0,-1.0,-5.036,0.1705,-1.9172,-2.2825,-11.4094

PRICE_WINDOW_180_ROW_064=20260326,19.85,19.85,19.65,19.8,212000.0,19.83,20.1548,20.2075,20.435,19.8054,0.0,-1.9802,-5.2632,7.6259,-1.7603,-2.0166,-11.4094

PRICE_WINDOW_180_ROW_065=20260327,19.8,19.85,19.8,19.8,14000.0,19.81,20.1252,20.1375,20.4225,19.8142,0.0,-0.5025,-6.6038,0.5082,-1.6159,-1.676,-11.4094

PRICE_WINDOW_180_ROW_066=20260330,19.8,19.8,19.5,19.65,17000.0,19.81,20.0856,20.07,20.4092,19.8225,-0.7576,0.0,-6.4286,0.6104,-2.1688,-2.0927,-12.0805

PRICE_WINDOW_180_ROW_067=20260331,19.8,19.8,19.65,19.65,7000.0,19.74,20.0493,20.02,20.3975,19.8308,0.0,-1.75,-4.8426,0.255,-1.9916,-1.8482,-12.0805

PRICE_WINDOW_180_ROW_068=20260401,19.8,19.95,19.65,19.65,14000.0,19.71,20.016,19.9725,20.3858,19.8392,0.0,-0.7576,-4.6117,0.5027,-1.8287,-1.6147,-12.0805

PRICE_WINDOW_180_ROW_069=20260407,19.65,19.7,19.65,19.7,4000.0,19.69,19.9897,19.945,20.3808,19.8483,0.2545,-0.5051,-2.716,0.1481,-1.4492,-1.2284,-11.8568

PRICE_WINDOW_180_ROW_070=20260408,19.7,19.9,19.7,19.9,3000.0,19.71,19.9822,19.925,20.3742,19.86,1.0152,0.5051,-1.9704,0.1145,-0.4115,-0.1255,-10.962

PRICE_WINDOW_180_ROW_071=20260409,20.3,20.3,19.85,20.0,11000.0,19.78,19.9837,19.9075,20.3675,19.8729,0.5025,1.7812,-1.7199,0.4382,0.0815,0.4646,-10.5145

PRICE_WINDOW_180_ROW_072=20260410,19.35,19.8,19.35,19.8,22000.0,19.81,19.9684,19.89,20.3642,19.8846,-1.0,0.7634,-1.737,0.8713,-0.8433,-0.4525,-11.4094

PRICE_WINDOW_180_ROW_073=20260413,21.45,21.45,20.4,20.5,68000.0,19.98,20.0127,19.9125,20.3667,19.9021,3.5354,4.3257,2.2444,2.5139,2.435,2.9504,-8.2774

PRICE_WINDOW_180_ROW_074=20260414,21.4,21.4,20.55,20.55,49000.0,20.15,20.0575,19.9325,20.3758,19.9183,0.2439,4.3147,1.9851,1.6955,2.4556,3.098,-8.0537

PRICE_WINDOW_180_ROW_075=20260415,21.95,22.0,21.0,21.1,81000.0,20.39,20.1443,19.9825,20.3942,19.9388,2.6764,6.0302,4.9751,2.4923,4.744,5.5924,-5.5928

PRICE_WINDOW_180_ROW_076=20260416,21.0,21.0,20.85,20.85,23000.0,20.56,20.2032,20.02,20.4083,19.9558,-1.1848,4.25,3.7313,0.7012,3.2017,4.1459,-6.7114

PRICE_WINDOW_180_ROW_077=20260417,20.8,20.8,20.6,20.7,61000.0,20.74,20.2446,20.06,20.4217,19.9717,-0.7194,4.5455,4.0201,1.7529,2.2497,3.1904,-7.3826

PRICE_WINDOW_180_ROW_078=20260420,20.75,20.75,20.5,20.55,41000.0,20.75,20.27,20.0875,20.4317,19.9862,-0.7246,0.2439,2.75,1.1799,1.3813,2.3024,-8.0537

PRICE_WINDOW_180_ROW_079=20260421,20.5,20.6,20.2,20.2,57000.0,20.68,20.2642,20.0875,20.435,19.9975,-1.7032,-1.7032,0.0,1.5553,-0.3167,0.56,-9.6197

PRICE_WINDOW_180_ROW_080=20260422,20.2,20.6,20.2,20.25,122000.0,20.51,20.263,20.105,20.4242,20.0096,0.2475,-4.0284,1.7588,2.9082,-0.0641,0.7212,-9.396

PRICE_WINDOW_180_ROW_081=20260423,20.25,20.25,20.15,20.15,7000.0,20.37,20.2536,20.13,20.3942,20.0192,-0.4938,-3.3573,2.5445,0.1673,-0.5114,0.0994,-9.8434

PRICE_WINDOW_180_ROW_082=20260424,20.15,20.15,20.15,20.15,2000.0,20.26,20.2449,20.1375,20.3758,20.03,0.0,-2.657,0.75,0.0489,-0.469,0.0621,-8.4091

PRICE_WINDOW_180_ROW_083=20260427,20.15,20.25,20.15,20.15,30000.0,20.18,20.237,20.155,20.3583,20.0404,0.0,-1.9465,1.7677,0.7101,-0.4301,-0.0248,-8.4091

PRICE_WINDOW_180_ROW_084=20260428,20.15,20.35,20.15,20.35,13000.0,20.21,20.2464,20.1825,20.345,20.0371,0.9926,0.7426,2.7778,0.4025,0.5115,0.8299,-7.5

PRICE_WINDOW_180_ROW_085=20260429,20.4,20.45,20.35,20.45,9000.0,20.25,20.2634,20.215,20.3383,20.0362,0.4914,0.9877,3.2828,0.2808,0.9208,1.1625,-7.0455

PRICE_WINDOW_180_ROW_086=20260430,20.45,20.45,20.45,20.45,10000.0,20.31,20.279,20.255,20.3375,20.04,0.0,1.4888,4.0712,0.3155,0.8434,0.9627,-7.0455

PRICE_WINDOW_180_ROW_087=20260504,20.5,20.7,20.5,20.5,71000.0,20.38,20.2974,20.2975,20.3392,20.0483,0.2445,1.737,4.3257,2.0344,0.9983,0.9977,-6.8182

PRICE_WINDOW_180_ROW_088=20260505,20.5,20.5,20.45,20.45,33000.0,20.44,20.3101,20.3375,20.3383,20.0592,-0.2439,1.4888,4.0712,0.9205,0.6888,0.5532,-7.0455

PRICE_WINDOW_180_ROW_089=20260506,20.35,20.7,20.35,20.35,32000.0,20.44,20.3134,20.37,20.3342,20.07,-0.489,0.0,3.2995,0.8591,0.1801,-0.0982,-7.5

PRICE_WINDOW_180_ROW_090=20260507,20.35,20.35,20.0,20.15,51000.0,20.38,20.2998,20.3825,20.3258,20.0812,-0.9828,-1.467,1.2563,1.2863,-0.738,-1.1407,-8.4091

PRICE_WINDOW_180_ROW_091=20260508,20.15,20.15,20.05,20.1,32000.0,20.31,20.2832,20.3875,20.31,20.0908,-0.2481,-1.7115,0.5,0.7862,-0.903,-1.4102,-8.6364

PRICE_WINDOW_180_ROW_092=20260511,20.25,20.5,20.25,20.45,57000.0,20.3,20.2971,20.42,20.2992,20.1025,1.7413,-0.2439,3.2828,1.3428,0.7535,0.1469,-7.0455

PRICE_WINDOW_180_ROW_093=20260512,20.5,20.6,20.45,20.6,75000.0,20.33,20.3223,20.425,20.2925,20.1221,0.7335,0.7335,0.4878,1.7523,1.3665,0.8568,-6.3636

PRICE_WINDOW_180_ROW_094=20260513,20.55,22.65,20.5,22.4,650000.0,20.74,20.4954,20.5175,20.3217,20.1571,8.7379,10.0737,9.0024,8.9224,9.2926,9.1751,-1.1038

PRICE_WINDOW_180_ROW_095=20260514,22.35,22.35,21.0,21.5,251000.0,21.01,20.5792,20.5375,20.3408,20.1838,-4.0179,6.6998,1.8957,3.0854,4.4746,4.6865,-5.0773

PRICE_WINDOW_180_ROW_096=20260515,21.25,21.25,21.05,21.15,38000.0,21.22,20.6267,20.5525,20.3542,20.2067,-1.6279,5.2239,1.4388,0.4629,2.5369,2.9072,-6.6225

PRICE_WINDOW_180_ROW_097=20260518,21.1,21.2,21.1,21.15,15000.0,21.36,20.6703,20.575,20.36,20.2308,0.0,3.423,2.1739,0.188,2.3206,2.7947,-6.6225

PRICE_WINDOW_180_ROW_098=20260519,21.15,21.2,21.15,21.15,9000.0,21.47,20.7103,20.605,20.3675,20.2492,0.0,2.6699,2.9197,0.1151,2.1231,2.645,-6.6225

PRICE_WINDOW_180_ROW_099=20260520,21.15,21.15,20.7,21.05,26000.0,21.2,20.7386,20.6475,20.3758,20.2663,-0.4728,-6.0268,4.2079,0.3392,1.5015,1.9494,-7.064

PRICE_WINDOW_180_ROW_100=20260521,21.05,21.05,20.5,21.05,37000.0,21.11,20.7646,20.6875,20.3867,20.2825,0.0,-2.093,3.9506,0.511,1.3746,1.7523,-7.064

PRICE_WINDOW_180_ROW_101=20260522,20.6,22.0,20.6,21.05,21000.0,21.09,20.7883,20.7325,20.3983,20.2971,0.0,-0.4728,4.4665,0.2873,1.2586,1.5314,-7.064

PRICE_WINDOW_180_ROW_102=20260525,21.05,21.5,20.75,21.45,21000.0,21.15,20.8435,20.7975,20.4167,20.3142,1.9002,1.4184,6.4516,0.2836,2.9098,3.1374,-5.298

PRICE_WINDOW_180_ROW_103=20260526,21.2,21.4,21.1,21.4,21000.0,21.2,20.8899,20.86,20.4258,20.3308,-0.2331,1.182,6.2035,0.2853,2.442,2.5887,-5.5188

PRICE_WINDOW_180_ROW_104=20260527,21.2,21.4,20.6,21.2,21000.0,21.23,20.9157,20.9025,20.4308,20.3458,-0.9346,0.7126,4.1769,0.2838,1.3592,1.4233,-6.4018

PRICE_WINDOW_180_ROW_105=20260528,20.65,21.3,20.55,21.05,21000.0,21.23,20.9269,20.9325,20.4283,20.3596,-0.7075,0.0,2.934,0.2815,0.5882,0.5613,-7.064

PRICE_WINDOW_180_ROW_106=20260529,20.9,21.4,20.55,20.9,21000.0,21.2,20.9247,20.955,20.4267,20.3721,-0.7126,-0.7126,2.2005,0.2794,-0.1178,-0.2625,-7.7263

PRICE_WINDOW_180_ROW_107=20260601,20.4,21.0,20.35,20.75,21000.0,21.06,20.9101,20.9675,20.4283,20.3833,-0.7177,-3.2634,1.2195,0.2891,-0.7657,-1.0373,-8.3885

PRICE_WINDOW_180_ROW_108=20260602,22.65,22.65,21.0,21.15,22.0,21.01,20.9301,21.0025,20.4375,20.3933,1.9277,-1.1682,3.423,0.0003,1.0507,0.7023,-6.6225

PRICE_WINDOW_180_ROW_109=20260603,21.0,21.5,21.0,21.2,21000.0,21.01,20.9526,21.045,20.4533,20.4083,0.2364,0.0,4.1769,0.2981,1.1808,0.7365,-6.4018

PRICE_WINDOW_180_ROW_110=20260604,21.2,21.2,20.9,21.05,21000.0,21.01,20.9607,21.09,20.4658,20.4212,-0.7075,0.0,4.4665,0.3046,0.426,-0.1897,-7.064

PRICE_WINDOW_180_ROW_111=20260605,21.05,21.1,20.75,21.05,21000.0,21.04,20.9681,21.1375,20.4775,20.435,0.0,0.7177,4.7264,0.307,0.3904,-0.414,-7.064

PRICE_WINDOW_180_ROW_112=20260608,20.75,21.5,20.75,20.75,43000.0,21.04,20.95,21.1525,20.4875,20.4471,-1.4252,0.0,1.467,0.6351,-0.9545,-1.9028,-8.3885

PRICE_WINDOW_180_ROW_113=20260609,20.85,21.6,20.85,21.3,39000.0,21.07,20.9791,21.1875,20.5083,20.4612,2.6506,0.7092,3.3981,0.5918,1.5294,0.531,-5.9603

PRICE_WINDOW_180_ROW_114=20260610,21.9,22.0,21.5,21.5,67000.0,21.13,21.0225,21.1425,20.5308,20.4762,0.939,1.4151,-4.0179,1.8231,2.2712,1.6909,-5.0773

PRICE_WINDOW_180_ROW_115=20260611,21.3,21.3,20.7,20.9,21000.0,21.1,21.0123,21.1125,20.5442,20.4879,-2.7907,-0.7126,-2.7907,0.8316,-0.5346,-1.0065,-7.7263

PRICE_WINDOW_180_ROW_116=20260612,21.0,21.1,20.35,20.85,59000.0,21.06,20.9988,21.0975,20.5567,20.5004,-0.2392,-0.9501,-1.4184,2.2433,-0.7086,-1.1731,-7.947

PRICE_WINDOW_180_ROW_117=20260615,20.85,21.0,20.5,20.75,50000.0,21.06,20.9781,21.0775,20.5708,20.5117,-0.4796,0.0,-1.8913,1.7825,-1.0872,-1.5538,-8.3885

PRICE_WINDOW_180_ROW_118=20260616,20.6,20.95,20.6,20.65,20000.0,20.93,20.9507,21.0525,20.5817,20.5221,-0.4819,-3.0516,-2.3641,0.6993,-1.4354,-1.9119,-8.83

PRICE_WINDOW_180_ROW_119=20260617,20.35,20.65,20.35,20.65,6000.0,20.76,20.9257,21.0325,20.5892,20.5312,0.0,-3.9535,-1.9002,0.2174,-1.3174,-1.8186,-8.83

PRICE_WINDOW_180_ROW_120=20260618,20.65,20.7,20.4,20.7,7000.0,20.72,20.9069,21.015,20.6025,20.54,0.2421,-0.9569,-1.6627,0.2682,-0.9895,-1.4989,-8.6093

PRICE_WINDOW_180_ROW_121=20260622,20.5,21.2,20.4,20.95,12000.0,20.74,20.9105,21.01,20.6242,20.5462,1.2077,0.4796,-0.4751,0.4678,0.1891,-0.2856,-7.5055

PRICE_WINDOW_180_ROW_122=20260623,20.7,20.7,20.6,20.6,3000.0,20.71,20.8846,20.9675,20.6342,20.5471,-1.6706,-0.7229,-3.9627,0.1212,-1.3627,-1.7527,-9.0508

PRICE_WINDOW_180_ROW_123=20260624,20.4,20.5,20.4,20.5,11000.0,20.68,20.8525,20.9225,20.6458,20.5467,-0.4854,-0.7264,-4.2056,0.4536,-1.6906,-2.0194,-9.4923

PRICE_WINDOW_180_ROW_124=20260625,20.0,20.5,20.0,20.4,38000.0,20.63,20.8148,20.8825,20.6558,20.5454,-0.4878,-1.2107,-3.7736,1.5139,-1.9929,-2.3105,-9.9338

PRICE_WINDOW_180_ROW_125=20260626,20.05,20.05,18.8,20.05,23000.0,20.5,20.7511,20.8325,20.66,20.5413,-1.7157,-3.1401,-4.7506,0.9127,-3.3786,-3.7562,-11.479

PRICE_WINDOW_180_ROW_126=20260629,20.05,20.05,19.2,20.0,45000.0,20.31,20.6885,20.7875,20.6658,20.5375,-0.2494,-4.5346,-4.3062,1.7045,-3.3279,-3.7883,-11.6998

PRICE_WINDOW_180_ROW_127=20260630,20.0,20.05,19.85,19.95,24000.0,20.18,20.627,20.7475,20.6708,20.5342,-0.25,-3.1553,-3.8554,0.9039,-3.2819,-3.8438,-11.9205

PRICE_WINDOW_180_ROW_128=20260701,20.0,20.1,19.6,20.1,18000.0,20.1,20.583,20.695,20.6783,20.5321,0.7519,-1.9512,-4.9645,0.6557,-2.3468,-2.8751,-11.2583

PRICE_WINDOW_180_ROW_129=20260702,20.1,20.1,20.1,20.1,6000.0,20.04,20.5428,20.64,20.685,20.5329,0.0,-1.4706,-5.1887,0.2247,-2.1555,-2.6163,-11.2583

PRICE_WINDOW_180_ROW_130=20260703,19.95,19.95,19.2,19.9,28000.0,20.01,20.4892,20.5825,20.685,20.5296,-0.995,-0.7481,-5.4632,1.0351,-2.8758,-3.3159,-12.1413

PRICE_WINDOW_180_ROW_131=20260706,19.5,19.55,19.4,19.5,22000.0,19.91,20.4068,20.505,20.6767,20.5221,-2.0101,-2.5,-7.3634,0.8118,-4.4436,-4.9012,-13.9073

PRICE_WINDOW_180_ROW_132=20260707,19.25,19.4,19.2,19.2,10000.0,19.76,20.3062,20.4275,20.6667,20.5154,-1.5385,-3.7594,-7.4699,0.3929,-5.4477,-6.0091,-15.2318

PRICE_WINDOW_180_ROW_133=20260708,19.35,19.6,19.15,19.15,13000.0,19.57,20.2099,20.32,20.6442,20.5054,-0.2604,-4.7264,-10.0939,0.5383,-5.2443,-5.7579,-15.4525

PRICE_WINDOW_180_ROW_134=20260709,19.5,19.75,19.3,19.75,6000.0,19.5,20.1715,20.2325,20.6308,20.5033,3.1332,-1.7413,-8.1395,0.2844,-2.0898,-2.3848,-12.8035

PRICE_WINDOW_180_ROW_135=20260713,19.95,19.95,19.5,19.5,24000.0,19.42,20.1156,20.1625,20.6042,20.4992,-1.2658,-2.0101,-6.6986,1.1294,-3.0602,-3.2858,-13.9073

PRICE_WINDOW_180_ROW_136=20260714,19.3,19.6,18.1,19.6,25000.0,19.44,20.0726,20.1,20.5833,20.4958,0.5128,0.5128,-5.9952,1.2788,-2.3546,-2.4876,-13.4658

PRICE_WINDOW_180_ROW_137=20260715,19.5,19.55,19.25,19.25,7000.0,19.45,20.0041,20.025,20.5592,20.4904,-1.7857,0.2604,-7.2289,0.4023,-3.7696,-3.8702,-15.011

PRICE_WINDOW_180_ROW_138=20260716,19.4,19.9,19.25,19.9,4000.0,19.6,19.9954,19.9875,20.5483,20.49,3.3766,3.9164,-3.632,0.241,-0.4771,-0.4378,-12.1413

PRICE_WINDOW_180_ROW_139=20260717,19.35,19.35,18.65,18.7,14000.0,19.39,19.8874,19.89,20.5233,20.4792,-6.0302,-5.3165,-9.4431,0.8235,-5.9708,-5.9829,-17.4393

PRICE_WINDOW_180_ROW_140=20260720,18.5,18.8,18.2,18.3,11000.0,19.15,19.7552,19.77,20.4908,20.4575,-2.139,-6.1538,-11.5942,0.6395,-7.366,-7.4355,-19.2053

PRICE_WINDOW_180_ROW_141=20260721,18.6,19.5,18.6,19.5,2000.0,19.13,19.7339,19.6975,20.48,20.4371,6.5574,-0.5102,-6.9212,0.1198,-1.1853,-1.0027,-13.9073

PRICE_WINDOW_180_ROW_142=20260723,19.0,19.55,19.0,19.5,4000.0,19.18,19.7144,19.6425,20.4692,20.4225,0.0,1.2987,-5.3398,0.2388,-1.0876,-0.7255,-13.9073

PRICE_WINDOW_180_ROW_143=20260727,18.5,19.35,18.4,19.35,11000.0,19.07,19.684,19.585,20.4558,20.4071,-0.7692,-2.7638,-5.6098,0.6567,-1.697,-1.1999,-14.5695

PRICE_WINDOW_180_ROW_144=20260728,18.5,19.1,18.5,19.1,6000.0,19.15,19.6354,19.52,20.435,20.39,-1.292,2.139,-6.3725,0.396,-2.7266,-2.1516,-15.6733

PRICE_WINDOW_180_ROW_145=20260729,18.5,19.25,18.5,19.25,7000.0,19.34,19.6033,19.48,20.415,20.3767,0.7853,5.1913,-3.99,0.4878,-1.802,-1.1807,-15.011

PRICE_WINDOW_180_ROW_146=20260730,18.6,19.0,18.0,19.0,25000.0,19.24,19.553,19.43,20.3908,20.3642,-1.2987,-2.5641,-5.0,1.8727,-2.8281,-2.2131,-16.1148

PRICE_WINDOW_180_ROW_147=20260731,18.5,18.85,18.0,18.35,49000.0,19.01,19.4527,19.35,20.355,20.3471,-3.4211,-5.8974,-8.0201,3.3562,-5.6688,-5.168,-18.9845

PRICE_WINDOW_180_ROW_148=20260803,18.0,18.6,17.35,18.25,60000.0,18.79,19.3525,19.2575,20.3183,20.3283,-0.545,-5.6848,-9.204,3.5928,-5.697,-5.2317,-19.426

PRICE_WINDOW_180_ROW_149=20260804,18.3,18.3,18.0,18.25,5000.0,18.62,19.2606,19.165,20.2833,20.3087,0.0,-4.4503,-9.204,0.3003,-5.2471,-4.7743,-19.426

PRICE_WINDOW_180_ROW_150=20260805,17.95,18.35,17.5,17.75,26000.0,18.32,19.1347,19.0575,20.2433,20.2846,-2.7397,-7.7922,-10.804,1.571,-7.2368,-6.8608,-21.6336

PRICE_WINDOW_180_ROW_151=20260806,17.65,18.05,16.5,17.3,69000.0,17.98,18.9818,18.9475,20.1967,20.2533,-2.5352,-8.9474,-11.2821,3.6508,-8.8603,-8.6951,-23.6203

PRICE_WINDOW_180_ROW_152=20260807,17.15,17.5,16.9,17.1,10000.0,17.73,18.825,18.8425,20.1408,20.22,-1.1561,-6.812,-10.9375,0.5291,-9.1635,-9.2477,-24.5033

PRICE_WINDOW_180_ROW_153=20260810,16.9,17.5,16.8,17.05,17000.0,17.49,18.6771,18.7375,20.0817,20.1871,-0.2924,-6.5753,-10.9661,0.8901,-8.7118,-9.006,-24.7241

PRICE_WINDOW_180_ROW_154=20260811,17.4,17.4,17.3,17.3,12000.0,17.3,18.5624,18.615,19.9967,20.1592,1.4663,-5.2055,-12.4051,0.6186,-6.8006,-7.0642,-23.6203

PRICE_WINDOW_180_ROW_155=20260812,17.5,17.75,17.2,17.45,14000.0,17.24,18.4697,18.5125,19.9292,20.135,0.8671,-1.6901,-10.5128,0.7407,-5.5207,-5.7394,-22.9581

PRICE_WINDOW_180_ROW_156=20260813,17.0,17.85,16.85,17.7,22000.0,17.32,18.4055,18.4175,19.8717,20.1129,1.4327,2.3121,-9.6939,1.1733,-3.8332,-3.8958,-21.8543

PRICE_WINDOW_180_ROW_157=20260814,17.75,17.75,17.75,17.75,2000.0,17.45,18.3509,18.3425,19.815,20.0875,0.2825,3.8012,-7.7922,0.1081,-3.2744,-3.2302,-21.6336

PRICE_WINDOW_180_ROW_158=20260817,17.1,17.15,17.05,17.05,14000.0,17.45,18.2425,18.2,19.7467,20.0571,-3.9437,0.0,-14.3216,0.7368,-6.5368,-6.3187,-24.7241

PRICE_WINDOW_180_ROW_159=20260818,17.05,17.05,16.9,17.05,6000.0,17.4,18.1431,18.1175,19.68,20.0279,0.0,-1.4451,-8.8235,0.3226,-6.0249,-5.8921,-24.7241

PRICE_WINDOW_180_ROW_160=20260819,16.9,17.25,16.9,17.1,4000.0,17.33,18.0562,18.0575,19.6142,20.0004,0.2933,-2.0057,-6.5574,0.2192,-5.2956,-5.3025,-24.5033

PRICE_WINDOW_180_ROW_161=20260820,16.85,17.4,16.85,17.4,2000.0,17.27,18.0015,17.9525,19.5533,19.9758,1.7544,-1.6949,-10.7692,0.1096,-3.3414,-3.0776,-23.1788

PRICE_WINDOW_180_ROW_162=20260821,17.2,17.4,17.2,17.4,6000.0,17.2,17.9514,17.8475,19.4858,19.9513,0.0,-1.9718,-10.7692,0.327,-3.0715,-2.5074,-23.1788

PRICE_WINDOW_180_ROW_163=20260824,17.5,18.1,17.5,17.7,11000.0,17.33,17.9304,17.765,19.4242,19.925,1.7241,3.8123,-8.5271,0.5995,-1.2851,-0.3659,-21.8543

PRICE_WINDOW_180_ROW_164=20260825,17.7,17.7,17.25,17.7,5000.0,17.46,17.9112,17.695,19.3658,19.8983,0.0,3.8123,-7.3298,0.2732,-1.1793,0.0283,-21.8543

PRICE_WINDOW_180_ROW_165=20260826,17.15,17.75,17.1,17.75,9000.0,17.59,17.8978,17.62,19.3108,19.8696,0.2825,3.8012,-7.7922,0.4891,-0.8257,0.7378,-21.6336

PRICE_WINDOW_180_ROW_166=20260827,17.7,18.05,17.7,18.05,9000.0,17.72,17.9105,17.5725,19.2633,19.845,1.6901,3.7356,-5.0,0.5114,0.779,2.7173,-20.3091

PRICE_WINDOW_180_ROW_167=20260828,18.05,18.05,18.05,18.05,1000.0,17.85,17.9221,17.5575,19.2183,19.8233,0.0,3.7356,-1.6349,0.0658,0.7136,2.8051,-20.3091

PRICE_WINDOW_180_ROW_168=20260831,18.0,18.05,17.5,18.0,13000.0,17.91,17.9286,17.545,19.1658,19.8017,-0.277,1.6949,-1.3699,1.0117,0.3983,2.5933,-18.1818

PRICE_WINDOW_180_ROW_169=20260902,17.85,17.9,17.85,17.9,6000.0,17.95,17.9262,17.5275,19.1108,19.7821,-0.5556,1.1299,-1.9178,0.4651,-0.1462,2.1252,-18.6364

PRICE_WINDOW_180_ROW_170=20260903,17.7,17.8,17.7,17.8,6000.0,17.96,17.9157,17.53,19.0567,19.7612,-0.5587,0.2817,0.2817,0.5042,-0.6458,1.5402,-19.0909

PRICE_WINDOW_180_ROW_171=20260904,17.3,17.75,17.3,17.75,5000.0,17.9,17.9019,17.5525,19.0017,19.7396,-0.2809,-1.662,2.6012,0.5747,-0.8484,1.1252,-19.3182

PRICE_WINDOW_180_ROW_172=20260907,17.5,17.5,17.5,17.5,1000.0,17.79,17.8684,17.5725,18.9475,19.7175,-1.4085,-3.0471,2.3392,0.1212,-2.0617,-0.4126,-20.4545

PRICE_WINDOW_180_ROW_173=20260909,17.5,17.5,17.5,17.5,6000.0,17.69,17.8377,17.595,18.8842,19.6962,0.0,-2.7778,2.6393,0.7792,-1.8932,-0.5399,-20.4545

PRICE_WINDOW_180_ROW_174=20260910,17.5,17.75,17.2,17.75,17000.0,17.66,17.8304,17.6175,18.8217,19.6762,1.4286,-0.838,2.6012,2.1384,-0.4508,0.7521,-16.6667

PRICE_WINDOW_180_ROW_175=20260911,17.85,17.85,17.85,17.85,1000.0,17.67,17.832,17.6375,18.7708,19.6575,0.5634,0.2809,2.2923,0.137,0.1008,1.2048,-15.8019

PRICE_WINDOW_180_ROW_176=20260914,17.0,17.85,16.5,17.5,37000.0,17.62,17.8044,17.6275,18.715,19.6358,-1.9608,-1.4085,-1.1299,4.5963,-1.7094,-0.7233,-17.4528

PRICE_WINDOW_180_ROW_177=20260915,16.45,17.3,16.45,16.8,9000.0,17.48,17.7207,17.58,18.6492,19.61,-4.0,-4.0,-5.3521,1.0714,-5.1954,-4.4369,-20.7547

PRICE_WINDOW_180_ROW_178=20260916,16.7,17.35,16.65,17.3,12000.0,17.44,17.6856,17.5925,18.5933,19.5875,2.9762,-1.1429,1.4663,1.4458,-2.1803,-1.6626,-18.3962

PRICE_WINDOW_180_ROW_179=20260917,16.65,17.4,16.65,17.1,9000.0,17.31,17.6368,17.595,18.5342,19.5617,-1.1561,-3.662,0.2933,1.0651,-3.0436,-2.8133,-19.3396

PRICE_WINDOW_180_ROW_180=20260918,16.8,17.55,16.7,17.55,13000.0,17.25,17.6296,17.6175,18.4817,19.5421,2.6316,-1.6807,2.6316,1.4607,-0.4513,-0.3831,-17.217
