# PRICE_WINDOW_180

columns=date,open,high,low,close,volume,ma5,ema23,ma20,ma60,ma120,return_1d,return_5d,return_20d,volume_ratio,distance_to_ema23_pct,distance_to_ma20_pct,distance_to_high_60_pct

PRICE_WINDOW_180_ROW_001=20251031,178.5,183.0,172.5,173.0,14106231.0,173.8,157.0679,157.325,137.55,131.8333,-2.2599,15.3333,14.9502,1.1904,10.1435,9.9635,-6.7385

PRICE_WINDOW_180_ROW_002=20251103,173.0,176.0,169.5,173.0,9922460.0,176.3,158.3956,158.975,138.0833,132.3708,0.0,7.7882,23.5714,0.8513,9.2202,8.8221,-6.7385

PRICE_WINDOW_180_ROW_003=20251104,178.5,180.5,174.0,174.0,22428985.0,175.8,159.6959,160.375,138.6667,132.9125,0.578,-1.4164,19.1781,1.8053,8.9571,8.4957,-6.1995

PRICE_WINDOW_180_ROW_004=20251105,168.0,175.0,165.5,172.5,15981054.0,173.9,160.7629,161.65,139.225,133.4708,-0.8621,-5.2198,17.3469,1.2364,7.3009,6.712,-7.0081

PRICE_WINDOW_180_ROW_005=20251106,174.0,174.5,167.0,170.0,13098349.0,172.5,161.5327,162.6,139.9583,133.9875,-1.4493,-3.9548,12.5828,1.0194,5.2419,4.551,-8.3558

PRICE_WINDOW_180_ROW_006=20251107,170.0,173.0,166.0,170.0,10690692.0,171.9,162.2383,163.5,140.7333,134.5083,0.0,-1.7341,11.8421,0.8154,4.7841,3.9755,-8.3558

PRICE_WINDOW_180_ROW_007=20251110,171.0,173.0,164.5,172.0,15523655.0,171.7,163.0518,164.2,141.5583,135.0167,1.1765,-0.578,8.8608,1.1673,5.488,4.7503,-7.2776

PRICE_WINDOW_180_ROW_008=20251111,173.5,177.5,168.0,169.5,15520704.0,170.8,163.5891,164.775,142.3417,135.4792,-1.4535,-2.5862,7.2785,1.1313,3.6132,2.8675,-8.6253

PRICE_WINDOW_180_ROW_009=20251112,170.0,172.5,167.0,168.0,8656183.0,169.9,163.9567,165.225,143.1417,135.925,-0.885,-2.6087,5.6604,0.6344,2.4661,1.6795,-9.434

PRICE_WINDOW_180_ROW_010=20251113,171.5,174.5,168.5,170.0,16932692.0,169.9,164.4603,166.05,143.9417,136.3833,1.1905,0.0,10.7492,1.1965,3.3684,2.3788,-8.3558

PRICE_WINDOW_180_ROW_011=20251114,165.5,166.0,160.0,160.5,11552084.0,168.0,164.1303,166.7,144.5833,136.7208,-5.5882,-5.5882,8.8136,0.8119,-2.2118,-3.7193,-13.4771

PRICE_WINDOW_180_ROW_012=20251117,164.0,167.5,161.0,164.5,11983611.0,166.5,164.1611,167.125,145.3083,137.0958,2.4922,-4.3605,5.4487,0.8304,0.2064,-1.5707,-11.3208

PRICE_WINDOW_180_ROW_013=20251118,162.0,165.5,160.0,160.5,12755414.0,164.7,163.856,167.35,145.9583,137.4458,-2.4316,-5.3097,2.8846,0.8553,-2.0481,-4.0932,-13.4771

PRICE_WINDOW_180_ROW_014=20251119,159.0,159.5,153.0,154.0,10946283.0,161.9,163.0347,167.45,146.475,137.7625,-4.0498,-8.3333,1.3158,0.7177,-5.5416,-8.0322,-16.9811

PRICE_WINDOW_180_ROW_015=20251120,160.0,161.5,157.0,158.5,9120046.0,159.6,162.6568,167.8,147.0583,138.1125,2.9221,-6.7647,4.6205,0.5864,-2.5556,-5.5423,-14.5553

PRICE_WINDOW_180_ROW_016=20251121,151.0,153.5,149.0,151.0,7972428.0,157.7,161.6854,167.85,147.5417,138.3875,-4.7319,-5.919,0.6667,0.5042,-6.6087,-10.0387,-18.5984

PRICE_WINDOW_180_ROW_017=20251124,152.5,153.0,148.0,151.5,6408860.0,155.1,160.8366,167.4,148.0333,138.6542,0.3311,-7.9027,-5.6075,0.417,-5.805,-9.4982,-18.3288

PRICE_WINDOW_180_ROW_018=20251125,155.0,155.0,151.0,152.0,4108361.0,153.4,160.1002,166.175,148.5667,138.9333,0.33,-5.296,-13.881,0.2885,-5.0595,-8.5302,-18.0593

PRICE_WINDOW_180_ROW_019=20251126,152.5,154.5,151.0,154.5,4022228.0,153.5,159.6335,164.8,149.2,139.25,1.6447,0.3247,-15.1099,0.3369,-3.2158,-6.25,-16.7116

PRICE_WINDOW_180_ROW_020=20251127,155.5,156.5,154.5,155.5,3772581.0,152.9,159.2891,163.725,149.8,139.5708,0.6472,-1.8927,-12.1469,0.3346,-2.3787,-5.0237,-16.1725

PRICE_WINDOW_180_ROW_021=20251128,156.5,158.5,155.0,157.0,3164560.0,154.1,159.0983,162.925,150.4667,139.9042,0.9646,3.9735,-9.2486,0.295,-1.3189,-3.6366,-15.3639

PRICE_WINDOW_180_ROW_022=20251201,159.0,159.0,153.0,153.5,6457847.0,154.5,158.6318,161.95,151.05,140.2375,-2.2293,1.3201,-11.2717,0.6118,-3.235,-5.2177,-17.2507

PRICE_WINDOW_180_ROW_023=20251202,154.0,157.5,153.5,155.5,4605514.0,155.2,158.3708,161.025,151.6667,140.5667,1.3029,2.3026,-10.6322,0.4766,-1.8127,-3.4311,-16.1725

PRICE_WINDOW_180_ROW_024=20251203,157.5,161.5,156.5,158.5,7053961.0,156.0,158.3816,160.325,152.3167,140.9,1.9293,2.589,-8.1159,0.7653,0.0748,-1.1383,-14.5553

PRICE_WINDOW_180_ROW_025=20251204,158.5,158.5,154.0,156.0,6120583.0,156.1,158.1831,159.625,152.9417,141.2,-1.5773,0.3215,-8.2353,0.6902,-1.3801,-2.2709,-15.903

PRICE_WINDOW_180_ROW_026=20251205,156.5,157.5,155.0,157.0,3762356.0,156.1,158.0845,158.975,153.575,141.4667,0.641,0.0,-7.6471,0.4415,-0.686,-1.2423,-15.3639

PRICE_WINDOW_180_ROW_027=20251208,159.5,161.5,157.5,160.0,6247724.0,157.4,158.2441,158.375,154.2583,141.75,1.9108,4.2345,-6.9767,0.7753,1.1096,1.026,-13.7466

PRICE_WINDOW_180_ROW_028=20251209,161.5,164.0,160.0,160.5,6476257.0,158.4,158.4321,157.925,154.9417,142.0125,0.3125,3.2154,-5.3097,0.8515,1.3052,1.6305,-13.4771

PRICE_WINDOW_180_ROW_029=20251210,161.5,162.0,157.5,159.0,5793251.0,158.5,158.4795,157.475,155.6,142.2542,-0.9346,0.3155,-5.3571,0.7763,0.3285,0.9684,-14.2857

PRICE_WINDOW_180_ROW_030=20251211,160.0,164.5,158.5,162.0,6452161.0,159.7,158.7728,157.075,156.3,142.5208,1.8868,3.8462,-4.7059,0.9299,2.0326,3.1354,-12.6685

PRICE_WINDOW_180_ROW_031=20251212,162.5,167.0,161.5,162.0,7978882.0,160.7,159.0418,157.15,156.9917,142.7917,0.0,3.1847,0.9346,1.1803,1.86,3.0862,-12.6685

PRICE_WINDOW_180_ROW_032=20251215,159.0,161.5,156.5,159.0,10023571.0,160.5,159.0383,156.875,157.5417,143.0167,-1.8519,-0.625,-3.3435,1.5046,-0.0241,1.3546,-14.2857

PRICE_WINDOW_180_ROW_033=20251216,158.5,161.5,152.0,155.5,12512707.0,159.5,158.7434,156.625,158.0167,143.2125,-2.2013,-3.1153,-3.1153,1.8816,-2.0432,-0.7183,-16.1725

PRICE_WINDOW_180_ROW_034=20251217,156.5,165.0,156.0,162.0,12984458.0,160.1,159.0148,157.025,158.5583,143.4542,4.1801,1.8868,5.1948,1.9231,1.8773,3.1683,-12.6685

PRICE_WINDOW_180_ROW_035=20251218,164.5,165.0,160.0,161.5,10915227.0,160.0,159.2219,157.175,158.8333,143.7167,-0.3086,-0.3086,1.8927,1.5954,1.4308,2.7517,-12.938

PRICE_WINDOW_180_ROW_036=20251219,165.0,165.0,159.0,159.0,9825169.0,159.4,159.2034,157.575,158.9917,143.9542,-1.548,-1.8519,5.298,1.4169,-0.1278,0.9043,-14.2857

PRICE_WINDOW_180_ROW_037=20251222,164.0,174.5,164.0,172.0,22521829.0,162.0,160.2698,158.6,159.35,144.3167,8.1761,8.1761,13.5314,2.9098,7.319,8.4489,-7.2776

PRICE_WINDOW_180_ROW_038=20251223,170.0,171.0,163.0,164.0,15214683.0,163.7,160.5806,159.2,159.5667,144.575,-4.6512,5.4662,7.8947,1.8341,2.1294,3.0151,-11.5903

PRICE_WINDOW_180_ROW_039=20251224,164.0,166.5,162.0,164.5,9861013.0,164.2,160.9073,159.7,159.8,144.8458,0.3049,1.5432,6.4725,1.1483,2.2328,3.0056,-11.3208

PRICE_WINDOW_180_ROW_040=20251226,169.5,180.0,166.5,175.0,33706193.0,166.9,162.0817,160.675,160.2,145.2083,6.383,8.3591,12.5402,3.3426,7.9703,8.9155,-5.6604

PRICE_WINDOW_180_ROW_041=20251229,175.0,177.5,169.5,176.5,15895382.0,170.4,163.2832,161.65,160.6333,145.5792,0.8571,11.0063,12.4204,1.4827,8.0944,9.1865,-4.8518

PRICE_WINDOW_180_ROW_042=20251230,176.5,177.5,173.0,175.0,7416558.0,171.0,164.2596,162.725,161.2167,145.9417,-0.8499,1.7442,14.0065,0.6887,6.5387,7.5434,-5.6604

PRICE_WINDOW_180_ROW_043=20251231,175.0,179.0,173.0,173.0,10070269.0,172.8,164.988,163.6,161.6667,146.2875,-1.1429,5.4878,11.254,0.912,4.8561,5.7457,-6.7385

PRICE_WINDOW_180_ROW_044=20260102,175.0,185.0,173.5,183.5,20224536.0,176.6,166.5306,164.85,162.275,146.7125,6.0694,11.5502,15.7729,1.7286,10.1899,11.3133,-1.0782

PRICE_WINDOW_180_ROW_045=20260105,192.0,201.5,185.5,201.5,32738272.0,181.9,169.4447,167.125,163.1167,147.2542,9.8093,15.1429,29.1667,2.5123,18.9178,20.5684,0.0

PRICE_WINDOW_180_ROW_046=20260106,199.0,209.0,197.5,204.0,38510848.0,187.4,172.3243,169.475,163.9833,147.8333,1.2407,15.5807,29.9363,2.6076,18.3814,20.3717,-2.3923

PRICE_WINDOW_180_ROW_047=20260107,211.0,214.0,203.0,205.5,27622288.0,193.5,175.089,171.75,164.775,148.4375,0.7353,17.4286,28.4375,1.7441,17.3689,19.6507,-3.972

PRICE_WINDOW_180_ROW_048=20260108,206.0,207.0,199.0,203.0,13994086.0,199.5,177.4149,173.875,165.525,149.0125,-1.2165,17.341,26.4798,0.8631,14.4211,16.7505,-5.1402

PRICE_WINDOW_180_ROW_049=20260109,203.0,203.0,190.5,200.0,19559759.0,202.8,179.297,175.925,166.2083,149.5417,-1.4778,8.9918,25.7862,1.1573,11.5468,13.6848,-6.5421

PRICE_WINDOW_180_ROW_050=20260112,210.5,220.0,206.5,220.0,26466782.0,206.5,182.6889,178.825,167.3167,150.2458,10.0,9.1811,35.8025,1.4784,20.4233,23.0253,0.0

PRICE_WINDOW_180_ROW_051=20260113,231.0,242.0,230.0,242.0,38182108.0,214.1,187.6315,182.825,168.8917,151.1292,10.0,18.6275,49.3827,1.9669,28.9762,32.367,0.0

PRICE_WINDOW_180_ROW_052=20260114,245.5,253.5,241.0,251.5,47909243.0,223.3,192.9539,187.45,170.4833,152.0875,3.9256,22.3844,58.1761,2.2486,30.342,34.1691,-0.789

PRICE_WINDOW_180_ROW_053=20260115,250.0,257.5,247.5,257.5,18575219.0,234.2,198.3327,192.55,172.175,153.0958,2.3857,26.8473,65.5949,0.8596,29.8323,33.7315,0.0

PRICE_WINDOW_180_ROW_054=20260116,258.0,269.0,254.0,263.0,19776713.0,246.8,203.7217,197.6,174.025,154.1333,2.1359,31.5,62.3457,0.901,29.0977,33.0972,-2.2305

PRICE_WINDOW_180_ROW_055=20260119,265.0,271.5,258.5,262.5,22077114.0,255.3,208.6199,202.65,175.875,155.1583,-0.1901,19.3182,62.5387,0.9809,25.827,29.5337,-3.3149

PRICE_WINDOW_180_ROW_056=20260120,257.0,258.0,249.0,251.5,19133488.0,257.2,212.1932,207.275,177.5667,156.1,-4.1905,3.9256,58.1761,0.8329,18.5241,21.3364,-7.3665

PRICE_WINDOW_180_ROW_057=20260121,251.0,255.0,238.0,239.5,22835862.0,254.8,214.4688,210.65,178.8833,156.9375,-4.7714,-4.7714,39.2442,0.9934,11.6713,13.6957,-11.7864

PRICE_WINDOW_180_ROW_058=20260122,249.0,263.0,247.0,257.5,27202804.0,254.8,218.0547,215.325,180.2333,157.9417,7.5157,0.0,57.0122,1.1533,18.0896,19.5867,-5.1565

PRICE_WINDOW_180_ROW_059=20260123,257.5,257.5,245.5,246.5,16035277.0,251.5,220.4251,219.425,181.3083,158.8375,-4.2718,-6.2738,49.848,0.671,11.8293,12.3391,-9.2081

PRICE_WINDOW_180_ROW_060=20260126,250.0,259.5,248.0,257.5,14568688.0,250.5,223.5147,223.55,182.65,159.825,4.4625,-1.9048,47.1429,0.6351,15.2049,15.1868,-5.1565

PRICE_WINDOW_180_ROW_061=20260127,262.0,280.0,258.0,263.5,27034644.0,252.9,226.8468,227.9,184.1583,160.8542,2.3301,4.7714,49.2918,1.1506,16.1577,15.6209,-5.8929

PRICE_WINDOW_180_ROW_062=20260128,275.0,275.0,253.0,261.5,42383513.0,257.3,229.7346,232.225,185.6333,161.8583,-0.759,9.1858,49.4286,1.6789,13.827,12.6063,-6.6071

PRICE_WINDOW_180_ROW_063=20260129,265.0,269.0,251.0,255.5,23718413.0,256.9,231.8817,236.35,186.9917,162.8292,-2.2945,-0.7767,47.6879,0.9148,10.1855,8.1024,-8.75

PRICE_WINDOW_180_ROW_064=20260130,255.0,261.0,250.0,254.0,14962684.0,258.4,233.7249,239.875,188.35,163.7875,-0.5871,3.0426,38.4196,0.583,8.6748,5.8885,-9.2857

PRICE_WINDOW_180_ROW_065=20260202,250.5,251.5,238.0,244.5,12320170.0,255.8,234.6228,242.025,189.5917,164.775,-3.7402,-5.0485,21.34,0.4999,4.2098,1.0226,-12.6786

PRICE_WINDOW_180_ROW_066=20260203,254.5,262.0,252.5,257.0,15716294.0,254.5,236.4876,244.675,191.0417,165.8875,5.1125,-2.4668,25.9804,0.6687,8.6738,5.0373,-8.2143

PRICE_WINDOW_180_ROW_067=20260204,255.0,258.0,249.0,252.5,8162053.0,252.7,237.822,247.025,192.3833,166.9708,-1.751,-3.4417,22.871,0.3623,6.1719,2.2164,-9.8214

PRICE_WINDOW_180_ROW_068=20260205,248.5,249.0,241.0,244.0,9558869.0,250.4,238.3368,249.075,193.625,167.9833,-3.3663,-4.501,20.197,0.4285,2.3761,-2.0375,-12.8571

PRICE_WINDOW_180_ROW_069=20260206,243.0,244.5,232.0,239.5,12296445.0,247.5,238.4337,251.05,194.8167,168.9792,-1.8443,-5.7087,19.75,0.5603,0.4472,-4.6007,-14.4643

PRICE_WINDOW_180_ROW_070=20260209,248.0,253.5,243.0,243.0,9794886.0,247.2,238.8142,252.2,196.0333,169.9875,1.4614,-0.6135,10.4545,0.4639,1.7527,-3.6479,-13.2143

PRICE_WINDOW_180_ROW_071=20260210,247.0,247.0,238.5,240.0,6978058.0,243.8,238.9131,252.1,197.3583,170.9708,-1.2346,-6.6148,-0.8264,0.3569,0.455,-4.7997,-14.2857

PRICE_WINDOW_180_ROW_072=20260211,236.5,244.0,236.5,243.0,5723308.0,241.9,239.2536,251.675,198.6667,171.9875,1.25,-3.7624,-3.3797,0.3281,1.5659,-3.4469,-13.2143

PRICE_WINDOW_180_ROW_073=20260223,246.5,256.0,245.5,249.0,13974918.0,242.9,240.0658,251.25,200.1417,173.05,2.4691,2.0492,-3.301,0.8119,3.7215,-0.8955,-11.0714

PRICE_WINDOW_180_ROW_074=20260224,250.5,263.0,250.5,257.5,13295771.0,246.5,241.5187,250.975,201.8667,174.1708,3.4137,7.5157,-2.0913,0.7873,6.617,2.5999,-8.0357

PRICE_WINDOW_180_ROW_075=20260225,261.0,261.0,251.0,258.0,12598461.0,249.5,242.8921,250.75,203.525,175.2917,0.1942,6.1728,-1.7143,0.7675,6.22,2.8913,-7.8571

PRICE_WINDOW_180_ROW_076=20260226,259.0,261.0,249.0,258.0,11824885.0,253.1,244.1511,251.075,205.3083,176.425,0.0,7.5,2.5845,0.7368,5.6723,2.7581,-7.8571

PRICE_WINDOW_180_ROW_077=20260302,250.0,255.0,248.5,253.0,8130389.0,255.1,244.8885,251.75,207.0,177.5167,-1.938,4.1152,5.6367,0.5309,3.3123,0.4965,-9.6429

PRICE_WINDOW_180_ROW_078=20260303,253.0,255.5,228.0,231.0,16095190.0,251.5,243.7311,250.425,208.3167,178.4417,-8.6957,-7.2289,-10.2913,1.0906,-5.2234,-7.7568,-17.5

PRICE_WINDOW_180_ROW_079=20260304,219.5,225.0,211.0,217.0,17470816.0,243.4,241.5036,248.95,209.3583,179.2792,-6.0606,-15.7282,-11.9675,1.178,-10.1462,-12.8339,-22.5

PRICE_WINDOW_180_ROW_080=20260305,229.5,230.0,219.5,224.5,8740623.0,236.7,240.0866,247.3,210.5083,180.1542,3.4562,-12.9845,-12.8155,0.6012,-6.4921,-9.2196,-19.8214

PRICE_WINDOW_180_ROW_081=20260306,225.5,228.0,220.0,225.0,6359117.0,230.1,238.8294,245.375,211.6417,181.0542,0.2227,-12.7907,-14.611,0.4709,-5.7905,-8.3036,-19.6429

PRICE_WINDOW_180_ROW_082=20260309,209.0,209.5,202.5,202.5,9323105.0,220.0,235.8019,242.425,212.4583,181.7542,-10.0,-19.9605,-22.5621,0.7866,-14.1228,-16.469,-27.6786

PRICE_WINDOW_180_ROW_083=20260310,212.0,218.0,208.5,214.5,8259062.0,216.7,234.0268,240.375,213.4417,182.5542,5.9259,-7.1429,-16.047,0.7455,-8.3438,-10.7644,-23.3929

PRICE_WINDOW_180_ROW_084=20260311,217.5,220.0,215.5,215.5,9337866.0,216.4,232.4829,238.45,214.3917,183.3542,0.4662,-0.6912,-15.1575,0.8648,-7.305,-9.6247,-23.0357

PRICE_WINDOW_180_ROW_085=20260312,210.0,212.5,201.0,204.5,10237928.0,212.4,230.151,236.45,215.2,184.0708,-5.1044,-8.9087,-16.3599,0.9574,-11.1453,-13.5124,-26.9643

PRICE_WINDOW_180_ROW_086=20260313,198.5,203.0,196.5,201.0,11911176.0,207.6,227.7217,233.65,215.9333,184.7542,-1.7115,-10.6667,-21.7899,1.134,-11.7344,-13.9739,-28.2143

PRICE_WINDOW_180_ROW_087=20260316,205.0,210.5,201.0,204.0,8791702.0,207.9,225.7449,231.225,216.6667,185.4625,1.4925,0.7407,-19.2079,0.8345,-9.6325,-11.7742,-27.1429

PRICE_WINDOW_180_ROW_088=20260317,207.0,209.0,200.0,202.5,11335730.0,205.5,223.8078,229.15,217.3667,186.1542,-0.7353,-5.5944,-17.0082,1.067,-9.5206,-11.6299,-27.6786

PRICE_WINDOW_180_ROW_089=20260318,206.0,215.0,205.0,211.0,18468581.0,204.6,222.7405,227.725,218.2333,186.9167,4.1975,-2.0882,-11.8998,1.6893,-5.2709,-7.3444,-24.6429

PRICE_WINDOW_180_ROW_090=20260319,210.0,213.0,205.0,205.5,9141324.0,204.8,221.3038,225.85,218.9583,187.6292,-2.6066,0.489,-15.4321,0.8387,-7.1412,-9.0104,-26.6071

PRICE_WINDOW_180_ROW_091=20260320,208.5,210.0,197.5,201.5,10319300.0,204.9,219.6535,223.925,219.6167,188.3042,-1.9465,0.2488,-16.0417,0.9324,-8.2646,-10.0145,-28.0357

PRICE_WINDOW_180_ROW_092=20260323,193.5,196.0,190.0,192.0,9255412.0,202.5,217.349,221.375,220.1667,188.8542,-4.7146,-5.8824,-20.9877,0.8232,-11.6628,-13.2693,-31.4286

PRICE_WINDOW_180_ROW_093=20260324,199.0,199.0,188.0,192.0,4633686.0,200.4,215.2366,218.525,220.775,189.3958,0.0,-5.1852,-22.8916,0.43,-10.7958,-12.1382,-31.4286

PRICE_WINDOW_180_ROW_094=20260325,199.0,210.0,199.0,203.5,7192240.0,198.9,214.2586,215.825,221.4667,190.0125,5.9896,-3.5545,-20.9709,0.6869,-5.0213,-5.7106,-27.3214

PRICE_WINDOW_180_ROW_095=20260326,207.5,211.5,198.5,198.5,9624054.0,197.5,212.9453,212.85,222.0833,190.4583,-2.457,-3.4063,-23.062,0.9323,-6.7836,-6.7418,-29.1071

PRICE_WINDOW_180_ROW_096=20260327,195.0,196.0,192.0,195.0,6164630.0,196.2,211.4499,209.7,222.6833,190.8375,-1.7632,-3.2258,-24.4186,0.614,-7.7796,-7.01,-30.3571

PRICE_WINDOW_180_ROW_097=20260330,189.0,198.0,188.0,196.0,5917957.0,197.0,210.1624,206.85,223.0833,191.2167,0.5128,2.0833,-22.5296,0.596,-6.7388,-5.2453,-30.0

PRICE_WINDOW_180_ROW_098=20260331,194.0,196.0,185.5,187.0,7673805.0,196.0,208.2322,204.65,223.4667,191.5167,-4.5918,-2.6042,-19.0476,0.8071,-10.1964,-8.6245,-33.2143

PRICE_WINDOW_180_ROW_099=20260401,195.0,197.5,194.5,195.0,6746157.0,194.3,207.1295,203.55,223.975,191.8875,4.2781,-4.1769,-10.1382,0.7519,-5.856,-4.2004,-30.3571

PRICE_WINDOW_180_ROW_100=20260402,199.5,209.5,197.5,202.0,13058004.0,195.0,206.7021,202.425,224.425,192.3125,3.5897,1.7632,-10.0223,1.4213,-2.2748,-0.21,-27.8571

PRICE_WINDOW_180_ROW_101=20260407,205.5,206.0,191.0,192.0,13094478.0,194.4,205.4769,200.775,224.6833,192.6583,-4.9505,-1.5385,-14.6667,1.3748,-6.5588,-4.3706,-31.4286

PRICE_WINDOW_180_ROW_102=20260408,200.0,211.0,199.5,211.0,10585239.0,197.4,205.9372,201.2,225.2833,193.25,9.8958,7.6531,4.1975,1.1041,2.4584,4.8708,-24.6429

PRICE_WINDOW_180_ROW_103=20260409,212.0,219.0,208.5,209.5,13318808.0,201.9,206.2341,200.95,225.8917,193.7792,-0.7109,12.0321,-2.331,1.3535,1.5836,4.2548,-25.1786

PRICE_WINDOW_180_ROW_104=20260410,214.0,217.5,212.0,214.5,10746500.0,205.8,206.9229,200.9,226.4083,194.3417,2.3866,10.0,-0.464,1.0843,3.6618,6.7695,-23.3929

PRICE_WINDOW_180_ROW_105=20260413,219.0,220.5,211.0,218.5,11007974.0,209.1,207.8876,201.6,226.6917,194.9042,1.8648,8.1683,6.846,1.1064,5.1049,8.3829,-21.9643

PRICE_WINDOW_180_ROW_106=20260414,234.5,237.5,217.0,217.5,26374023.0,214.2,208.6887,202.425,226.9167,195.45,-0.4577,13.2812,8.209,2.4712,4.2222,7.4472,-22.3214

PRICE_WINDOW_180_ROW_107=20260415,218.5,218.5,207.0,210.0,15742313.0,214.0,208.7979,202.725,226.9917,195.8833,-3.4483,-0.4739,2.9412,1.4285,0.5757,3.5886,-25.0

PRICE_WINDOW_180_ROW_108=20260416,210.5,217.0,208.5,212.5,9445588.0,214.6,209.1065,203.225,227.15,196.3375,1.1905,1.432,4.9383,0.8645,1.6229,4.5639,-24.1071

PRICE_WINDOW_180_ROW_109=20260417,212.5,212.5,206.0,207.5,8355427.0,213.2,208.9726,203.05,227.275,196.7417,-2.3529,-3.2634,-1.6588,0.8019,-0.7047,2.1916,-25.8929

PRICE_WINDOW_180_ROW_110=20260420,209.0,212.0,206.0,208.0,9838289.0,211.1,208.8915,203.175,227.075,197.1958,0.241,-4.8055,1.2165,0.941,-0.4268,2.3748,-25.7143

PRICE_WINDOW_180_ROW_111=20260421,211.5,217.5,210.5,213.0,13028038.0,210.2,209.2339,203.75,226.5917,197.7417,2.4038,-2.069,5.7072,1.2302,1.7999,4.5399,-23.9286

PRICE_WINDOW_180_ROW_112=20260422,215.0,224.0,211.5,218.5,17552910.0,211.9,210.0061,205.075,226.0417,198.2625,2.5822,4.0476,13.8021,1.595,4.0446,6.5464,-21.9643

PRICE_WINDOW_180_ROW_113=20260423,225.0,225.5,203.0,207.0,21061559.0,210.8,209.7556,205.825,225.2,198.6875,-5.2632,-2.5882,7.8125,1.7809,-1.3137,0.5709,-26.0714

PRICE_WINDOW_180_ROW_114=20260424,209.0,213.0,207.5,210.0,9866699.0,211.3,209.7759,206.15,224.3167,199.1708,1.4493,1.2048,3.1941,0.825,0.1068,1.8676,-25.0

PRICE_WINDOW_180_ROW_115=20260427,214.5,224.5,212.0,217.0,17340715.0,213.1,210.3779,207.075,223.5583,199.7167,3.3333,4.3269,9.3199,1.4046,3.1477,4.7929,-22.5

PRICE_WINDOW_180_ROW_116=20260428,219.5,222.0,213.0,218.5,11208843.0,214.2,211.0548,208.25,223.0083,200.2875,0.6912,2.5822,12.0513,0.8897,3.5276,4.922,-21.9643

PRICE_WINDOW_180_ROW_117=20260429,219.5,220.0,201.5,204.5,30442812.0,211.4,210.5086,208.675,222.425,200.6542,-6.4073,-6.4073,4.3367,2.2021,-2.8543,-2.0007,-26.9643

PRICE_WINDOW_180_ROW_118=20260430,205.5,210.5,201.0,203.0,26149433.0,210.6,209.8828,209.475,221.5167,200.875,-0.7335,-1.9324,8.5561,1.7731,-3.2794,-3.0911,-27.5

PRICE_WINDOW_180_ROW_119=20260504,208.0,223.0,208.0,223.0,27700254.0,213.2,210.9759,210.875,221.125,201.2167,9.8522,6.1905,14.359,1.7536,5.6993,5.7499,-20.3571

PRICE_WINDOW_180_ROW_120=20260505,224.5,237.0,220.0,227.5,38739879.0,215.3,212.3529,212.15,220.625,201.6375,2.0179,4.8387,12.6238,2.2681,7.133,7.2354,-18.75

PRICE_WINDOW_180_ROW_121=20260506,236.0,250.0,233.5,234.5,48489760.0,218.5,214.1985,214.275,220.1417,202.15,3.0769,7.3227,22.1354,2.5724,9.4779,9.4388,-14.7273

PRICE_WINDOW_180_ROW_122=20260507,236.0,236.0,226.0,230.5,22861988.0,223.7,215.557,215.25,219.625,202.6292,-1.7058,12.7139,9.2417,1.1746,6.9323,7.0848,-14.3123

PRICE_WINDOW_180_ROW_123=20260508,227.5,229.5,217.5,222.0,16620076.0,227.5,216.0939,215.875,219.0667,203.0292,-3.6876,9.3596,5.9666,0.8467,2.7331,2.8373,-15.5894

PRICE_WINDOW_180_ROW_124=20260511,225.5,231.0,223.0,225.5,15003946.0,228.0,216.8777,216.425,218.5917,203.4708,1.5766,1.1211,5.1282,0.7562,3.9756,4.1931,-14.2586

PRICE_WINDOW_180_ROW_125=20260512,227.5,233.0,219.0,226.5,18062376.0,227.8,217.6796,216.825,218.2917,203.9417,0.4435,-0.4396,3.6613,0.8944,4.052,4.4621,-13.8783

PRICE_WINDOW_180_ROW_126=20260513,224.0,232.0,220.0,232.0,12744024.0,227.3,218.873,217.55,217.875,204.4583,2.4283,-1.0661,6.6667,0.6531,5.9976,6.6422,-11.7871

PRICE_WINDOW_180_ROW_127=20260514,233.0,236.5,226.5,229.0,20525774.0,227.0,219.7169,218.5,217.4833,204.9333,-1.2931,-0.6508,9.0476,1.0392,4.225,4.8055,-12.9278

PRICE_WINDOW_180_ROW_128=20260515,232.5,251.5,231.5,248.0,56525778.0,232.2,222.0738,220.275,217.55,205.5875,8.2969,11.7117,16.7059,2.557,11.6746,12.5865,-5.7034

PRICE_WINDOW_180_ROW_129=20260518,245.5,253.5,240.0,250.0,44344455.0,237.1,224.401,222.4,217.725,206.2708,0.8065,10.8647,20.4819,1.855,11.4077,12.4101,-4.943

PRICE_WINDOW_180_ROW_130=20260519,246.5,246.5,225.5,227.0,34157853.0,237.2,224.6176,223.35,217.4583,206.7458,-9.2,0.2208,9.1346,1.3597,1.0607,1.6342,-13.6882

PRICE_WINDOW_180_ROW_131=20260520,225.0,240.5,224.5,234.5,20428858.0,237.7,225.4411,224.425,217.3667,207.3625,3.304,1.0776,10.0939,0.8014,4.0183,4.4893,-10.8365

PRICE_WINDOW_180_ROW_132=20260521,246.5,257.5,246.5,257.5,25307576.0,243.4,228.1127,226.375,217.6083,208.1375,9.8081,12.4454,17.849,0.9779,12.8828,13.7493,-2.0913

PRICE_WINDOW_180_ROW_133=20260522,283.0,283.0,283.0,283.0,7198413.0,250.4,232.6866,230.175,218.175,209.1583,9.9029,14.1129,36.715,0.2858,21.6228,22.9499,0.0

PRICE_WINDOW_180_ROW_134=20260525,311.0,311.0,311.0,311.0,3433065.0,262.6,239.2127,235.225,219.0667,210.4667,9.894,24.4,48.0952,0.1381,30.0098,32.2138,0.0

PRICE_WINDOW_180_ROW_135=20260526,342.0,342.0,325.5,342.0,57938700.0,285.6,247.7783,241.475,220.4667,211.9958,9.9678,50.6608,57.6037,2.1543,38.0266,41.6296,0.0

PRICE_WINDOW_180_ROW_136=20260527,343.0,353.5,332.0,340.5,76518930.0,306.8,255.5052,247.575,221.8417,213.575,-0.4386,45.2026,55.8352,2.5371,33.2654,37.5341,-3.6775

PRICE_WINDOW_180_ROW_137=20260528,343.5,374.5,341.5,357.5,83839978.0,326.8,264.0047,255.225,223.5833,215.2917,4.9927,38.835,74.8166,2.5538,35.4142,40.0725,-4.5394

PRICE_WINDOW_180_ROW_138=20260529,377.0,387.0,367.0,379.0,17024627.0,346.0,273.5877,264.025,226.05,217.1833,6.014,33.9223,86.6995,0.5259,38.5296,43.547,-2.0672

PRICE_WINDOW_180_ROW_139=20260601,382.0,386.0,366.0,366.0,14415513.0,357.0,281.2887,271.175,228.5333,218.9458,-3.4301,17.6849,64.1256,0.4546,30.1154,34.9682,-5.4264

PRICE_WINDOW_180_ROW_140=20260602,369.5,369.5,329.5,347.0,24564465.0,358.0,286.7646,277.15,230.575,220.5417,-5.1913,1.462,52.5275,0.7924,21.0052,25.203,-10.3359

PRICE_WINDOW_180_ROW_141=20260603,342.0,353.0,333.0,343.0,15557902.0,358.5,291.4509,282.575,232.5417,222.0917,-1.1527,0.7342,46.2687,0.53,17.6871,21.3837,-11.3695

PRICE_WINDOW_180_ROW_142=20260604,340.0,360.0,339.0,354.0,15978964.0,357.8,296.6633,288.75,235.0667,223.7625,3.207,-0.979,53.5792,0.5508,19.3272,22.5974,-8.5271

PRICE_WINDOW_180_ROW_143=20260605,339.0,350.0,323.0,338.0,16699684.0,349.6,300.1081,294.55,237.125,225.2833,-4.5198,-10.8179,52.2523,0.5756,12.6261,14.7513,-12.6615

PRICE_WINDOW_180_ROW_144=20260608,304.5,312.5,304.5,309.0,14379409.0,338.2,300.8491,298.725,238.6833,226.5375,-8.5799,-15.5738,37.0288,0.4961,2.7093,3.4396,-20.155

PRICE_WINDOW_180_ROW_145=20260609,315.0,327.5,305.0,321.0,11574547.0,333.0,302.5283,303.45,240.625,227.9125,3.8835,-7.4928,41.7219,0.4039,6.1058,5.7835,-17.0543

PRICE_WINDOW_180_ROW_146=20260610,319.0,328.5,296.0,303.0,13977660.0,325.0,302.5676,307.0,242.325,229.1292,-5.6075,-11.6618,30.6034,0.4867,0.1429,-1.3029,-21.7054

PRICE_WINDOW_180_ROW_147=20260611,309.5,333.0,301.0,333.0,17419175.0,320.8,305.1036,312.2,244.475,230.5708,9.901,-5.9322,45.4148,0.6098,9.1432,6.6624,-13.9535

PRICE_WINDOW_180_ROW_148=20260612,346.0,363.5,322.5,347.5,93629797.0,322.7,308.6367,317.175,246.8917,232.1292,4.3544,2.8107,40.121,3.078,12.5919,9.561,-10.2067

PRICE_WINDOW_180_ROW_149=20260615,350.0,350.0,327.0,327.0,53148794.0,326.3,310.1669,321.025,248.825,233.5292,-5.8993,5.8252,30.8,1.7223,5.4271,1.8612,-15.5039

PRICE_WINDOW_180_ROW_150=20260616,329.0,357.0,321.0,346.5,52667088.0,331.4,313.1947,327.0,251.175,235.0667,5.9633,7.9439,52.6432,1.657,10.6341,5.9633,-10.4651

PRICE_WINDOW_180_ROW_151=20260617,343.0,363.0,340.0,345.0,42824859.0,339.8,315.8451,332.525,253.5667,236.5917,-0.4329,13.8614,47.1215,1.3015,9.2307,3.7516,-10.8527

PRICE_WINDOW_180_ROW_152=20260618,344.0,369.5,337.5,363.5,62259885.0,345.9,319.8164,337.825,256.425,238.2958,5.3623,9.1592,41.165,1.7915,13.659,7.6001,-6.0724

PRICE_WINDOW_180_ROW_153=20260622,365.0,377.5,359.0,366.0,62661099.0,349.6,323.665,341.975,259.325,240.05,0.6878,5.3237,29.3286,1.6698,13.0799,7.0254,-5.4264

PRICE_WINDOW_180_ROW_154=20260623,366.0,366.5,335.0,344.0,47542591.0,353.0,325.3596,343.625,261.6667,241.5667,-6.0109,5.1988,10.6109,1.1966,5.7292,0.1091,-11.1111

PRICE_WINDOW_180_ROW_155=20260624,335.0,346.0,328.5,338.0,23877717.0,351.3,326.413,343.425,263.9917,243.0375,-1.7442,-2.4531,-1.1696,0.6279,3.5498,-1.5797,-12.6615

PRICE_WINDOW_180_ROW_156=20260625,350.0,362.0,322.5,326.0,39962437.0,347.5,326.3786,342.7,266.175,244.4292,-3.5503,-5.5072,-4.2584,1.1039,-0.116,-4.8731,-15.7623

PRICE_WINDOW_180_ROW_157=20260626,326.0,338.0,309.0,314.0,34384402.0,337.6,325.347,340.525,268.1417,245.6125,-3.681,-13.6176,-12.1678,1.0195,-3.4877,-7.7894,-18.863

PRICE_WINDOW_180_ROW_158=20260629,315.0,315.5,303.5,311.0,21621237.0,326.6,324.1514,337.125,270.2083,246.8375,-0.9554,-15.0273,-17.942,0.6367,-4.0572,-7.7494,-19.6382

PRICE_WINDOW_180_ROW_159=20260630,315.5,339.0,314.0,337.5,24292195.0,325.3,325.2638,335.7,272.5833,248.2792,8.5209,-1.8895,-7.7869,0.7051,3.7619,0.5362,-12.7907

PRICE_WINDOW_180_ROW_160=20260701,345.0,345.0,325.0,335.5,29085328.0,324.8,326.1168,335.125,274.8083,249.6167,-0.5926,-0.7396,-3.3141,0.8387,2.8772,0.1119,-13.3075

PRICE_WINDOW_180_ROW_161=20260702,327.0,333.5,315.0,333.5,22410940.0,326.3,326.7321,334.65,277.1667,250.925,-0.5961,2.3006,-2.7697,0.6399,2.0714,-0.3436,-13.8243

PRICE_WINDOW_180_ROW_162=20260703,327.0,342.0,321.5,338.0,18265490.0,331.1,327.6711,333.85,279.2833,252.2833,1.3493,7.6433,-4.5198,0.5199,3.1522,1.2431,-12.6615

PRICE_WINDOW_180_ROW_163=20260706,349.0,360.0,340.5,344.5,42868696.0,337.8,329.0735,334.175,281.5333,253.7125,1.9231,10.7717,1.9231,1.1763,4.6879,3.0897,-10.9819

PRICE_WINDOW_180_ROW_164=20260707,349.0,360.0,316.0,323.5,34189120.0,335.0,328.609,334.9,283.35,254.8792,-6.0958,-4.1481,4.6926,0.9133,-1.5547,-3.404,-16.4083

PRICE_WINDOW_180_ROW_165=20260708,321.0,323.0,309.0,318.0,17354748.0,331.5,327.7249,334.75,285.0083,255.85,-1.7002,-5.2161,-0.9346,0.4601,-2.9674,-5.0037,-17.8295

PRICE_WINDOW_180_ROW_166=20260709,320.0,332.0,317.0,320.0,13033921.0,328.8,327.0812,335.6,286.7167,256.8167,0.6289,-4.048,5.6106,0.346,-2.165,-4.6484,-17.3127

PRICE_WINDOW_180_ROW_167=20260713,326.5,332.0,310.5,312.5,14834355.0,323.7,325.8661,334.575,288.425,257.7083,-2.3438,-7.5444,-6.1562,0.3951,-4.1017,-6.5979,-19.2506

PRICE_WINDOW_180_ROW_168=20260714,308.5,316.5,287.0,304.0,25028861.0,315.6,324.0439,332.4,289.95,258.55,-2.72,-11.7562,-12.518,0.7336,-6.1856,-8.5439,-21.447

PRICE_WINDOW_180_ROW_169=20260715,309.5,321.0,308.5,314.0,16550410.0,313.7,323.2069,331.75,291.725,259.5,3.2895,-2.9366,-3.9755,0.5126,-2.8486,-5.3504,-18.863

PRICE_WINDOW_180_ROW_170=20260716,314.0,323.5,305.0,316.5,12796352.0,313.4,322.648,330.25,293.5333,260.3042,0.7962,-0.4717,-8.658,0.4224,-1.9055,-4.1635,-18.2171

PRICE_WINDOW_180_ROW_171=20260717,320.5,325.0,286.5,288.0,43365963.0,307.0,319.7607,327.4,294.7833,260.6875,-9.0047,-10.0,-16.5217,1.4303,-9.9326,-12.0342,-25.5814

PRICE_WINDOW_180_ROW_172=20260720,291.5,295.5,265.5,266.5,20952221.0,297.8,315.3223,322.55,295.5833,260.8125,-7.4653,-14.72,-26.685,0.7416,-15.4833,-17.3772,-31.137

PRICE_WINDOW_180_ROW_173=20260721,272.0,273.5,264.0,272.0,16973344.0,291.4,311.7121,317.85,296.6667,260.9333,2.0638,-10.5263,-25.6831,0.6536,-12.74,-14.425,-29.7158

PRICE_WINDOW_180_ROW_174=20260722,281.0,299.0,278.5,294.0,18357684.0,287.4,310.2361,315.35,298.0667,261.1917,8.0882,-6.3694,-14.5349,0.749,-5.2335,-6.7703,-24.031

PRICE_WINDOW_180_ROW_175=20260723,294.0,315.0,292.0,294.0,25920077.0,282.9,308.8831,313.15,299.35,261.4542,0.0,-7.109,-13.0178,1.0531,-4.8184,-6.1153,-24.031

PRICE_WINDOW_180_ROW_176=20260724,290.0,291.5,278.5,279.5,15075441.0,281.2,306.4345,310.825,300.3667,261.6875,-4.932,-2.9514,-14.2638,0.6451,-8.7896,-10.078,-27.7778

PRICE_WINDOW_180_ROW_177=20260727,278.0,281.5,269.0,279.0,10008399.0,283.7,304.1483,309.075,301.6083,262.0167,-0.1789,4.6904,-11.1465,0.4519,-8.2684,-9.7306,-27.907

PRICE_WINDOW_180_ROW_178=20260728,264.0,265.5,251.5,251.5,15051210.0,279.6,299.7609,306.1,302.4167,261.9667,-9.8566,-7.5368,-19.1318,0.6898,-16.0998,-17.8373,-35.0129

PRICE_WINDOW_180_ROW_179=20260729,259.5,267.5,226.5,233.0,33143763.0,267.4,294.1975,300.875,302.5833,261.8542,-7.3559,-20.7483,-30.963,1.4887,-20.8015,-22.5592,-39.7933

PRICE_WINDOW_180_ROW_180=20260730,221.5,230.0,210.0,214.5,24864427.0,251.5,287.5561,294.825,302.3667,261.4958,-7.9399,-27.0408,-36.0656,1.1275,-25.4058,-27.245,-44.5736
