# PRICE_WINDOW_180

columns=date,open,high,low,close,volume,ma5,ema23,ma20,ma60,ma120,return_1d,return_5d,return_20d,volume_ratio,distance_to_ema23_pct,distance_to_ma20_pct,distance_to_high_60_pct

PRICE_WINDOW_180_ROW_001=20251124,18.0,18.2,18.0,18.1,44000.0,18.01,18.9537,19.1875,19.7375,19.7375,0.8357,-2.4259,-14.0143,0.3195,-4.5039,-5.6678,-29.7087

PRICE_WINDOW_180_ROW_002=20251125,18.1,18.3,18.0,18.3,99000.0,18.06,18.8992,19.095,19.68,19.68,1.105,1.385,-9.1811,0.7166,-3.1704,-4.1634,-28.932

PRICE_WINDOW_180_ROW_003=20251126,18.35,18.95,18.35,18.85,259000.0,18.26,18.8951,19.0325,19.6481,19.6481,3.0055,5.6022,-6.2189,1.7595,-0.2386,-0.9589,-26.7961

PRICE_WINDOW_180_ROW_004=20251127,18.9,18.9,18.75,18.9,32000.0,18.42,18.8955,18.965,19.6204,19.6204,0.2653,4.4199,-6.6667,0.2322,0.0238,-0.3427,-26.6019

PRICE_WINDOW_180_ROW_005=20251128,18.95,19.0,18.85,18.95,22000.0,18.62,18.9,18.895,19.5964,19.5964,0.2646,5.571,-6.8796,0.1609,0.2643,0.2911,-26.4078

PRICE_WINDOW_180_ROW_006=20251201,18.95,18.95,18.7,18.75,44000.0,18.75,18.8875,18.84,19.5672,19.5672,-1.0554,3.5912,-5.5416,0.3235,-0.7282,-0.4777,-27.1845

PRICE_WINDOW_180_ROW_007=20251202,18.95,18.95,18.9,18.95,23000.0,18.88,18.8927,18.8025,19.5467,19.5467,1.0667,3.5519,-3.8071,0.1737,0.3031,0.7845,-26.4078

PRICE_WINDOW_180_ROW_008=20251203,18.9,19.15,18.9,19.1,83000.0,18.93,18.91,18.7725,19.5323,19.5323,0.7916,1.3263,-3.0457,0.6248,1.0047,1.7446,-25.8252

PRICE_WINDOW_180_ROW_009=20251204,19.15,19.2,18.9,19.1,26000.0,18.97,18.9258,18.7325,19.5188,19.5188,0.0,1.0582,-4.0201,0.203,0.9202,1.9618,-25.8252

PRICE_WINDOW_180_ROW_010=20251205,19.1,19.1,18.85,19.0,15000.0,18.98,18.932,18.6975,19.503,19.503,-0.5236,0.2639,-3.5533,0.1183,0.359,1.6179,-26.2136

PRICE_WINDOW_180_ROW_011=20251208,19.0,19.0,18.8,18.95,19000.0,19.02,18.9335,18.685,19.4868,19.4868,-0.2632,1.0667,-1.3021,0.1682,0.087,1.4182,-26.4078

PRICE_WINDOW_180_ROW_012=20251209,19.05,19.05,18.85,18.95,15000.0,19.02,18.9349,18.675,19.4714,19.4714,0.0,0.0,-1.0444,0.1391,0.0798,1.4726,-26.4078

PRICE_WINDOW_180_ROW_013=20251210,18.9,18.9,18.65,18.75,23000.0,18.95,18.9195,18.655,19.4514,19.4514,-1.0554,-1.8325,-2.0888,0.2474,-0.8958,0.5092,-27.1845

PRICE_WINDOW_180_ROW_014=20251211,18.7,18.85,18.5,18.75,97000.0,18.88,18.9054,18.6425,19.4324,19.4324,0.0,-1.8325,-1.3158,1.0881,-0.8218,0.5766,-27.1845

PRICE_WINDOW_180_ROW_015=20251212,18.85,19.0,18.85,18.9,24000.0,18.86,18.9049,18.64,19.4184,19.4184,0.8,-0.5263,-0.2639,0.2822,-0.026,1.3948,-26.6019

PRICE_WINDOW_180_ROW_016=20251215,18.65,18.95,18.65,18.9,110000.0,18.85,18.9045,18.6575,19.4051,19.4051,0.0,-0.2639,1.8868,1.4175,-0.0238,1.2997,-26.6019

PRICE_WINDOW_180_ROW_017=20251216,18.9,18.9,18.7,18.85,45000.0,18.83,18.9,18.6975,19.3912,19.3912,-0.2646,-0.5277,4.4321,0.6716,-0.2644,0.8156,-26.7961

PRICE_WINDOW_180_ROW_018=20251217,18.75,18.9,18.7,18.85,78000.0,18.85,18.8958,18.7475,19.378,19.378,0.0,0.5333,5.6022,1.2093,-0.2424,0.5467,-26.7961

PRICE_WINDOW_180_ROW_019=20251218,18.85,18.85,18.7,18.7,25000.0,18.84,18.8795,18.7775,19.3619,19.3619,-0.7958,-0.2667,3.3149,0.3968,-0.9507,-0.4127,-27.3786

PRICE_WINDOW_180_ROW_020=20251219,18.7,18.85,18.5,18.65,98000.0,18.79,18.8604,18.8125,19.3453,19.3453,-0.2674,-1.3228,3.8997,1.6596,-1.1154,-0.8638,-27.5728

PRICE_WINDOW_180_ROW_021=20251222,18.8,18.85,18.5,18.65,295000.0,18.74,18.8428,18.84,19.3295,19.3295,0.0,-1.3228,3.0387,4.1201,-1.0234,-1.0085,-27.5728

PRICE_WINDOW_180_ROW_022=20251223,18.65,18.75,18.5,18.65,80000.0,18.7,18.8268,18.8575,19.3144,19.3144,0.0,-1.061,1.9126,1.1323,-0.9389,-1.1004,-27.5728

PRICE_WINDOW_180_ROW_023=20251224,18.7,18.75,18.65,18.75,29000.0,18.68,18.8204,18.8525,19.3022,19.3022,0.5362,-0.5305,-0.5305,0.4903,-0.3739,-0.5437,-27.1845

PRICE_WINDOW_180_ROW_024=20251226,18.75,18.9,18.75,18.85,46000.0,18.71,18.8228,18.85,19.2926,19.2926,0.5333,0.8021,-0.2646,0.7686,0.1443,0.0,-26.7961

PRICE_WINDOW_180_ROW_025=20251229,19.75,20.7,19.55,20.7,1336000.0,19.12,18.9793,18.9375,19.3219,19.3219,9.8143,10.992,9.2348,10.6412,9.0664,9.3069,-19.6117

PRICE_WINDOW_180_ROW_026=20251230,21.05,22.0,20.9,20.9,2824000.0,19.57,19.1393,19.045,19.3541,19.3541,0.9662,12.0643,11.4667,10.6747,9.1992,9.7401,-18.835

PRICE_WINDOW_180_ROW_027=20251231,20.85,21.5,20.4,21.45,1181000.0,20.13,19.3319,19.17,19.396,19.396,2.6316,15.0134,13.1926,3.6626,10.9566,11.8936,-16.699

PRICE_WINDOW_180_ROW_028=20260102,21.35,21.5,21.1,21.35,451000.0,20.65,19.5001,19.2825,19.4343,19.4343,-0.4662,13.8667,11.7801,1.3232,9.4868,10.7222,-17.0874

PRICE_WINDOW_180_ROW_029=20260105,21.5,21.5,21.05,21.3,452000.0,21.14,19.6501,19.3925,19.4702,19.4702,-0.2342,12.9973,11.5183,1.2481,8.3966,9.8363,-17.2816

PRICE_WINDOW_180_ROW_030=20260106,21.25,21.3,20.6,21.2,271000.0,21.24,19.7792,19.5025,19.5028,19.5028,-0.4695,2.4155,11.5789,0.7228,7.1832,8.704,-17.6699

PRICE_WINDOW_180_ROW_031=20260107,21.25,21.45,21.1,21.25,199000.0,21.31,19.9018,19.6175,19.5352,19.5352,0.2358,1.6746,12.1372,0.5183,6.7744,8.3217,-17.4757

PRICE_WINDOW_180_ROW_032=20260108,21.45,21.5,21.2,21.2,223000.0,21.26,20.01,19.73,19.5655,19.5655,-0.2353,-1.1655,11.8734,0.5655,5.9472,7.4506,-17.6699

PRICE_WINDOW_180_ROW_033=20260109,21.4,21.4,21.05,21.15,212000.0,21.22,20.105,19.85,19.5938,19.5938,-0.2358,-0.9368,12.8,0.525,5.1979,6.5491,-17.8641

PRICE_WINDOW_180_ROW_034=20260112,21.15,21.35,20.95,21.25,214000.0,21.21,20.2004,19.975,19.6228,19.6228,0.4728,-0.2347,13.3333,0.5224,5.196,6.383,-17.4757

PRICE_WINDOW_180_ROW_035=20260113,21.15,21.3,20.95,21.25,125000.0,21.22,20.2879,20.0925,19.6509,19.6509,0.0,0.2358,12.4339,0.3014,4.7425,5.7609,-17.4757

PRICE_WINDOW_180_ROW_036=20260114,21.3,21.4,21.25,21.4,158000.0,21.25,20.3805,20.2175,19.6805,19.6805,0.7059,0.7059,13.2275,0.3788,5.0022,5.8489,-16.8932

PRICE_WINDOW_180_ROW_037=20260115,21.6,21.8,21.5,21.6,164000.0,21.33,20.4822,20.355,19.7125,19.7125,0.9346,1.8868,14.5889,0.3877,5.4576,6.1164,-16.1165

PRICE_WINDOW_180_ROW_038=20260116,21.75,21.8,21.4,21.45,88000.0,21.39,20.5628,20.485,19.7625,19.741,-0.6944,1.4184,13.7931,0.2078,4.3145,4.7108,-16.699

PRICE_WINDOW_180_ROW_039=20260119,21.5,21.5,21.2,21.25,167000.0,21.39,20.6201,20.6125,19.705,19.7653,-0.9324,0.0,13.6364,0.3878,3.0549,3.0928,-17.4757

PRICE_WINDOW_180_ROW_040=20260120,21.25,21.3,21.15,21.2,168000.0,21.38,20.6684,20.74,19.6292,19.7881,-0.2353,-0.2353,13.6729,0.387,2.572,2.2179,-3.6364

PRICE_WINDOW_180_ROW_041=20260121,21.0,21.2,20.9,21.15,219000.0,21.33,20.7085,20.865,19.6308,19.8094,-0.2358,-1.1682,13.4048,0.5089,2.1318,1.3659,-3.8636

PRICE_WINDOW_180_ROW_042=20260122,21.2,21.25,20.95,21.15,246000.0,21.24,20.7453,20.99,19.6475,19.83,0.0,-2.0833,13.4048,0.5608,1.9507,0.7623,-3.8636

PRICE_WINDOW_180_ROW_043=20260123,21.0,21.2,20.95,21.15,109000.0,21.18,20.779,21.11,19.665,19.85,0.0,-1.3986,12.8,0.2462,1.7852,0.1895,-3.8636

PRICE_WINDOW_180_ROW_044=20260126,21.3,21.3,21.15,21.3,147000.0,21.19,20.8225,21.2325,19.6825,19.8716,0.7092,0.2353,12.9973,0.3283,2.2934,0.3179,-3.1818

PRICE_WINDOW_180_ROW_045=20260127,21.2,21.25,21.1,21.2,96000.0,21.19,20.8539,21.2575,19.6967,19.8912,-0.4695,0.0,2.4155,0.2489,1.6595,-0.2705,-3.6364

PRICE_WINDOW_180_ROW_046=20260128,21.25,21.35,21.2,21.3,235000.0,21.22,20.8911,21.2775,19.7208,19.9116,0.4717,0.7092,1.9139,0.9171,1.9573,0.1057,-3.1818

PRICE_WINDOW_180_ROW_047=20260129,21.45,22.0,21.35,21.95,677000.0,21.38,20.9793,21.3025,19.7583,19.9407,3.0516,3.7825,2.331,2.9301,4.6268,3.0395,-0.2273

PRICE_WINDOW_180_ROW_048=20260130,22.0,22.3,21.5,21.65,353000.0,21.48,21.0352,21.3175,19.7908,19.9648,-1.3667,2.3641,1.4052,1.5609,2.9226,1.5598,-2.9148

PRICE_WINDOW_180_ROW_049=20260202,21.55,21.7,21.3,21.6,182000.0,21.54,21.0823,21.3325,19.8192,19.9875,-0.2309,1.4085,1.4085,0.8559,2.4557,1.254,-3.139

PRICE_WINDOW_180_ROW_050=20260203,21.85,21.85,21.45,21.6,78000.0,21.62,21.1254,21.3525,19.8508,20.0096,0.0,1.8868,1.8868,0.3842,2.2464,1.1591,-3.139

PRICE_WINDOW_180_ROW_051=20260204,21.5,21.7,21.45,21.7,148000.0,21.7,21.1733,21.375,19.8925,20.0324,0.463,1.8779,2.1176,0.7383,2.4875,1.5205,-2.6906

PRICE_WINDOW_180_ROW_052=20260205,21.7,21.75,21.55,21.75,149000.0,21.66,21.2214,21.4025,19.9358,20.0553,0.2304,-0.9112,2.5943,0.7573,2.491,1.6236,-2.4664

PRICE_WINDOW_180_ROW_053=20260206,21.7,21.75,21.35,21.7,118000.0,21.67,21.2613,21.43,19.9783,20.077,-0.2299,0.2309,2.6005,0.6144,2.0636,1.2599,-2.6906

PRICE_WINDOW_180_ROW_054=20260209,21.75,21.85,21.55,21.85,165000.0,21.72,21.3103,21.46,20.0258,20.1,0.6912,1.1574,2.8235,0.8703,2.5325,1.8173,-2.0179

PRICE_WINDOW_180_ROW_055=20260210,21.65,22.0,21.25,22.0,140000.0,21.8,21.3678,21.4975,20.0767,20.1244,0.6865,1.8519,3.5294,0.7355,2.9587,2.3375,-1.3453

PRICE_WINDOW_180_ROW_056=20260211,22.0,22.0,21.7,21.9,257000.0,21.84,21.4121,21.5225,20.1325,20.1468,-0.4545,0.9217,2.3364,1.3159,2.2784,1.754,-1.7937

PRICE_WINDOW_180_ROW_057=20260223,21.9,21.95,21.5,21.95,374000.0,21.88,21.457,21.54,20.1975,20.1694,0.2283,0.9195,1.6204,1.8173,2.2978,1.9034,-1.5695

PRICE_WINDOW_180_ROW_058=20260224,21.9,21.95,21.65,21.95,163000.0,21.93,21.4981,21.565,20.2658,20.1914,0.0,1.1521,2.331,0.7779,2.1023,1.7853,-1.5695

PRICE_WINDOW_180_ROW_059=20260225,21.85,21.95,21.65,21.9,319000.0,21.94,21.5315,21.5975,20.3292,20.2122,-0.2278,0.2288,3.0588,1.469,1.7112,1.4006,-1.7937

PRICE_WINDOW_180_ROW_060=20260226,21.9,22.3,21.9,22.0,464000.0,21.94,21.5706,21.6375,20.3967,20.2337,0.4566,0.0,3.7736,2.0004,1.9907,1.6753,-1.3453

PRICE_WINDOW_180_ROW_061=20260302,21.7,21.7,21.35,21.35,169000.0,21.83,21.5522,21.6475,20.4508,20.247,-2.9545,-2.5114,0.9456,0.7365,-0.9382,-1.3743,-4.2601

PRICE_WINDOW_180_ROW_062=20260303,21.55,21.55,20.7,20.8,165000.0,21.6,21.4895,21.63,20.4925,20.2535,-2.5761,-5.2392,-1.6548,0.732,-3.2086,-3.8373,-6.7265

PRICE_WINDOW_180_ROW_063=20260304,20.8,20.8,19.7,19.7,223000.0,21.15,21.3404,21.5575,20.5067,20.2471,-5.2885,-10.2506,-6.8558,0.965,-7.6868,-8.6165,-11.6592

PRICE_WINDOW_180_ROW_064=20260305,19.95,20.1,19.9,20.05,117000.0,20.78,21.2329,21.495,20.5258,20.2448,1.7766,-8.4475,-5.8685,0.5096,-5.5709,-6.7225,-10.0897

PRICE_WINDOW_180_ROW_065=20260306,19.9,20.3,19.9,20.3,48000.0,20.44,21.1551,21.45,20.5483,20.2455,1.2469,-7.7273,-4.2453,0.2113,-4.0421,-5.3613,-8.9686

PRICE_WINDOW_180_ROW_066=20260309,20.3,20.3,19.95,20.2,106000.0,20.21,21.0755,21.395,20.5725,20.2449,-0.4926,-5.3864,-5.1643,0.4802,-4.1542,-5.5854,-9.417

PRICE_WINDOW_180_ROW_067=20260310,20.3,21.3,20.3,20.6,214000.0,20.17,21.0359,21.3275,20.6,20.2489,1.9802,-0.9615,-6.1503,1.083,-2.0722,-3.4111,-7.6233

PRICE_WINDOW_180_ROW_068=20260311,20.6,20.6,20.35,20.35,145000.0,20.3,20.9787,21.2625,20.6208,20.25,-1.2136,3.2995,-6.0046,0.7746,-2.997,-4.2916,-8.7444

PRICE_WINDOW_180_ROW_069=20260312,20.35,20.65,20.25,20.3,49000.0,20.35,20.9222,21.1975,20.6408,20.2505,-0.2457,1.2469,-6.0185,0.2714,-2.9738,-4.234,-8.9686

PRICE_WINDOW_180_ROW_070=20260313,20.3,20.3,20.1,20.1,66000.0,20.31,20.8537,21.1225,20.6592,20.2489,-0.9852,-0.9852,-6.9444,0.3668,-3.6141,-4.8408,-9.8655

PRICE_WINDOW_180_ROW_071=20260316,20.1,20.3,19.85,20.3,86000.0,20.33,20.8075,21.0525,20.6817,20.2495,0.995,0.495,-6.4516,0.4863,-2.4391,-3.5744,-8.9686

PRICE_WINDOW_180_ROW_072=20260317,20.3,20.35,20.05,20.25,102000.0,20.26,20.7611,20.9775,20.7033,20.2495,-0.2463,-1.699,-6.8966,0.5845,-2.4617,-3.468,-9.1928

PRICE_WINDOW_180_ROW_073=20260318,20.2,20.4,20.15,20.25,323000.0,20.24,20.7185,20.905,20.7283,20.2495,0.0,-0.4914,-6.682,1.7483,-2.2612,-3.1332,-9.1928

PRICE_WINDOW_180_ROW_074=20260319,20.3,20.3,20.0,20.0,131000.0,20.18,20.6586,20.8125,20.7492,20.2469,-1.2346,-1.4778,-8.4668,0.7157,-3.188,-3.9039,-10.3139

PRICE_WINDOW_180_ROW_075=20260320,20.0,20.45,20.0,20.3,127000.0,20.22,20.6287,20.7275,20.7725,20.2474,1.5,0.995,-7.7273,0.6963,-1.5935,-2.0625,-8.9686

PRICE_WINDOW_180_ROW_076=20260323,20.3,20.6,20.25,20.4,146000.0,20.24,20.6097,20.6525,20.7975,20.249,0.4926,0.4926,-6.8493,0.8256,-1.0173,-1.2226,-8.5202

PRICE_WINDOW_180_ROW_077=20260324,20.6,20.6,20.2,20.3,72000.0,20.25,20.5839,20.57,20.8217,20.2495,-0.4902,0.2469,-7.5171,0.4451,-1.379,-1.3126,-8.9686

PRICE_WINDOW_180_ROW_078=20260325,20.25,20.3,20.1,20.2,91000.0,20.24,20.5519,20.4825,20.8442,20.249,-0.4926,-0.2469,-7.9727,0.5754,-1.7121,-1.3792,-9.417

PRICE_WINDOW_180_ROW_079=20260326,20.35,20.75,20.25,20.25,114000.0,20.29,20.5267,20.4,20.87,20.249,0.2475,1.25,-7.5342,0.7708,-1.3481,-0.7353,-9.1928

PRICE_WINDOW_180_ROW_080=20260327,20.3,20.5,20.25,20.5,39000.0,20.33,20.5245,20.325,20.9008,20.2515,1.2346,0.9852,-6.8182,0.3079,-0.1193,0.861,-8.0717

PRICE_WINDOW_180_ROW_081=20260330,20.45,20.5,20.25,20.3,104000.0,20.31,20.5058,20.2725,20.9283,20.2519,-0.9756,-0.4902,-4.918,0.8428,-1.0035,0.1357,-8.9686

PRICE_WINDOW_180_ROW_082=20260331,20.3,20.3,20.1,20.1,182000.0,20.27,20.472,20.2375,20.9525,20.2505,-0.9852,-0.9852,-3.3654,1.4648,-1.8169,-0.6794,-9.8655

PRICE_WINDOW_180_ROW_083=20260401,20.25,20.25,20.1,20.1,69000.0,20.25,20.441,20.2575,20.975,20.2491,0.0,-0.495,2.0305,0.592,-1.6681,-0.7775,-9.8655

PRICE_WINDOW_180_ROW_084=20260402,20.1,20.15,20.0,20.05,77000.0,20.21,20.4084,20.2575,20.995,20.2472,-0.2488,-0.9877,0.0,0.6722,-1.7561,-1.0243,-10.0897

PRICE_WINDOW_180_ROW_085=20260407,20.15,20.2,20.0,20.1,41000.0,20.13,20.3827,20.2475,20.985,20.2458,0.2494,-1.9512,-0.9852,0.359,-1.3869,-0.7285,-9.8655

PRICE_WINDOW_180_ROW_086=20260408,20.1,20.25,20.1,20.15,62000.0,20.1,20.3633,20.245,20.9725,20.245,0.2488,-0.7389,-0.2475,0.5536,-1.0475,-0.4693,-9.6413

PRICE_WINDOW_180_ROW_087=20260409,20.1,20.15,20.1,20.15,102000.0,20.11,20.3455,20.2225,20.9508,20.2441,0.0,0.2488,-2.1845,0.9586,-0.961,-0.3585,-9.6413

PRICE_WINDOW_180_ROW_088=20260410,20.2,20.3,20.1,20.15,108000.0,20.12,20.3292,20.2125,20.9308,20.2432,0.0,0.2488,-0.9828,1.033,-0.8816,-0.3092,-9.6413

PRICE_WINDOW_180_ROW_089=20260413,20.05,20.1,20.0,20.05,197000.0,20.12,20.306,20.2,20.91,20.2415,-0.4963,0.0,-1.2315,1.7597,-1.2605,-0.7426,-10.0897

PRICE_WINDOW_180_ROW_090=20260414,20.15,20.15,19.9,20.05,176000.0,20.11,20.2846,20.1975,20.8908,20.2398,0.0,-0.2488,-0.2488,1.4985,-1.1567,-0.7303,-10.0897

PRICE_WINDOW_180_ROW_091=20260415,20.1,20.1,19.9,20.05,157000.0,20.09,20.2651,20.185,20.8708,20.2382,0.0,-0.4963,-1.2315,1.2975,-1.0613,-0.6688,-10.0897

PRICE_WINDOW_180_ROW_092=20260416,19.9,20.05,19.85,20.05,175000.0,20.07,20.2472,20.175,20.8517,20.2365,0.0,-0.4963,-0.9877,1.4039,-0.9737,-0.6196,-10.0897

PRICE_WINDOW_180_ROW_093=20260417,20.0,20.0,19.75,20.0,177000.0,20.04,20.2266,20.1625,20.8325,20.2345,-0.2494,-0.7444,-1.2346,1.5083,-1.1201,-0.806,-10.3139

PRICE_WINDOW_180_ROW_094=20260420,20.0,20.0,19.65,20.0,149000.0,20.03,20.2077,20.1625,20.8117,20.2325,0.0,-0.2494,0.0,1.26,-1.0277,-0.806,-10.3139

PRICE_WINDOW_180_ROW_095=20260421,20.0,20.0,19.85,20.0,96000.0,20.02,20.1904,20.1475,20.7908,20.2305,0.0,-0.2494,-1.4778,0.8226,-0.9429,-0.7321,-10.3139

PRICE_WINDOW_180_ROW_096=20260422,20.0,20.0,19.6,19.8,146000.0,19.97,20.1578,20.1175,20.7642,20.2269,-1.0,-1.2469,-2.9412,1.2511,-1.7752,-1.5782,-11.2108

PRICE_WINDOW_180_ROW_097=20260423,19.7,19.8,19.45,19.75,255000.0,19.91,20.1239,20.09,20.7333,20.2229,-0.2525,-1.4963,-2.7094,2.0262,-1.8578,-1.6924,-11.435

PRICE_WINDOW_180_ROW_098=20260424,19.75,19.8,19.3,19.7,197000.0,19.85,20.0885,20.065,20.7042,20.2333,-0.2532,-1.5,-2.4752,1.5021,-1.9341,-1.8191,-11.6592

PRICE_WINDOW_180_ROW_099=20260427,19.5,19.7,19.25,19.7,166000.0,19.79,20.0562,20.0375,20.6783,20.1917,0.0,-1.5,-2.716,1.2411,-1.7758,-1.6843,-11.6592

PRICE_WINDOW_180_ROW_100=20260428,19.6,19.65,19.3,19.65,141000.0,19.72,20.0223,19.995,20.6525,20.1408,-0.2538,-1.75,-4.1463,1.0155,-1.8595,-1.7254,-11.8834

PRICE_WINDOW_180_ROW_101=20260429,19.65,19.65,19.4,19.6,52000.0,19.68,19.9871,19.96,20.6267,20.1288,-0.2545,-1.0101,-3.4483,0.3817,-1.9368,-1.8036,-12.1076

PRICE_WINDOW_180_ROW_102=20260430,19.45,19.55,19.4,19.55,51000.0,19.64,19.9507,19.9325,20.6,20.1237,-0.2551,-1.0127,-2.7363,0.3932,-2.0084,-1.919,-12.3318

PRICE_WINDOW_180_ROW_103=20260504,19.55,19.55,19.3,19.5,113000.0,19.6,19.9131,19.9025,20.5725,20.1188,-0.2558,-1.0152,-2.9851,0.8567,-2.0747,-2.0224,-12.5561

PRICE_WINDOW_180_ROW_104=20260505,19.45,19.45,19.3,19.3,112000.0,19.52,19.862,19.865,20.5392,20.1108,-1.0256,-2.0305,-3.7406,0.838,-2.8297,-2.8442,-13.4529

PRICE_WINDOW_180_ROW_105=20260506,19.35,19.5,19.25,19.5,104000.0,19.49,19.8319,19.835,20.5108,20.1037,1.0363,-0.7634,-2.9851,0.7602,-1.6734,-1.6889,-12.5561

PRICE_WINDOW_180_ROW_106=20260507,19.5,19.65,19.4,19.6,117000.0,19.49,19.8125,19.8075,20.4825,20.1017,0.5128,0.0,-2.7295,0.8384,-1.0728,-1.0476,-12.1076

PRICE_WINDOW_180_ROW_107=20260508,19.6,19.6,19.1,19.6,184000.0,19.5,19.7948,19.78,20.4433,20.1008,0.0,0.2558,-2.7295,1.2809,-0.9843,-0.91,-12.1076

PRICE_WINDOW_180_ROW_108=20260511,19.45,19.45,19.3,19.3,71000.0,19.46,19.7536,19.7375,20.4042,20.0975,-1.5306,-1.0256,-4.2184,0.5007,-2.2963,-2.2166,-13.4529

PRICE_WINDOW_180_ROW_109=20260512,19.25,19.25,18.9,18.95,136000.0,19.39,19.6866,19.6825,20.36,20.0896,-1.8135,-1.8135,-5.4863,0.9802,-3.7418,-3.7216,-15.0224

PRICE_WINDOW_180_ROW_110=20260513,18.85,18.85,18.65,18.75,116000.0,19.24,19.6086,19.6175,20.3125,20.0817,-1.0554,-3.8462,-6.4838,0.8545,-4.3786,-4.4221,-15.9193

PRICE_WINDOW_180_ROW_111=20260514,18.75,18.75,18.5,18.55,105000.0,19.03,19.5204,19.5425,20.26,20.0763,-1.0667,-5.3571,-7.4813,0.7886,-4.971,-5.0787,-16.8161

PRICE_WINDOW_180_ROW_112=20260515,18.55,18.65,18.4,18.55,79000.0,18.82,19.4395,19.4675,20.2067,20.0713,0.0,-5.3571,-7.4813,0.6155,-4.5757,-4.713,-16.8161

PRICE_WINDOW_180_ROW_113=20260518,18.4,18.55,18.3,18.45,27000.0,18.65,19.357,19.39,20.1525,20.0654,-0.5391,-4.4041,-7.75,0.2234,-4.6858,-4.8479,-17.2646

PRICE_WINDOW_180_ROW_114=20260519,18.45,18.45,18.2,18.3,34000.0,18.52,19.269,19.305,20.0933,20.0596,-0.813,-3.4301,-8.5,0.2954,-5.0286,-5.2059,-17.9372

PRICE_WINDOW_180_ROW_115=20260520,18.3,18.3,18.1,18.25,99000.0,18.42,19.184,19.2175,20.0308,20.0538,-0.2732,-2.6667,-8.75,0.859,-4.8688,-5.0345,-18.1614

PRICE_WINDOW_180_ROW_116=20260521,18.3,18.3,18.2,18.25,45000.0,18.36,19.1062,19.14,19.97,20.0512,0.0,-1.6173,-7.8283,0.4083,-4.4813,-4.6499,-18.1614

PRICE_WINDOW_180_ROW_117=20260522,18.25,18.3,18.05,18.25,18000.0,18.3,19.0349,19.065,19.9083,20.0529,0.0,-1.6173,-7.5949,0.183,-4.1233,-4.2748,-18.1614

PRICE_WINDOW_180_ROW_118=20260525,18.35,19.2,18.35,19.2,19000.0,18.45,19.0486,19.04,19.8625,20.0642,5.2055,4.065,-2.5381,0.2124,0.7947,0.8403,-13.9013

PRICE_WINDOW_180_ROW_119=20260526,19.5,19.5,18.8,18.8,19000.0,18.55,19.0279,18.995,19.8108,20.07,-2.0833,2.7322,-4.5685,0.2314,-1.1977,-1.0266,-15.6951

PRICE_WINDOW_180_ROW_120=20260527,18.65,18.65,18.4,18.4,18000.0,18.58,18.9756,18.9325,19.7508,20.0738,-2.1277,0.8219,-6.3613,0.237,-3.0332,-2.8126,-15.2074

PRICE_WINDOW_180_ROW_121=20260528,18.4,18.5,18.3,18.35,18000.0,18.6,18.9234,18.87,19.7008,20.0758,-0.2717,0.5479,-6.3776,0.2424,-3.0303,-2.7557,-14.8492

PRICE_WINDOW_180_ROW_122=20260529,18.4,18.5,18.35,18.45,18000.0,18.64,18.884,18.815,19.6617,20.0771,0.545,1.0959,-5.6266,0.2479,-2.2982,-1.9399,-13.3803

PRICE_WINDOW_180_ROW_123=20260601,18.45,18.65,18.4,18.55,19000.0,18.51,18.8562,18.7675,19.6425,20.0746,0.542,-3.3854,-4.8718,0.2798,-1.6236,-1.1589,-12.9108

PRICE_WINDOW_180_ROW_124=20260602,18.65,18.65,18.45,18.5,18.0,18.45,18.8265,18.7275,19.6167,20.0713,-0.2695,-1.5957,-4.1451,0.0003,-1.7341,-1.2148,-13.1455

PRICE_WINDOW_180_ROW_125=20260603,18.5,18.95,18.4,18.95,19000.0,18.56,18.8368,18.7,19.5942,20.0713,2.4324,2.9891,-2.8205,0.3273,0.6011,1.3369,-11.0329

PRICE_WINDOW_180_ROW_126=20260604,19.0,19.15,18.85,19.05,19000.0,18.7,18.8545,18.6725,19.575,20.0738,0.5277,3.8147,-2.8061,0.3575,1.0367,2.0217,-10.5634

PRICE_WINDOW_180_ROW_127=20260605,19.15,19.15,18.7,18.95,19000.0,18.8,18.8625,18.64,19.5475,20.0738,-0.5249,2.71,-3.3163,0.4232,0.4639,1.6631,-8.6747

PRICE_WINDOW_180_ROW_128=20260608,18.75,18.75,18.35,18.5,106000.0,18.79,18.8323,18.6,19.5167,20.0688,-2.3747,-0.2695,-4.1451,2.2722,-1.7645,-0.5376,-10.8434

PRICE_WINDOW_180_ROW_129=20260609,18.5,18.65,18.3,18.5,210000.0,18.79,18.8046,18.5775,19.4867,20.0638,0.0,0.0,-2.3747,4.1707,-1.6198,-0.4172,-10.8434

PRICE_WINDOW_180_ROW_130=20260610,18.4,18.4,18.3,18.35,99000.0,18.67,18.7667,18.5575,19.4575,20.0583,-0.8108,-3.1662,-2.1333,2.0,-2.2205,-1.1181,-11.5663

PRICE_WINDOW_180_ROW_131=20260611,18.35,18.35,18.1,18.2,178000.0,18.5,18.7195,18.54,19.4225,20.0521,-0.8174,-4.4619,-1.8868,3.349,-2.7751,-1.8339,-12.2892

PRICE_WINDOW_180_ROW_132=20260612,18.3,18.35,18.15,18.25,122000.0,18.36,18.6804,18.525,19.3892,20.0462,0.2747,-3.6939,-1.6173,2.2061,-2.3038,-1.4845,-12.0482

PRICE_WINDOW_180_ROW_133=20260615,18.4,18.4,18.15,18.2,245000.0,18.3,18.6403,18.5125,19.355,20.0417,-0.274,-1.6216,-1.355,3.7009,-2.3623,-1.688,-12.2892

PRICE_WINDOW_180_ROW_134=20260616,18.2,18.25,18.15,18.2,134000.0,18.24,18.6036,18.5075,19.325,20.0371,0.0,-1.6216,-0.5464,1.882,-2.1697,-1.6615,-12.2892

PRICE_WINDOW_180_ROW_135=20260617,18.2,18.3,18.15,18.3,63000.0,18.23,18.5783,18.51,19.2917,20.0321,0.5495,-0.2725,0.274,0.9078,-1.4982,-1.1345,-11.8072

PRICE_WINDOW_180_ROW_136=20260618,18.3,18.45,18.3,18.35,99000.0,18.26,18.5593,18.515,19.2575,20.0275,0.2732,0.8242,0.5479,1.3731,-1.1278,-0.8912,-11.5663

PRICE_WINDOW_180_ROW_137=20260622,18.5,18.6,18.25,18.35,129000.0,18.28,18.5419,18.52,19.225,20.0233,0.0,0.5479,0.5479,1.6613,-1.0348,-0.9179,-11.5663

PRICE_WINDOW_180_ROW_138=20260623,18.25,18.35,18.1,18.25,151000.0,18.29,18.5175,18.4725,19.1925,20.0183,-0.545,0.2747,-4.9479,1.7923,-1.4448,-1.2045,-12.0482

PRICE_WINDOW_180_ROW_139=20260624,18.3,18.35,18.2,18.25,63000.0,18.3,18.4952,18.445,19.1592,20.0146,0.0,0.2747,-2.9255,0.7287,-1.326,-1.0572,-10.9756

PRICE_WINDOW_180_ROW_140=20260625,18.25,18.3,18.2,18.25,78000.0,18.29,18.4748,18.4375,19.1217,20.0112,0.0,-0.2732,-0.8152,0.872,-1.2168,-1.0169,-10.9756

PRICE_WINDOW_180_ROW_141=20260626,18.35,18.35,18.15,18.15,159000.0,18.25,18.4477,18.4275,19.0858,20.0071,-0.5479,-1.0899,-1.0899,1.6477,-1.614,-1.5059,-10.5911

PRICE_WINDOW_180_ROW_142=20260629,18.15,18.3,18.15,18.25,61000.0,18.23,18.4313,18.4175,19.055,20.0038,0.551,-0.545,-1.084,0.6183,-0.9835,-0.9095,-10.0985

PRICE_WINDOW_180_ROW_143=20260630,18.3,18.3,18.15,18.2,114000.0,18.22,18.412,18.4,19.0233,19.9992,-0.274,-0.274,-1.8868,1.1025,-1.1514,-1.087,-10.3448

PRICE_WINDOW_180_ROW_144=20260701,18.2,18.25,17.95,17.95,437000.0,18.16,18.3735,18.3725,18.9883,19.9917,-1.3736,-1.6438,-2.973,3.489,-2.3049,-2.2996,-11.5764

PRICE_WINDOW_180_ROW_145=20260702,18.1,18.3,18.0,18.25,139000.0,18.16,18.3632,18.3375,18.9575,19.9712,1.6713,0.0,-3.6939,1.059,-0.6165,-0.4772,-10.0985

PRICE_WINDOW_180_ROW_146=20260703,18.25,18.5,18.25,18.45,183000.0,18.22,18.3704,18.3075,18.9292,19.9508,1.0959,1.6529,-3.1496,1.3123,0.4331,0.7784,-9.1133

PRICE_WINDOW_180_ROW_147=20260706,18.45,18.6,18.45,18.5,119000.0,18.27,18.3812,18.285,18.9017,19.9262,0.271,1.3699,-2.3747,0.8238,0.6461,1.1758,-8.867

PRICE_WINDOW_180_ROW_148=20260707,18.4,18.5,18.05,18.15,150000.0,18.26,18.362,18.2675,18.8683,19.8996,-1.8919,-0.2747,-1.8919,1.0228,-1.1544,-0.6432,-9.9256

PRICE_WINDOW_180_ROW_149=20260708,18.15,18.2,18.05,18.1,70000.0,18.29,18.3401,18.2475,18.8358,19.8729,-0.2755,0.8357,-2.1622,0.5013,-1.3093,-0.8083,-10.1737

PRICE_WINDOW_180_ROW_150=20260709,18.1,18.1,18.05,18.1,70000.0,18.26,18.3201,18.235,18.8033,19.8471,0.0,-0.8219,-1.3624,0.5065,-1.2015,-0.7403,-9.9502

PRICE_WINDOW_180_ROW_151=20260713,18.05,18.1,17.85,17.85,124000.0,18.14,18.2809,18.2175,18.7667,19.8188,-1.3812,-3.252,-1.9231,0.9151,-2.3573,-2.0173,-10.9726

PRICE_WINDOW_180_ROW_152=20260714,17.85,17.9,17.6,17.7,213000.0,17.98,18.2325,18.19,18.7275,19.7896,-0.8403,-4.3243,-3.0137,1.5209,-2.9208,-2.6938,-11.5

PRICE_WINDOW_180_ROW_153=20260715,17.8,18.0,17.8,18.0,43000.0,17.95,18.2132,18.18,18.6942,19.7633,1.6949,-0.8264,-1.0989,0.3309,-1.1703,-0.9901,-10.0

PRICE_WINDOW_180_ROW_154=20260716,17.9,17.95,17.6,17.95,149000.0,17.92,18.1912,18.1675,18.66,19.7358,-0.2778,-0.8287,-1.3736,1.14,-1.3261,-1.1972,-10.25

PRICE_WINDOW_180_ROW_155=20260717,18.05,18.05,17.65,17.7,111000.0,17.84,18.1503,18.1375,18.6217,19.7062,-1.3928,-2.2099,-3.2787,0.834,-2.4809,-2.4121,-11.5

PRICE_WINDOW_180_ROW_156=20260720,17.6,17.65,17.5,17.65,70000.0,17.8,18.1086,18.1025,18.5858,19.675,-0.2825,-1.1204,-3.8147,0.5317,-2.5325,-2.4997,-10.8586

PRICE_WINDOW_180_ROW_157=20260721,17.65,17.9,17.65,17.8,27000.0,17.82,18.0829,18.075,18.5533,19.6433,0.8499,0.565,-2.9973,0.2134,-1.5644,-1.5214,-10.101

PRICE_WINDOW_180_ROW_158=20260722,17.8,17.8,17.6,17.7,54000.0,17.76,18.051,18.0475,18.52,19.6121,-0.5618,-1.6667,-3.0137,0.4437,-1.9444,-1.9255,-10.1523

PRICE_WINDOW_180_ROW_159=20260723,17.75,17.8,17.7,17.8,39000.0,17.73,18.0301,18.025,18.4883,19.5833,0.565,-0.8357,-2.4658,0.3237,-1.276,-1.2483,-9.4148

PRICE_WINDOW_180_ROW_160=20260724,17.8,17.8,17.6,17.75,47000.0,17.74,18.0067,18.0,18.4567,19.5546,-0.2809,0.2825,-2.7397,0.3951,-1.4257,-1.3889,-9.6692

PRICE_WINDOW_180_ROW_161=20260727,17.75,17.75,17.6,17.75,66000.0,17.76,17.9853,17.98,18.4258,19.5262,0.0,0.5666,-2.2039,0.5774,-1.3084,-1.2792,-9.6692

PRICE_WINDOW_180_ROW_162=20260728,17.65,17.65,17.5,17.6,129000.0,17.72,17.9532,17.9475,18.3933,19.4967,-0.8451,-1.1236,-3.5616,1.096,-1.9674,-1.9362,-10.4326

PRICE_WINDOW_180_ROW_163=20260729,17.5,17.5,17.0,17.3,202000.0,17.64,17.8988,17.9025,18.3567,19.4646,-1.7045,-2.2599,-4.9451,1.6544,-3.3454,-3.3655,-11.9593

PRICE_WINDOW_180_ROW_164=20260730,17.1,17.35,17.0,17.2,119000.0,17.52,17.8406,17.865,18.3217,19.4304,-0.578,-3.3708,-4.1783,1.1205,-3.5904,-3.7224,-12.4682

PRICE_WINDOW_180_ROW_165=20260731,17.2,17.4,17.2,17.3,45000.0,17.43,17.7955,17.8175,18.285,19.3979,0.5814,-2.5352,-5.2055,0.4433,-2.7844,-2.9044,-11.9593

PRICE_WINDOW_180_ROW_166=20260803,17.15,17.4,17.15,17.4,41000.0,17.36,17.7625,17.765,18.2483,19.3654,0.578,-1.9718,-5.6911,0.4343,-2.0411,-2.0546,-11.2245

PRICE_WINDOW_180_ROW_167=20260804,17.4,17.6,17.3,17.6,48000.0,17.36,17.749,17.72,18.215,19.3292,1.1494,0.0,-4.8649,0.5283,-0.8395,-0.6772,-9.7436

PRICE_WINDOW_180_ROW_168=20260805,17.6,17.7,17.45,17.45,72000.0,17.39,17.7241,17.685,18.1842,19.2942,-0.8523,0.8671,-3.8567,0.8281,-1.5464,-1.3288,-10.5128

PRICE_WINDOW_180_ROW_169=20260806,17.65,17.65,17.6,17.6,26000.0,17.47,17.7137,17.66,18.1617,19.2608,0.8596,2.3256,-2.7624,0.3068,-0.6421,-0.3398,-9.7436

PRICE_WINDOW_180_ROW_170=20260807,17.5,17.7,17.5,17.55,38000.0,17.52,17.7001,17.6325,18.1417,19.2271,-0.2841,1.4451,-3.0387,0.457,-0.848,-0.4679,-10.0

PRICE_WINDOW_180_ROW_171=20260810,17.7,18.0,17.7,17.9,135000.0,17.62,17.7168,17.635,18.1308,19.1954,1.9943,2.8736,0.2801,1.6129,1.0343,1.5027,-8.2051

PRICE_WINDOW_180_ROW_172=20260811,17.9,18.1,17.9,17.95,75000.0,17.69,17.7362,17.6475,18.1208,19.1638,0.2793,1.9886,1.4124,0.9766,1.2055,1.7141,-7.9487

PRICE_WINDOW_180_ROW_173=20260812,18.0,18.15,17.95,17.95,107000.0,17.79,17.754,17.645,18.1125,19.1325,0.0,2.8653,-0.2778,1.3375,1.1039,1.7285,-7.9487

PRICE_WINDOW_180_ROW_174=20260813,17.95,18.25,17.95,18.2,105000.0,17.91,17.7912,17.6575,18.1108,19.1021,1.3928,3.4091,1.3928,1.3496,2.2979,3.0723,-6.6667

PRICE_WINDOW_180_ROW_175=20260814,18.25,18.25,18.05,18.2,59000.0,18.04,17.8252,17.6825,18.11,19.0704,0.0,3.7037,2.8249,0.7846,2.1024,2.9266,-6.6667

PRICE_WINDOW_180_ROW_176=20260817,18.25,18.35,18.2,18.25,57000.0,18.11,17.8606,17.7125,18.11,19.04,0.2747,1.9553,3.3994,0.7646,2.18,3.0346,-6.4103

PRICE_WINDOW_180_ROW_177=20260818,18.25,18.25,18.1,18.2,33000.0,18.16,17.8889,17.7325,18.1092,19.0088,-0.274,1.3928,2.2472,0.4409,1.7389,2.6364,-6.6667

PRICE_WINDOW_180_ROW_178=20260819,18.2,18.25,18.1,18.1,32000.0,18.19,17.9065,17.7525,18.0908,18.9767,-0.5495,0.8357,2.2599,0.4339,1.0805,1.9575,-7.1795

PRICE_WINDOW_180_ROW_179=20260820,18.15,18.35,18.15,18.35,101000.0,18.22,17.9435,17.78,18.0833,18.9471,1.3812,0.8242,3.0899,1.3142,2.2656,3.2058,-4.1775

PRICE_WINDOW_180_ROW_180=20260821,18.35,18.45,18.35,18.35,120000.0,18.25,17.9773,17.81,18.0825,18.9167,0.0,0.8242,3.3803,1.4907,2.0729,3.032,-4.1775
