# PRICE_WINDOW_180

columns=date,open,high,low,close,volume,ma5,ema23,ma20,ma60,ma120,return_1d,return_5d,return_20d,volume_ratio,distance_to_ema23_pct,distance_to_ma20_pct,distance_to_high_60_pct

PRICE_WINDOW_180_ROW_001=20251229,185.0,185.5,181.5,182.0,3133000.0,181.9,178.7321,176.9,170.8333,157.6807,-1.355,0.0,0.0,0.5436,1.8284,2.883,-12.0773

PRICE_WINDOW_180_ROW_002=20251230,182.0,182.0,178.5,180.5,1817000.0,181.8,178.8795,177.225,171.675,157.9524,-0.8242,-0.2762,3.7356,0.3264,0.9059,1.8479,-12.8019

PRICE_WINDOW_180_ROW_003=20251231,181.5,182.5,179.0,180.5,1790000.0,182.0,179.0145,177.7,172.4833,158.2176,0.0,0.5571,5.5556,0.3321,0.8298,1.5757,-12.8019

PRICE_WINDOW_180_ROW_004=20260102,180.5,191.5,179.5,186.0,7939000.0,182.7,179.5966,178.325,173.3333,158.5407,3.0471,1.9178,7.2046,1.4045,3.5654,4.3039,-10.1449

PRICE_WINDOW_180_ROW_005=20260105,186.0,187.5,179.0,180.5,5831000.0,181.9,179.6719,178.825,174.0667,158.7931,-2.957,-2.168,5.8651,1.0201,0.4609,0.9367,-12.8019

PRICE_WINDOW_180_ROW_006=20260106,182.5,186.0,181.5,185.5,4052000.0,182.6,180.1576,179.625,174.875,159.0966,2.7701,1.9231,9.4395,0.7162,2.9654,3.2707,-10.3865

PRICE_WINDOW_180_ROW_007=20260107,187.0,187.0,176.0,178.0,6602000.0,182.1,179.9778,180.2,175.575,159.309,-4.0431,-1.385,6.9069,1.1375,-1.0989,-1.2209,-14.0097

PRICE_WINDOW_180_ROW_008=20260108,178.0,179.5,170.0,170.0,6444000.0,180.0,179.1463,180.175,176.075,159.4278,-4.4944,-5.8172,-0.2933,1.0785,-5.1055,-5.6473,-17.8744

PRICE_WINDOW_180_ROW_009=20260109,172.0,172.5,168.0,168.5,3863000.0,176.5,178.2591,180.05,176.4917,159.5275,-0.8824,-9.4086,-1.462,0.6422,-5.4747,-6.4149,-18.599

PRICE_WINDOW_180_ROW_010=20260112,169.5,171.5,166.5,167.5,4989000.0,173.9,177.3625,179.025,176.7833,159.6141,-0.5935,-7.2022,-10.9043,0.904,-5.5607,-6.4376,-19.0821

PRICE_WINDOW_180_ROW_011=20260113,168.0,169.0,162.5,164.0,5744000.0,169.6,176.249,178.05,177.0667,159.6613,-2.0896,-11.5903,-10.6267,1.2269,-6.9498,-7.891,-20.7729

PRICE_WINDOW_180_ROW_012=20260114,166.5,169.0,166.0,168.0,3011000.0,167.6,175.5616,177.425,177.4,159.75,2.439,-5.618,-6.9252,0.6568,-4.3071,-5.3121,-18.8406

PRICE_WINDOW_180_ROW_013=20260115,169.5,172.5,167.0,169.5,2999000.0,167.5,175.0564,177.125,177.775,159.8526,0.8929,-0.2941,-3.4188,0.6898,-3.1741,-4.3049,-18.1159

PRICE_WINDOW_180_ROW_014=20260116,170.5,171.5,166.0,169.0,2744000.0,167.6,174.5517,176.7,178.0917,159.9479,-0.295,0.2967,-4.7887,0.6583,-3.1806,-4.3577,-18.3575

PRICE_WINDOW_180_ROW_015=20260119,169.5,169.5,165.0,166.5,2713000.0,167.4,173.8807,176.275,178.2833,160.0155,-1.4793,-0.597,-4.8571,0.6593,-4.2447,-5.5453,-19.5652

PRICE_WINDOW_180_ROW_016=20260120,166.5,168.5,165.0,166.5,2158000.0,167.9,173.2657,175.5,178.5833,160.0816,0.0,1.5244,-8.5165,0.5442,-3.9048,-5.1282,-19.5652

PRICE_WINDOW_180_ROW_017=20260121,166.0,172.0,163.5,167.5,3616000.0,167.8,172.7852,174.825,178.6583,160.1566,0.6006,-0.2976,-7.4586,0.9139,-3.0588,-4.1899,-19.0821

PRICE_WINDOW_180_ROW_018=20260122,171.0,173.5,169.5,172.5,3338000.0,168.4,172.7614,174.475,178.55,160.28,2.9851,1.7699,-3.8997,0.8445,-0.1513,-1.132,-16.6667

PRICE_WINDOW_180_ROW_019=20260123,175.5,175.5,169.0,169.0,2798000.0,168.4,172.448,173.8,178.3667,160.3663,-2.029,0.0,-7.3973,0.7087,-1.9994,-2.7618,-18.3575

PRICE_WINDOW_180_ROW_020=20260126,169.0,170.0,167.0,167.5,1450000.0,168.6,172.0357,172.95,178.1167,160.4363,-0.8876,0.6006,-9.2141,0.3765,-2.6365,-3.1512,-19.0821

PRICE_WINDOW_180_ROW_021=20260127,168.0,170.5,167.0,168.5,1402000.0,169.0,171.741,172.275,177.7917,160.5146,0.597,1.2012,-7.4176,0.3724,-1.8872,-2.1913,-18.599

PRICE_WINDOW_180_ROW_022=20260128,169.5,170.0,166.0,168.5,2094000.0,169.2,171.4709,171.675,177.4,160.5913,0.0,0.597,-6.6482,0.5541,-1.7326,-1.8494,-18.599

PRICE_WINDOW_180_ROW_023=20260129,169.5,171.0,163.0,164.0,3001000.0,167.5,170.8484,170.85,177.1167,160.6238,-2.6706,-4.9275,-9.1413,0.7816,-4.0084,-4.0094,-20.7729

PRICE_WINDOW_180_ROW_024=20260130,164.0,165.0,155.0,157.0,7443000.0,165.1,169.6943,169.4,176.5667,160.5896,-4.2683,-7.1006,-15.5914,1.9512,-7.4807,-7.32,-24.1546

PRICE_WINDOW_180_ROW_025=20260202,156.0,162.0,155.5,158.5,3465000.0,163.3,168.7615,168.3,175.9,160.5701,0.9554,-5.3731,-12.1884,0.9374,-6.0805,-5.8229,-20.9476

PRICE_WINDOW_180_ROW_026=20260203,164.0,174.0,163.0,172.5,6931000.0,164.1,169.073,167.65,175.5917,160.6806,8.8328,2.3739,-7.0081,1.8048,2.0269,2.8929,-10.8527

PRICE_WINDOW_180_ROW_027=20260204,173.0,174.0,170.0,170.5,3403000.0,164.5,169.1919,167.275,175.2583,160.7706,-1.1594,1.1869,-4.2135,0.9247,0.7731,1.928,-11.8863

PRICE_WINDOW_180_ROW_028=20260205,169.5,172.5,165.5,166.5,2412000.0,165.0,168.9676,167.1,175.0,160.8227,-2.346,1.5244,-2.0588,0.6934,-1.4604,-0.3591,-13.7306

PRICE_WINDOW_180_ROW_029=20260206,166.0,172.0,157.5,172.0,4189000.0,168.0,169.2203,167.275,174.7667,160.9234,3.3033,9.5541,2.0772,1.1986,1.6427,2.8247,-10.8808

PRICE_WINDOW_180_ROW_030=20260209,177.0,188.5,177.0,186.5,15907000.0,173.6,170.6603,168.225,174.725,161.1518,8.4302,17.6656,11.3433,3.9365,9.2814,10.8634,-3.3679

PRICE_WINDOW_180_ROW_031=20260210,188.0,191.0,181.0,181.5,8887000.0,175.4,171.5636,169.1,174.6417,161.3319,-2.681,5.2174,10.6707,2.1169,5.7917,7.3329,-5.7143

PRICE_WINDOW_180_ROW_032=20260211,184.0,189.5,183.0,185.5,9427000.0,178.4,172.725,169.975,174.6833,161.5439,2.2039,8.7977,10.4167,2.0862,7.3962,9.1337,-3.6364

PRICE_WINDOW_180_ROW_033=20260223,194.5,202.0,191.5,196.0,12384000.0,184.3,174.6645,171.3,175.0833,161.8435,5.6604,17.7177,15.6342,2.4827,12.2151,14.4191,-2.9703

PRICE_WINDOW_180_ROW_034=20260224,196.0,213.0,193.5,210.0,14784000.0,191.9,177.6092,173.35,175.7,162.2586,7.1429,22.093,24.2604,2.6447,18.2371,21.1422,-1.4085

PRICE_WINDOW_180_ROW_035=20260225,215.0,227.0,209.0,212.5,14032000.0,197.1,180.5167,175.65,176.2583,162.688,1.1905,13.941,27.6276,2.2794,17.7176,20.9792,-6.3877

PRICE_WINDOW_180_ROW_036=20260226,213.0,231.5,209.0,227.0,11733000.0,206.2,184.3903,178.675,177.125,163.2331,6.8235,25.0689,36.3363,1.7684,23.1084,27.0463,-1.9438

PRICE_WINDOW_180_ROW_037=20260302,219.5,225.0,213.0,213.0,11749000.0,211.7,186.7745,180.95,177.6333,163.6513,-6.1674,14.8248,27.1642,1.6685,14.0413,17.7121,-7.9914

PRICE_WINDOW_180_ROW_038=20260303,215.0,222.0,209.0,216.0,11381000.0,215.7,189.2099,183.125,178.1917,164.0875,1.4085,10.2041,25.2174,1.529,14.1589,17.9522,-6.6955

PRICE_WINDOW_180_ROW_039=20260304,210.0,217.5,200.0,215.0,12924000.0,216.7,191.3591,185.425,178.7,162.9875,-0.463,2.381,27.2189,1.6257,12.3542,15.9498,-7.1274

PRICE_WINDOW_180_ROW_040=20260305,224.5,236.5,222.5,236.0,20703000.0,221.4,195.0792,188.85,179.5667,164.3917,9.7674,11.0588,40.8955,2.3229,20.9765,24.9669,-0.2114

PRICE_WINDOW_180_ROW_041=20260306,233.0,243.0,230.0,239.5,15116000.0,223.9,198.7809,192.4,180.525,165.5417,1.4831,5.5066,42.1365,1.5749,20.4844,24.4802,-1.4403

PRICE_WINDOW_180_ROW_042=20260309,216.0,216.0,216.0,216.0,2023000.0,224.5,200.2158,194.775,181.225,166.4542,-9.8121,1.4085,28.1899,0.2108,7.8836,10.8972,-11.1111

PRICE_WINDOW_180_ROW_043=20260310,224.5,228.0,201.5,204.0,19218000.0,222.1,200.5312,196.775,181.775,167.2625,-5.5556,-5.5556,24.3902,1.8469,1.7298,3.6717,-16.0494

PRICE_WINDOW_180_ROW_044=20260311,209.0,223.0,208.0,221.0,9740000.0,223.3,202.2369,199.975,182.5667,168.1375,8.3333,2.7907,40.7643,0.9258,9.2778,10.5138,-9.0535

PRICE_WINDOW_180_ROW_045=20260312,220.0,225.0,214.5,216.0,8395000.0,219.3,203.3838,202.85,183.325,168.975,-2.2624,-8.4746,36.2776,0.7797,6.2031,6.4826,-11.1111

PRICE_WINDOW_180_ROW_046=20260313,215.5,225.5,212.0,218.5,7966000.0,215.1,204.6435,205.15,184.1417,169.8292,1.1574,-8.7683,26.6667,0.7363,6.771,6.5074,-10.0823

PRICE_WINDOW_180_ROW_047=20260316,221.0,226.5,215.0,222.5,10102000.0,216.4,206.1316,207.75,185.075,170.7208,1.8307,3.0093,30.4985,0.9057,7.9408,7.0999,-8.4362

PRICE_WINDOW_180_ROW_048=20260317,220.0,220.0,200.5,219.5,24287000.0,219.5,207.2456,210.4,185.8917,171.6125,-1.3483,7.598,31.8318,1.983,5.913,4.3251,-9.6708

PRICE_WINDOW_180_ROW_049=20260318,222.5,224.5,212.5,219.5,11534000.0,219.2,208.2668,212.775,186.7,172.4875,0.0,-0.6787,27.6163,0.9143,5.3937,3.1606,-9.6708

PRICE_WINDOW_180_ROW_050=20260319,217.5,241.0,215.5,241.0,18527000.0,224.2,210.9946,215.5,187.5833,173.5458,9.795,11.5741,29.2225,1.4536,14.221,11.8329,-0.823

PRICE_WINDOW_180_ROW_051=20260320,243.5,246.0,218.5,224.0,22160000.0,225.3,212.0784,217.625,188.2583,174.4542,-7.0539,2.5172,23.416,1.6526,5.6213,2.9294,-8.9431

PRICE_WINDOW_180_ROW_052=20260323,215.0,222.5,210.5,213.0,8607000.0,223.4,212.1552,219.0,188.8,175.2917,-4.9107,-4.2697,14.8248,0.6438,0.3982,-2.7397,-13.4146

PRICE_WINDOW_180_ROW_053=20260324,220.0,222.0,208.0,208.0,6226000.0,221.1,211.8089,219.6,189.3417,176.1083,-2.3474,-5.2392,6.1224,0.4767,-1.7983,-5.2823,-15.4472

PRICE_WINDOW_180_ROW_054=20260325,213.0,218.5,213.0,217.5,3713000.0,220.7,212.2832,219.975,190.0083,176.9708,4.5673,-0.9112,3.5714,0.2969,2.4575,-1.1251,-11.5854

PRICE_WINDOW_180_ROW_055=20260326,219.0,220.0,214.0,214.0,3320000.0,215.3,212.4262,220.05,190.6583,177.7625,-1.6092,-11.2033,0.7059,0.2773,0.7409,-2.7494,-13.0081

PRICE_WINDOW_180_ROW_056=20260327,210.5,214.0,207.5,214.0,2939000.0,213.3,212.5574,219.4,191.1917,178.5208,0.0,-4.4643,-5.7269,0.2549,0.6787,-2.4613,-13.0081

PRICE_WINDOW_180_ROW_057=20260330,205.0,208.0,200.5,206.0,5156000.0,211.9,212.0109,219.05,191.6083,179.2125,-3.7383,-3.2864,-3.2864,0.4603,-2.8352,-5.9575,-16.2602

PRICE_WINDOW_180_ROW_058=20260331,205.0,209.0,190.5,191.5,6948000.0,208.6,210.3017,217.825,191.8083,179.7708,-7.0388,-7.9327,-11.3426,0.6328,-8.9403,-12.0854,-22.1545

PRICE_WINDOW_180_ROW_059=20260401,200.5,205.0,198.5,199.0,5013000.0,204.9,209.3599,217.025,192.0833,180.425,3.9164,-8.5057,-7.4419,0.4736,-4.9484,-8.3055,-19.1057

PRICE_WINDOW_180_ROW_060=20260402,201.0,202.5,191.0,192.0,3939000.0,200.5,207.9132,214.825,192.2083,181.025,-3.5176,-10.2804,-18.6441,0.4041,-7.6538,-10.6249,-21.9512

PRICE_WINDOW_180_ROW_061=20260407,200.0,208.5,198.0,204.0,4295000.0,198.5,207.5871,213.05,192.575,181.7042,6.25,-4.6729,-14.8225,0.4666,-1.728,-4.2478,-17.0732

PRICE_WINDOW_180_ROW_062=20260408,206.0,213.0,206.0,207.5,4569000.0,198.8,207.5799,212.625,193.025,182.35,1.7157,0.7282,-3.9352,0.4896,-0.0385,-2.4103,-15.6504

PRICE_WINDOW_180_ROW_063=20260409,209.5,221.0,208.5,217.5,8099000.0,204.0,208.4065,213.3,193.6417,183.0625,4.8193,13.577,6.6176,0.9228,4.3633,1.9691,-11.5854

PRICE_WINDOW_180_ROW_064=20260410,221.5,227.0,218.5,221.0,8615000.0,208.4,209.456,213.3,194.225,183.7792,1.6092,11.0553,0.0,0.9879,5.5114,3.6099,-10.1626

PRICE_WINDOW_180_ROW_065=20260413,217.5,217.5,208.5,212.5,9009000.0,212.5,209.7097,213.125,194.7583,184.4125,-3.8462,10.6771,-1.6204,1.0295,1.3306,-0.2933,-13.6179

PRICE_WINDOW_180_ROW_066=20260414,215.5,230.5,215.0,218.5,11831000.0,215.4,210.4422,213.125,195.3083,185.0917,2.8235,7.1078,0.0,1.3227,3.829,2.522,-11.1789

PRICE_WINDOW_180_ROW_067=20260415,223.0,229.0,217.0,222.5,9677000.0,218.4,211.447,213.125,196.05,185.8125,1.8307,7.2289,0.0,1.0845,5.2273,4.3988,-9.5528

PRICE_WINDOW_180_ROW_068=20260416,227.0,240.0,225.5,226.5,16486000.0,220.2,212.7014,213.475,196.9917,186.5333,1.7978,4.1379,3.1891,1.932,6.4873,6.1014,-7.9268

PRICE_WINDOW_180_ROW_069=20260417,224.0,238.0,222.0,235.0,8255000.0,223.0,214.5596,214.25,198.1,187.2958,3.7528,6.3348,7.0615,0.9864,9.5267,9.6849,-4.4715

PRICE_WINDOW_180_ROW_070=20260420,244.0,258.5,242.5,258.5,7237000.0,232.2,218.2213,215.125,199.6167,188.2,10.0,21.6471,7.2614,0.9273,18.4577,20.1627,0.0

PRICE_WINDOW_180_ROW_071=20260421,275.0,280.0,258.5,266.5,16252000.0,241.8,222.2446,217.25,201.325,189.1958,3.0948,21.968,18.9732,2.1642,19.9129,22.6697,-4.8214

PRICE_WINDOW_180_ROW_072=20260422,266.5,281.0,261.5,279.0,9536000.0,253.1,226.9742,220.55,203.175,190.2875,4.6904,25.3933,30.9859,1.2621,22.9215,26.5019,-0.7117

PRICE_WINDOW_180_ROW_073=20260423,285.5,306.5,276.5,306.5,26671000.0,269.1,233.6013,225.475,205.4583,191.6167,9.8566,35.3201,47.3558,3.1092,31.2064,35.9352,0.0

PRICE_WINDOW_180_ROW_074=20260424,318.5,329.5,301.5,317.0,32364000.0,285.5,240.5512,230.45,207.925,193.0083,3.4258,34.8936,45.7471,3.233,31.7807,37.557,-3.7936

PRICE_WINDOW_180_ROW_075=20260427,309.0,310.5,285.5,285.5,11959000.0,290.9,244.2969,234.025,209.9083,194.0958,-9.9369,10.4449,33.4112,1.1452,16.866,21.9955,-13.3536

PRICE_WINDOW_180_ROW_076=20260428,284.0,288.5,276.5,285.5,8303000.0,294.7,247.7305,237.6,211.8917,195.2375,0.0,7.1295,33.4112,0.7752,15.2462,20.1599,-13.3536

PRICE_WINDOW_180_ROW_077=20260429,285.5,288.0,275.0,286.5,5587000.0,296.2,250.9613,241.625,213.875,196.2667,0.3503,2.6882,39.0777,0.5206,14.161,18.5722,-13.0501

PRICE_WINDOW_180_ROW_078=20260430,289.0,290.0,281.5,285.5,3682000.0,292.0,253.8395,246.325,215.7583,197.1542,-0.349,-6.8515,49.0862,0.3484,12.4726,15.9038,-13.3536

PRICE_WINDOW_180_ROW_079=20260504,288.0,299.0,285.5,292.5,5729000.0,287.1,257.0613,251.0,217.8167,198.0917,2.4518,-7.7287,46.9849,0.5402,13.7861,16.5339,-11.2291

PRICE_WINDOW_180_ROW_080=20260505,292.5,294.5,287.5,291.0,3557000.0,288.2,259.8895,255.95,219.875,198.9958,-0.5128,1.9264,51.5625,0.336,11.9707,13.6941,-11.6844

PRICE_WINDOW_180_ROW_081=20260506,295.5,297.0,270.5,280.5,9115000.0,287.2,261.607,259.775,221.7417,199.7667,-3.6082,-1.7513,37.5,0.8419,7.2219,7.9781,-14.871

PRICE_WINDOW_180_ROW_082=20260507,283.0,288.5,279.0,281.5,3526000.0,286.2,263.2648,263.475,223.625,200.5125,0.3565,-1.7452,35.6627,0.3273,6.9266,6.8413,-14.5675

PRICE_WINDOW_180_ROW_083=20260508,280.5,288.0,274.0,276.5,3076000.0,284.4,264.3677,266.425,225.5,201.3083,-1.7762,-3.1524,27.1264,0.2923,4.5892,3.7816,-16.085

PRICE_WINDOW_180_ROW_084=20260511,275.0,277.0,250.0,275.5,10732000.0,281.0,265.2954,269.15,227.475,202.0208,-0.3617,-5.812,24.6606,1.0097,3.8465,2.3593,-16.3885

PRICE_WINDOW_180_ROW_085=20260512,272.5,281.0,271.0,272.5,2943000.0,277.3,265.8958,272.15,229.375,202.6375,-1.0889,-6.3574,28.2353,0.285,2.4838,0.1286,-17.2989

PRICE_WINDOW_180_ROW_086=20260513,267.0,269.0,261.0,263.0,3062000.0,273.8,265.6545,274.375,230.8833,203.2375,-3.4862,-6.2389,20.3661,0.3097,-0.9992,-4.1458,-20.1821

PRICE_WINDOW_180_ROW_087=20260514,266.5,280.0,258.0,277.0,7663000.0,272.9,266.5999,277.1,232.6583,203.9583,5.3232,-1.5986,24.4944,0.783,3.901,-0.0361,-15.9332

PRICE_WINDOW_180_ROW_088=20260515,277.5,279.0,267.5,271.0,5985000.0,271.8,266.9666,279.325,234.4,204.7,-2.1661,-1.9892,19.6468,0.6462,1.5108,-2.9804,-17.7542

PRICE_WINDOW_180_ROW_089=20260518,260.0,266.5,258.0,265.5,3872000.0,269.8,266.8444,280.85,235.9583,205.3625,-2.0295,-3.6298,12.9787,0.4282,-0.5038,-5.4656,-19.4234

PRICE_WINDOW_180_ROW_090=20260519,266.0,270.5,262.0,269.5,2567000.0,269.2,267.0657,281.4,237.3417,206.0333,1.5066,-1.1009,4.2553,0.2914,0.9115,-4.2289,-18.2094

PRICE_WINDOW_180_ROW_091=20260520,268.5,273.0,262.0,262.0,4403000.0,269.0,266.6435,281.175,238.6833,206.6625,-2.7829,-0.3802,-1.6886,0.5359,-1.7415,-6.8196,-20.4856

PRICE_WINDOW_180_ROW_092=20260521,268.0,276.0,267.0,272.5,3732000.0,268.1,267.1316,280.85,240.1333,207.4083,4.0076,-1.6245,-2.3297,0.4708,2.0097,-2.9731,-17.2989

PRICE_WINDOW_180_ROW_093=20260522,277.0,281.5,273.5,278.0,277000.0,269.5,268.0373,279.425,241.5,208.2917,2.0183,2.583,-9.2985,0.0419,3.7169,-0.51,-15.6297

PRICE_WINDOW_180_ROW_094=20260525,286.0,305.5,282.0,302.0,297000.0,276.8,270.8675,278.675,243.0333,209.3667,8.6331,13.7476,-4.7319,0.0594,11.4936,8.37,-8.346

PRICE_WINDOW_180_ROW_095=20260526,327.0,332.0,311.5,332.0,324000.0,289.3,275.9619,281.0,245.025,210.6417,9.9338,23.1911,16.2872,0.0733,20.3065,18.1495,0.0

PRICE_WINDOW_180_ROW_096=20260527,338.0,339.0,323.0,328.5,331000.0,302.6,280.3401,283.15,246.7167,211.9208,-1.0542,25.3817,15.0613,0.0823,17.1791,16.0162,-3.0973

PRICE_WINDOW_180_ROW_097=20260528,335.0,361.0,330.5,336.0,347000.0,315.3,284.9784,285.625,248.7667,213.2,2.2831,23.3028,17.2775,0.0923,17.9037,17.6368,-6.9252

PRICE_WINDOW_180_ROW_098=20260529,347.5,347.5,321.5,347.0,336000.0,329.1,290.1469,288.7,250.95,214.5708,3.2738,24.8201,21.5412,0.0935,19.5946,20.194,-3.8781

PRICE_WINDOW_180_ROW_099=20260601,360.5,375.0,358.0,367.0,367000.0,342.1,296.5513,292.425,253.4833,216.0917,5.7637,21.5232,25.4701,0.1104,23.756,25.5023,-2.1333

PRICE_WINDOW_180_ROW_100=20260602,367.0,368.5,350.0,362.5,358.0,348.2,302.047,296.0,255.5917,217.5792,-1.2262,9.1867,24.5704,0.0001,20.0144,22.4662,-3.3333

PRICE_WINDOW_180_ROW_101=20260603,365.5,375.0,361.5,366.5,368000.0,355.8,307.4181,300.3,257.7083,219.1167,1.1034,11.5677,30.6595,0.1358,19.2187,22.0446,-2.2667

PRICE_WINDOW_180_ROW_102=20260604,361.5,364.0,357.5,363.5,361000.0,361.3,312.0916,304.4,260.1667,220.6958,-0.8186,8.1845,29.1297,0.1414,16.4722,19.4152,-3.0667

PRICE_WINDOW_180_ROW_103=20260605,359.0,359.0,343.0,350.5,351000.0,362.0,315.2923,308.1,262.6083,222.1917,-3.5763,1.0086,26.7631,0.1453,11.1667,13.7618,-6.5333

PRICE_WINDOW_180_ROW_104=20260608,315.5,320.0,315.5,315.5,4807000.0,351.7,315.3096,310.1,264.1833,223.375,-9.9857,-14.0327,14.5191,2.2678,0.0604,1.7414,-15.8667

PRICE_WINDOW_180_ROW_105=20260609,321.0,325.5,313.5,317.5,6626000.0,342.7,315.4921,312.35,265.875,224.6,0.6339,-12.4138,16.5138,2.8761,0.6364,1.6488,-15.3333

PRICE_WINDOW_180_ROW_106=20260610,314.0,324.5,291.0,293.0,7189000.0,328.0,313.6178,313.85,267.1167,225.6292,-7.7165,-20.0546,11.4068,2.864,-6.5742,-6.6433,-21.8667

PRICE_WINDOW_180_ROW_107=20260611,290.0,298.5,277.0,296.5,6092000.0,314.6,312.1913,314.825,268.35,226.7125,1.1945,-18.4319,7.0397,2.5053,-5.0262,-5.8207,-20.9333

PRICE_WINDOW_180_ROW_108=20260612,309.5,312.5,300.5,301.5,3466000.0,304.8,311.3004,316.35,269.7167,227.8042,1.6863,-13.98,11.2546,1.5033,-3.1482,-4.6942,-19.6

PRICE_WINDOW_180_ROW_109=20260615,308.0,310.0,301.0,303.0,3298000.0,302.3,310.6087,318.225,271.1083,228.9042,0.4975,-3.962,14.1243,1.4484,-2.4496,-4.7844,-19.2

PRICE_WINDOW_180_ROW_110=20260616,308.5,308.5,296.0,296.5,2777000.0,298.1,309.4329,319.575,272.0333,229.8083,-2.1452,-6.6142,10.0186,1.214,-4.1796,-7.2205,-20.9333

PRICE_WINDOW_180_ROW_111=20260617,292.0,304.5,291.5,304.0,2543000.0,300.3,308.9802,321.675,273.3667,230.8125,2.5295,3.7543,16.0305,1.1588,-1.6118,-5.4947,-18.9333

PRICE_WINDOW_180_ROW_112=20260618,305.0,319.5,303.5,319.5,7283000.0,304.9,309.8568,324.025,275.1417,231.9708,5.0987,7.7572,17.2477,3.0704,3.1121,-1.3965,-14.8

PRICE_WINDOW_180_ROW_113=20260622,320.0,321.0,312.0,318.0,6009000.0,308.2,310.5354,326.025,276.975,233.1583,-0.4695,5.4726,14.3885,2.2602,2.4038,-2.4615,-15.2

PRICE_WINDOW_180_ROW_114=20260623,318.5,319.0,306.0,306.0,4445000.0,308.8,310.1575,326.225,278.45,234.2292,-3.7736,0.9901,1.3245,1.5509,-1.3404,-6.1997,-18.4

PRICE_WINDOW_180_ROW_115=20260624,302.5,308.5,298.5,306.0,4617000.0,310.7,309.811,324.925,279.9833,235.3208,0.0,3.204,-7.8313,1.4987,-1.2301,-5.8244,-18.4

PRICE_WINDOW_180_ROW_116=20260625,310.0,312.5,306.0,311.5,3320000.0,312.2,309.9518,324.075,281.6083,236.4,1.7974,2.4671,-5.175,1.0278,0.4995,-3.8803,-16.9333

PRICE_WINDOW_180_ROW_117=20260626,310.5,313.5,300.0,300.5,4047000.0,308.4,309.1641,322.3,283.1833,237.3958,-3.5313,-5.9468,-10.5655,1.185,-2.8024,-6.7639,-19.8667

PRICE_WINDOW_180_ROW_118=20260629,304.0,304.0,294.0,297.0,2134000.0,304.2,308.1505,319.8,284.9417,238.375,-1.1647,-6.6038,-14.4092,0.6088,-3.6185,-7.1295,-20.8

PRICE_WINDOW_180_ROW_119=20260630,303.5,311.0,302.5,308.5,2412000.0,304.7,308.1796,316.875,286.7667,239.425,3.8721,0.817,-15.9401,0.6687,0.104,-2.643,-17.7333

PRICE_WINDOW_180_ROW_120=20260701,314.0,317.0,307.5,308.0,4092000.0,305.1,308.1646,314.15,288.7,240.4542,-0.1621,0.6536,-15.0345,1.0735,-0.0534,-1.9577,-17.8667

PRICE_WINDOW_180_ROW_121=20260702,306.5,312.0,305.0,312.0,2454000.0,305.2,308.4842,311.425,290.5,241.5375,1.2987,0.1605,-14.8704,0.6266,1.1397,0.1846,-16.8

PRICE_WINDOW_180_ROW_122=20260703,310.0,317.0,308.5,316.0,2687000.0,308.3,309.1105,309.05,292.3083,242.6667,1.2821,5.1581,-13.0674,0.6663,2.2288,2.2488,-15.7333

PRICE_WINDOW_180_ROW_123=20260706,320.0,328.0,318.0,323.0,9989000.0,313.5,310.268,307.675,294.0667,243.8542,2.2152,8.7542,-7.8459,2.2127,4.1035,4.9809,-13.8667

PRICE_WINDOW_180_ROW_124=20260707,323.5,326.0,298.0,301.0,7225000.0,312.0,309.4957,306.95,295.4,244.8125,-6.8111,-2.4311,-4.5959,1.5587,-2.745,-1.9384,-19.7333

PRICE_WINDOW_180_ROW_125=20260708,302.5,308.0,298.5,302.0,2726000.0,310.8,308.871,306.175,296.8917,245.825,0.3322,-1.9481,-4.8819,0.6139,-2.2246,-1.3636,-19.4667

PRICE_WINDOW_180_ROW_126=20260709,303.0,307.5,298.0,298.5,2161000.0,308.1,308.0068,306.45,298.225,246.7667,-1.1589,-4.3269,1.8771,0.5159,-3.0865,-2.5942,-20.4

PRICE_WINDOW_180_ROW_127=20260713,295.0,306.5,280.5,282.0,4689000.0,301.3,305.8395,305.725,299.2167,247.6333,-5.5276,-10.7595,-4.8904,1.1385,-7.7948,-7.7602,-24.8

PRICE_WINDOW_180_ROW_128=20260714,282.5,282.5,254.0,261.0,4437000.0,288.9,302.1029,303.7,299.7917,248.3917,-7.4468,-19.195,-13.4328,1.0647,-13.6056,-14.0599,-30.4

PRICE_WINDOW_180_ROW_129=20260715,267.0,267.0,261.0,264.0,2357000.0,281.5,298.9277,301.75,300.275,249.1875,1.1494,-12.2924,-12.8713,0.5721,-11.6843,-12.5104,-29.6

PRICE_WINDOW_180_ROW_130=20260716,264.0,264.0,253.0,257.5,1902000.0,272.6,295.4754,299.8,300.2583,249.9375,-2.4621,-14.7351,-13.1535,0.4666,-12.8523,-14.1094,-31.3333

PRICE_WINDOW_180_ROW_131=20260717,247.0,249.5,232.0,232.5,4221000.0,259.4,290.2274,296.225,299.6917,250.5083,-9.7087,-22.1106,-23.5197,1.0146,-19.8904,-21.5124,-38.0

PRICE_WINDOW_180_ROW_132=20260720,232.0,240.5,213.0,239.5,3326000.0,250.9,286.0001,292.225,299.0333,251.1042,3.0108,-15.0709,-25.0391,0.8394,-16.2588,-18.0426,-36.1333

PRICE_WINDOW_180_ROW_133=20260721,242.0,248.0,238.5,247.0,1571000.0,248.1,282.7501,288.675,298.0417,251.75,3.1315,-5.364,-22.327,0.42,-12.6437,-14.4367,-34.1333

PRICE_WINDOW_180_ROW_134=20260722,251.0,260.0,250.0,250.0,1694000.0,245.3,280.0209,285.875,296.925,252.425,1.2146,-5.303,-18.3007,0.4702,-10.721,-12.5492,-33.3333

PRICE_WINDOW_180_ROW_135=20260723,249.0,251.5,243.5,249.0,1370000.0,243.6,277.4359,283.025,296.3167,253.1125,-0.4,-3.301,-18.6275,0.3982,-10.2495,-12.0219,-33.6

PRICE_WINDOW_180_ROW_136=20260724,248.0,250.0,236.0,236.0,1104000.0,244.3,273.9829,279.25,295.4917,253.6917,-5.2209,1.5054,-24.2376,0.3315,-13.8632,-15.4879,-37.0667

PRICE_WINDOW_180_ROW_137=20260727,236.0,240.0,227.0,233.0,1473000.0,243.0,270.5676,275.875,294.6,254.2375,-1.2712,-2.714,-22.4626,0.4601,-13.8847,-15.5415,-37.8667

PRICE_WINDOW_180_ROW_138=20260728,224.5,224.5,213.0,215.0,2532000.0,236.6,265.937,271.775,293.425,254.5917,-7.7253,-12.9555,-27.6094,0.7861,-19.1538,-20.8904,-42.6667

PRICE_WINDOW_180_ROW_139=20260729,215.0,217.0,193.5,202.5,5221000.0,227.1,260.6506,266.475,291.925,254.8708,-5.814,-19.0,-34.3598,1.5532,-22.3098,-24.0079,-46.0

PRICE_WINDOW_180_ROW_140=20260730,197.0,205.0,186.5,189.5,2754000.0,215.2,254.7214,260.55,290.2333,255.0542,-6.4198,-23.8956,-38.474,0.8359,-25.605,-27.2692,-49.4667

PRICE_WINDOW_180_ROW_141=20260731,205.0,208.0,200.5,208.0,2415000.0,209.6,250.8279,255.35,289.025,255.3833,9.7625,-11.8644,-33.3333,0.7334,-17.0746,-18.5432,-44.5333

PRICE_WINDOW_180_ROW_142=20260803,207.0,219.5,203.5,217.5,1849000.0,206.5,248.0506,250.425,287.9583,255.7917,4.5673,-6.6524,-31.1709,0.5688,-12.3163,-13.1476,-42.0

PRICE_WINDOW_180_ROW_143=20260804,218.0,218.5,212.5,215.0,4245000.0,206.5,245.2964,245.025,286.9333,256.2167,-1.1494,0.0,-33.4365,1.4324,-12.3509,-12.2539,-42.6667

PRICE_WINDOW_180_ROW_144=20260805,222.5,224.0,213.0,213.5,4960000.0,208.7,242.6467,240.65,285.9,256.6875,-0.6977,5.4321,-29.0698,1.7401,-12.012,-11.2819,-43.0667

PRICE_WINDOW_180_ROW_145=20260806,214.5,216.5,206.0,214.0,3755000.0,213.6,240.2595,236.25,284.925,257.15,0.2342,12.9288,-29.1391,1.294,-10.9296,-9.418,-42.9333

PRICE_WINDOW_180_ROW_146=20260807,213.0,214.5,200.0,202.0,3490000.0,212.4,237.0712,231.425,283.9083,257.3958,-5.6075,-2.8846,-32.3283,1.1758,-14.7935,-12.7147,-46.1333

PRICE_WINDOW_180_ROW_147=20260810,204.5,219.0,203.5,214.0,3308000.0,211.7,235.1486,228.025,282.8583,257.7583,5.9406,-1.6092,-24.1135,1.141,-8.9937,-6.1506,-42.9333

PRICE_WINDOW_180_ROW_148=20260811,212.0,223.5,212.0,220.0,3128000.0,212.7,233.8862,225.975,282.0083,258.2042,2.8037,2.3256,-15.7088,1.1038,-5.9372,-2.6441,-41.3333

PRICE_WINDOW_180_ROW_149=20260812,221.0,225.5,218.5,218.5,1682000.0,213.7,232.604,223.7,281.225,258.5917,-0.6818,2.3419,-17.2348,0.6007,-6.0635,-2.3245,-41.7333

PRICE_WINDOW_180_ROW_150=20260813,222.5,231.5,220.0,220.5,3397000.0,215.0,231.5953,221.85,280.4083,258.875,0.9153,3.0374,-14.3689,1.1817,-4.7908,-0.6085,-41.2

PRICE_WINDOW_180_ROW_151=20260814,225.0,225.5,218.5,218.5,2091000.0,218.3,230.5041,221.15,279.6833,259.1833,-0.907,8.1683,-6.0215,0.7554,-5.2077,-1.1983,-41.7333

PRICE_WINDOW_180_ROW_152=20260817,218.5,221.0,215.0,216.0,1637000.0,218.7,229.2954,219.975,278.7417,259.4375,-1.1442,0.9346,-9.8121,0.61,-5.7984,-1.807,-42.4

PRICE_WINDOW_180_ROW_153=20260818,218.0,219.5,208.5,209.5,2061000.0,216.6,227.6458,218.1,277.6,259.55,-3.0093,-4.7727,-15.1822,0.761,-7.9711,-3.9431,-44.1333

PRICE_WINDOW_180_ROW_154=20260819,205.0,229.0,204.0,223.5,4546000.0,217.6,227.3003,216.775,276.2917,259.6625,6.6826,2.2883,-10.6,1.5946,-1.6719,3.1023,-40.4

PRICE_WINDOW_180_ROW_155=20260820,225.5,226.0,212.0,214.5,4037000.0,216.4,226.2336,215.05,274.3333,259.6792,-4.0268,-2.7211,-13.8554,1.3528,-5.1865,-0.2558,-42.8

PRICE_WINDOW_180_ROW_156=20260821,216.0,217.0,210.0,211.5,1126000.0,215.0,225.0058,213.825,272.3833,259.55,-1.3986,-3.2037,-10.3814,0.3772,-6.0024,-1.0873,-43.6

PRICE_WINDOW_180_ROW_157=20260824,217.0,232.5,216.5,229.0,8522000.0,217.6,225.3387,213.625,270.6,259.6833,8.2742,6.0185,-1.7167,2.5532,1.6248,7.1972,-38.9333

PRICE_WINDOW_180_ROW_158=20260825,227.5,239.0,216.0,239.0,9063000.0,223.5,226.4771,214.825,268.8,259.875,4.3668,14.0811,11.1628,2.4733,5.5294,11.2533,-36.2667

PRICE_WINDOW_180_ROW_159=20260826,233.0,244.0,232.5,241.0,6158000.0,227.0,227.6873,216.75,266.7,260.0917,0.8368,7.83,19.0123,1.6593,5.8469,11.188,-35.7333

PRICE_WINDOW_180_ROW_160=20260827,241.5,256.0,239.0,250.5,6949000.0,234.2,229.5884,219.8,264.8333,260.2125,3.9419,16.7832,32.19,1.7723,9.1083,13.9672,-33.2

PRICE_WINDOW_180_ROW_161=20260828,252.0,252.5,243.0,248.0,4794000.0,241.5,231.1227,221.8,262.8583,260.2833,-0.998,17.2577,19.2308,1.1867,7.3023,11.8124,-31.8681

PRICE_WINDOW_180_ROW_162=20260831,247.0,259.0,245.5,253.5,5374000.0,246.4,232.9875,223.6,261.025,260.5958,2.2177,10.6987,16.5517,1.2746,8.8041,13.3721,-29.3872

PRICE_WINDOW_180_ROW_163=20260901,252.0,268.0,251.0,259.5,5294000.0,250.5,235.1968,225.825,259.5083,261.0583,2.3669,8.5774,20.6977,1.2402,10.3331,14.912,-20.8841

PRICE_WINDOW_180_ROW_164=20260902,259.0,263.0,256.0,256.5,2401000.0,253.6,236.9721,227.975,258.525,261.3542,-1.1561,6.4315,20.1405,0.5799,8.2406,12.5123,-21.7988

PRICE_WINDOW_180_ROW_165=20260903,257.0,261.5,245.0,245.5,2604000.0,252.6,237.6828,229.55,257.325,261.6,-4.2885,-1.996,14.7196,0.6378,3.2889,6.9484,-25.1524

PRICE_WINDOW_180_ROW_166=20260904,248.5,270.0,247.5,270.0,5921000.0,257.0,240.3759,232.95,256.9417,262.0292,9.9796,8.871,33.6634,1.4082,12.3241,15.9047,-17.6829

PRICE_WINDOW_180_ROW_167=20260907,278.0,283.0,266.0,269.5,6022000.0,260.2,242.8029,235.725,256.4917,262.4208,-0.1852,6.3116,25.9346,1.3874,10.9954,14.3281,-17.8354

PRICE_WINDOW_180_ROW_168=20260908,272.0,272.0,262.0,264.5,2209000.0,261.2,244.611,237.95,255.875,262.7958,-1.8553,1.9268,20.2273,0.5144,8.1309,11.1578,-19.3598

PRICE_WINDOW_180_ROW_169=20260909,272.5,284.0,271.0,275.0,5089000.0,264.9,247.1434,240.775,255.4083,263.2583,3.9698,7.2125,25.8581,1.1398,11.2714,14.2145,-16.1585

PRICE_WINDOW_180_ROW_170=20260910,272.0,279.0,267.0,275.0,2807000.0,270.8,249.4648,243.5,255.05,263.5417,0.0,12.0163,24.7166,0.6329,10.236,12.9363,-16.1585

PRICE_WINDOW_180_ROW_171=20260911,267.0,268.0,255.0,258.0,4913000.0,268.4,250.176,245.475,254.2833,263.825,-6.1818,-4.4444,18.0778,1.0736,3.1274,5.1024,-21.3415

PRICE_WINDOW_180_ROW_172=20260914,253.0,262.0,252.0,260.0,1464000.0,266.5,250.9947,247.675,253.2917,264.2167,0.7752,-3.525,20.3704,0.3205,3.5878,4.9763,-20.7317

PRICE_WINDOW_180_ROW_173=20260915,260.0,265.5,253.5,253.5,1629000.0,264.3,251.2035,249.875,252.2167,264.5958,-2.5,-4.1588,21.0024,0.3583,0.9142,1.4507,-22.7134

PRICE_WINDOW_180_ROW_174=20260916,253.0,269.0,253.0,264.0,2852000.0,262.1,252.2699,251.9,251.5167,264.9833,4.142,-4.0,18.1208,0.6393,4.6498,4.8035,-19.5122

PRICE_WINDOW_180_ROW_175=20260917,267.5,282.0,266.0,266.0,4382000.0,260.3,253.414,254.475,250.85,265.4167,0.7576,-3.2727,24.0093,0.9784,4.9666,4.5289,-18.9024

PRICE_WINDOW_180_ROW_176=20260918,274.0,288.0,270.5,282.5,9008000.0,265.2,255.8379,258.025,250.3667,265.9875,6.203,9.4961,33.5697,1.8486,10.4215,9.4855,-13.872

PRICE_WINDOW_180_ROW_177=20260921,280.0,284.5,277.0,281.0,3117000.0,269.4,257.9347,260.625,250.0417,266.6125,-0.531,8.0769,22.7074,0.6772,8.9423,7.8177,-14.3293

PRICE_WINDOW_180_ROW_178=20260922,286.0,291.5,275.5,276.0,4359000.0,273.9,259.4402,262.475,249.6917,267.3167,-1.7794,8.8757,15.4812,0.9981,6.3829,5.1529,-15.8537

PRICE_WINDOW_180_ROW_179=20260923,277.5,281.5,272.5,274.0,2229000.0,275.9,260.6535,264.125,249.1167,267.9417,-0.7246,3.7879,13.6929,0.5344,5.1204,3.7388,-16.4634

PRICE_WINDOW_180_ROW_180=20260924,270.0,280.5,270.0,274.0,1970000.0,277.5,261.7657,265.3,248.55,268.625,0.0,3.0075,9.3812,0.5023,4.6738,3.2793,-16.4634
