# PRICE_WINDOW_180

columns=date,open,high,low,close,volume,ma5,ema23,ma20,ma60,ma120,return_1d,return_5d,return_20d,volume_ratio,distance_to_ema23_pct,distance_to_ma20_pct,distance_to_high_60_pct

PRICE_WINDOW_180_ROW_001=20251208,237.5,246.0,227.5,241.0,2092128.0,245.4,211.7108,232.1,232.1,232.1,0.0,4.7826,,0.7639,13.8345,3.8346,-10.0746

PRICE_WINDOW_180_ROW_002=20251209,242.0,242.0,232.0,242.0,1774031.0,247.2,214.2349,233.0,233.0,233.0,0.4149,3.8627,,0.6692,12.9601,3.8627,-9.7015

PRICE_WINDOW_180_ROW_003=20251210,238.0,242.0,236.0,237.5,1285218.0,243.5,216.1737,233.375,233.375,233.375,-1.8595,-7.2266,,0.5065,9.8654,1.7675,-11.3806

PRICE_WINDOW_180_ROW_004=20251211,240.5,241.0,232.5,236.5,1405953.0,239.6,217.8675,233.6154,233.6154,233.6154,-0.4211,-7.6172,,0.5738,8.5522,1.2348,-11.7537

PRICE_WINDOW_180_ROW_005=20251212,238.0,254.5,238.0,250.0,2631468.0,241.4,220.5452,234.7857,234.7857,234.7857,5.7082,3.7344,,1.0683,13.3554,6.4801,-6.7164

PRICE_WINDOW_180_ROW_006=20251215,239.0,246.5,236.0,241.0,1179876.0,241.4,222.2498,235.2,235.2,235.2,-3.6,0.0,,0.4962,8.4365,2.466,-10.0746

PRICE_WINDOW_180_ROW_007=20251216,238.0,245.0,233.0,237.5,1178484.0,240.5,223.5207,235.3438,235.3438,235.3438,-1.4523,-1.8595,,0.5118,6.2542,0.9162,-11.3806

PRICE_WINDOW_180_ROW_008=20251217,246.0,251.0,237.0,247.0,1292838.0,242.4,225.4773,236.0294,236.0294,236.0294,4.0,4.0,,0.5763,9.5454,4.648,-7.8358

PRICE_WINDOW_180_ROW_009=20251218,242.0,248.5,238.0,239.5,1027426.0,243.0,226.6458,236.2222,236.2222,236.2222,-3.0364,1.2685,,0.4722,5.6715,1.3876,-10.6343

PRICE_WINDOW_180_ROW_010=20251219,242.0,245.0,237.0,238.0,977447.0,240.6,227.592,236.3158,236.3158,236.3158,-0.6263,-4.8,,0.4627,4.5731,0.7127,-11.194

PRICE_WINDOW_180_ROW_011=20251222,243.0,261.5,240.0,261.5,3022614.0,244.7,230.4177,237.575,237.575,237.575,9.8739,8.5062,,1.4006,13.4896,10.0705,-2.4254

PRICE_WINDOW_180_ROW_012=20251223,261.5,269.0,252.5,266.0,2633000.0,250.4,233.3829,241.95,238.9286,238.9286,1.7208,12.0,49.0196,1.2392,13.9758,9.9401,-1.1152

PRICE_WINDOW_180_ROW_013=20251224,266.5,268.0,258.0,258.0,1571813.0,252.6,235.4343,243.375,239.7955,239.7955,-3.0075,4.4534,12.4183,0.7773,9.5847,6.0092,-4.0892

PRICE_WINDOW_180_ROW_014=20251226,259.0,283.0,255.0,283.0,2238773.0,261.3,239.3981,246.525,241.6739,241.6739,9.6899,18.1628,28.6364,1.1278,18.2131,14.7957,0.0

PRICE_WINDOW_180_ROW_015=20251229,281.0,300.0,278.5,300.0,3048349.0,273.7,244.4483,249.725,244.1042,244.1042,6.0071,26.0504,27.1186,1.5189,22.7254,20.1321,0.0

PRICE_WINDOW_180_ROW_016=20251230,293.0,304.0,288.0,298.5,1940243.0,281.1,248.9526,253.15,246.28,246.28,-0.5,14.1491,29.7826,0.9684,19.9024,17.9143,-1.8092

PRICE_WINDOW_180_ROW_017=20251231,299.5,309.5,294.0,295.0,1741200.0,286.9,252.7899,256.25,248.1538,248.1538,-1.1725,10.9023,26.6094,0.8719,16.6977,15.122,-4.685

PRICE_WINDOW_180_ROW_018=20260102,294.0,297.0,288.5,290.5,1193983.0,293.4,255.9324,257.975,249.7222,249.7222,-1.5254,12.5969,13.4766,0.6281,13.5065,12.6078,-6.1389

PRICE_WINDOW_180_ROW_019=20260105,292.5,308.5,291.5,306.0,1662799.0,298.0,260.1047,260.475,251.7321,251.7321,5.3356,8.1272,19.5312,0.9166,17.6449,17.4777,-1.1309

PRICE_WINDOW_180_ROW_020=20260106,301.0,302.5,294.0,295.0,1475596.0,297.0,263.0126,263.175,253.2241,253.2241,-3.5948,-1.6667,22.4066,0.8343,12.1619,12.0927,-4.685

PRICE_WINDOW_180_ROW_021=20260107,295.0,295.0,269.0,276.5,2071755.0,292.6,264.1366,264.95,254.0,254.0,-6.2712,-7.3702,14.7303,1.172,4.6807,4.3593,-10.6624

PRICE_WINDOW_180_ROW_022=20260108,270.5,279.5,267.0,270.0,1339743.0,287.6,264.6252,266.35,254.5161,254.5161,-2.3508,-8.4746,11.5702,0.7674,2.0311,1.3704,-12.7625

PRICE_WINDOW_180_ROW_023=20260109,270.0,278.0,269.0,272.5,693191.0,284.0,265.2814,268.1,255.0781,255.0781,0.9259,-6.1962,14.7368,0.4039,2.7211,1.6412,-11.9548

PRICE_WINDOW_180_ROW_024=20260112,273.5,276.0,269.0,269.0,871501.0,276.6,265.5913,269.725,255.5,255.5,-1.2844,-12.0915,13.7421,0.5158,1.2834,-0.2688,-13.0856

PRICE_WINDOW_180_ROW_025=20260113,269.0,271.0,250.0,251.5,1815334.0,267.9,264.417,269.8,255.3824,255.3824,-6.5056,-14.7458,0.6,1.101,-4.8851,-6.7828,-18.7399

PRICE_WINDOW_180_ROW_026=20260114,253.0,261.0,250.5,252.0,1082676.0,263.0,263.3823,270.35,255.2857,255.2857,0.1988,-8.8608,4.5643,0.6586,-4.3216,-6.7875,-18.5784

PRICE_WINDOW_180_ROW_027=20260115,251.5,251.5,241.5,246.0,974772.0,258.2,261.9338,270.775,255.0278,255.0278,-2.381,-8.8889,3.5789,0.5966,-6.0831,-9.1497,-20.517

PRICE_WINDOW_180_ROW_028=20260116,248.5,256.0,240.0,250.5,1002890.0,253.8,260.9809,270.95,254.9054,254.9054,1.8293,-8.0734,1.417,0.6194,-4.016,-7.5475,-19.063

PRICE_WINDOW_180_ROW_029=20260119,248.0,249.0,242.0,242.0,765825.0,248.4,259.3992,271.075,254.5658,254.5658,-3.3932,-10.0372,1.0438,0.4768,-6.7075,-10.7258,-21.8094

PRICE_WINDOW_180_ROW_030=20260120,241.5,252.5,241.5,248.0,522844.0,247.7,258.4493,271.575,254.3974,254.3974,2.4793,-1.3917,4.2017,0.3302,-4.0431,-8.6808,-19.8708

PRICE_WINDOW_180_ROW_031=20260121,243.5,247.5,236.5,236.5,863669.0,244.6,256.6202,270.325,253.95,253.95,-4.6371,-6.1508,-9.5602,0.5853,-7.8404,-12.5127,-23.5864

PRICE_WINDOW_180_ROW_032=20260122,238.5,242.0,234.0,237.5,1004350.0,242.9,255.0268,268.9,253.5488,253.5488,0.4228,-3.4553,-10.7143,0.7204,-6.8725,-11.6772,-23.2633

PRICE_WINDOW_180_ROW_033=20260123,237.5,242.0,235.5,239.0,746180.0,240.6,253.6912,267.95,253.2024,253.2024,0.6316,-4.5908,-7.3643,0.5516,-5.791,-10.8043,-22.7787

PRICE_WINDOW_180_ROW_034=20260126,241.5,262.0,241.0,255.0,1434812.0,243.2,253.8003,266.55,253.2442,253.2442,6.6946,5.3719,-9.894,1.0931,0.4727,-4.3331,-17.609

PRICE_WINDOW_180_ROW_035=20260127,252.5,255.0,246.5,249.0,777357.0,243.4,253.4003,264.0,253.1477,253.1477,-2.3529,0.4032,-17.0,0.6483,-1.7365,-5.6818,-19.5477

PRICE_WINDOW_180_ROW_036=20260128,260.5,260.5,247.0,247.5,757909.0,245.6,252.9086,261.45,253.0222,253.0222,-0.6024,4.6512,-17.0854,0.6649,-2.1386,-5.3356,-20.0323

PRICE_WINDOW_180_ROW_037=20260129,242.0,246.5,238.0,241.0,682330.0,246.3,251.9162,258.75,252.7609,252.7609,-2.6263,1.4737,-18.3051,0.6277,-4.3333,-6.8599,-22.1325

PRICE_WINDOW_180_ROW_038=20260130,242.0,242.0,236.0,238.0,408393.0,246.1,250.7565,256.125,252.4468,252.4468,-1.2448,-0.4184,-18.0723,0.3898,-5.0872,-7.0766,-23.1018

PRICE_WINDOW_180_ROW_039=20260202,234.0,234.0,226.5,226.5,642597.0,240.4,248.7351,252.15,251.9062,251.9062,-4.8319,-11.1765,-25.9804,0.6447,-8.9393,-10.1725,-26.8174

PRICE_WINDOW_180_ROW_040=20260203,232.0,237.5,229.5,236.0,398520.0,237.8,247.6739,249.2,251.5816,251.5816,4.1943,-5.2209,-20.0,0.4227,-4.7134,-5.297,-23.748

PRICE_WINDOW_180_ROW_041=20260204,236.0,242.5,235.0,242.5,420584.0,236.8,247.2427,247.5,251.4,251.4,2.7542,-2.0202,-12.2966,0.4889,-1.9182,-2.0202,-21.6478

PRICE_WINDOW_180_ROW_042=20260205,240.5,266.0,237.5,254.5,1641474.0,239.5,247.8475,246.725,251.4608,251.4608,4.9485,5.6017,-5.7407,1.8752,2.6841,3.1513,-17.7706

PRICE_WINDOW_180_ROW_043=20260206,254.0,267.0,236.5,261.5,1603149.0,244.2,248.9852,246.175,251.6538,251.6538,2.7505,9.8739,-4.0367,1.7409,5.0263,6.2252,-15.5089

PRICE_WINDOW_180_ROW_044=20260209,273.5,273.5,258.0,261.5,1267157.0,251.2,250.0281,245.8,251.8396,251.8396,0.0,15.4525,-2.7881,1.3471,4.5882,6.3873,-15.5089

PRICE_WINDOW_180_ROW_045=20260210,262.0,269.0,250.5,269.0,1131370.0,257.8,251.6091,246.675,252.1574,252.1574,2.8681,13.9831,6.9583,1.2481,6.9119,9.0504,-13.0856

PRICE_WINDOW_180_ROW_046=20260211,270.0,290.0,269.0,287.5,2853884.0,266.8,254.6,248.45,252.8,252.8,6.8773,18.5567,14.0873,2.8682,12.9222,15.7174,-7.1082

PRICE_WINDOW_180_ROW_047=20260223,288.0,302.5,282.0,296.5,1922784.0,275.2,258.0917,250.975,253.5804,253.5804,3.1304,16.5029,20.5285,1.8446,14.8817,18.1393,-4.2003

PRICE_WINDOW_180_ROW_048=20260224,300.0,300.0,286.5,297.0,1416782.0,282.3,261.334,253.3,254.3421,254.3421,0.1686,13.5755,18.5629,1.3327,13.6477,17.2523,-4.0388

PRICE_WINDOW_180_ROW_049=20260225,299.0,307.0,288.0,294.5,1427067.0,288.9,264.0979,255.925,255.0345,255.0345,-0.8418,12.6195,21.6942,1.3019,11.5117,15.0728,-4.8465

PRICE_WINDOW_180_ROW_050=20260226,297.0,299.5,288.0,290.5,1308630.0,293.2,266.298,258.05,255.6356,255.6356,-1.3582,7.9926,17.1371,1.1525,9.0883,12.5751,-6.1389

PRICE_WINDOW_180_ROW_051=20260302,278.0,292.5,275.0,287.5,1232412.0,293.2,268.0649,260.6,256.1667,256.1667,-1.0327,0.0,21.5645,1.0681,7.2502,10.3223,-7.1082

PRICE_WINDOW_180_ROW_052=20260303,288.0,305.0,286.0,299.5,2079313.0,293.8,270.6845,263.7,258.1833,256.877,4.1739,1.0118,26.1053,1.7218,10.6454,13.576,-3.231

PRICE_WINDOW_180_ROW_053=20260304,290.0,329.0,289.0,323.5,3814032.0,299.1,275.0858,267.925,259.75,257.9516,8.0134,8.9226,35.3556,2.8023,17.5997,20.7427,-1.6717

PRICE_WINDOW_180_ROW_054=20260305,322.5,338.0,316.0,329.0,2939851.0,306.0,279.5786,271.625,261.5667,259.0794,1.7002,11.7148,29.0196,2.0469,17.6771,21.1229,-2.6627

PRICE_WINDOW_180_ROW_055=20260306,313.5,313.5,296.5,296.5,3269041.0,307.2,280.9887,274.0,262.575,259.6641,-9.8784,2.0654,19.0763,2.0944,5.5202,8.2117,-12.2781

PRICE_WINDOW_180_ROW_056=20260309,267.0,271.0,267.0,267.0,1040557.0,303.1,279.823,274.975,263.1917,259.7769,-9.9494,-7.1304,7.8788,0.6607,-4.5825,-2.9003,-21.0059

PRICE_WINDOW_180_ROW_057=20260310,271.0,287.5,270.0,281.0,877960.0,299.4,279.9211,276.975,263.9917,260.0985,5.2434,-6.177,16.5975,0.554,0.3854,1.4532,-16.8639

PRICE_WINDOW_180_ROW_058=20260311,282.5,295.5,282.0,292.0,630324.0,293.1,280.9277,279.675,264.5917,260.5746,3.9146,-9.7372,22.6891,0.395,3.9413,4.4069,-13.6095

PRICE_WINDOW_180_ROW_059=20260312,288.0,302.0,287.0,299.0,1105421.0,287.1,282.4337,283.3,265.3083,261.1397,2.3973,-9.1185,32.0088,0.6828,5.8656,5.5418,-11.5385

PRICE_WINDOW_180_ROW_060=20260313,293.0,324.5,292.5,318.5,1590565.0,291.5,285.4392,287.425,266.6,261.971,6.5217,7.4199,34.9576,0.9475,11.5824,10.8115,-5.7692

PRICE_WINDOW_180_ROW_061=20260316,325.0,325.0,308.5,319.5,1014819.0,302.0,288.2776,291.275,267.9083,262.7929,0.314,19.6629,31.7526,0.594,10.8307,9.6902,-5.4734

PRICE_WINDOW_180_ROW_062=20260317,324.5,331.0,311.0,318.5,1135792.0,309.5,290.7961,294.475,269.1833,263.5775,-0.313,13.3452,25.1473,0.6748,9.5269,8.1586,-5.7692

PRICE_WINDOW_180_ROW_063=20260318,325.0,325.0,315.0,317.0,812961.0,314.5,292.9798,297.25,270.5083,264.3194,-0.471,8.5616,21.2237,0.4946,8.1986,6.6442,-6.213

PRICE_WINDOW_180_ROW_064=20260319,318.0,341.5,314.0,333.0,1656745.0,321.3,296.3148,300.825,272.1167,265.2603,5.0473,11.3712,27.3423,0.9962,12.3805,10.6956,-2.489

PRICE_WINDOW_180_ROW_065=20260320,336.0,366.0,330.5,365.0,2050148.0,330.6,302.0386,305.625,274.0333,266.6081,9.6096,14.5997,35.6877,1.1997,20.8455,19.4274,-0.2732

PRICE_WINDOW_180_ROW_066=20260323,336.0,356.0,328.5,332.0,1628652.0,333.1,304.5354,307.85,275.55,267.48,-9.0411,3.9124,15.4783,0.9884,9.0185,7.8447,-9.2896

PRICE_WINDOW_180_ROW_067=20260324,350.5,355.5,325.0,338.0,1064890.0,337.0,307.3241,309.925,277.225,268.4079,1.8072,6.1224,13.9966,0.6636,9.9816,9.0586,-7.6503

PRICE_WINDOW_180_ROW_068=20260325,349.0,369.0,348.0,363.0,1211723.0,346.2,311.9637,313.225,279.1583,269.6364,7.3964,14.511,22.2222,0.7599,16.3597,15.8911,-1.626

PRICE_WINDOW_180_ROW_069=20260326,388.0,399.0,374.5,390.0,3012156.0,357.6,318.4668,318.0,281.6667,271.1795,7.438,17.1171,32.4278,1.7996,22.4618,22.6415,-2.2556

PRICE_WINDOW_180_ROW_070=20260327,388.0,405.0,377.0,396.0,2060016.0,363.8,324.9279,323.275,284.3,272.7595,1.5385,8.4932,36.3167,1.2037,21.8732,22.4963,-2.2222

PRICE_WINDOW_180_ROW_071=20260330,390.0,390.0,366.5,379.0,1264946.0,373.2,329.4339,327.85,286.2583,274.0875,-4.2929,14.1566,31.8261,0.7384,15.0458,15.6016,-6.4198

PRICE_WINDOW_180_ROW_072=20260331,370.0,393.5,361.0,386.0,1292446.0,382.8,334.1477,332.175,288.2583,275.4691,1.847,14.2012,28.8815,0.7722,15.5178,16.2038,-4.6914

PRICE_WINDOW_180_ROW_073=20260401,404.5,416.5,385.0,407.0,1720242.0,391.6,340.2187,336.35,290.7417,277.0732,5.4404,12.1212,25.8114,1.0964,19.6289,21.0049,-2.2809

PRICE_WINDOW_180_ROW_074=20260402,403.0,411.5,386.0,386.5,1562545.0,390.9,344.0755,339.225,292.4667,278.3916,-5.0369,-0.8974,17.4772,1.0416,12.33,13.9362,-7.2029

PRICE_WINDOW_180_ROW_075=20260407,398.0,405.0,384.5,393.0,1053023.0,390.3,348.1526,344.05,294.0167,279.756,1.6818,-0.7576,32.5464,0.758,12.8815,14.2276,-5.6423

PRICE_WINDOW_180_ROW_076=20260408,403.0,427.0,400.0,418.5,1931589.0,398.2,354.0148,351.625,296.0167,281.3882,6.4885,10.4222,56.7416,1.3471,18.2154,19.0188,-1.9906

PRICE_WINDOW_180_ROW_077=20260409,426.0,430.0,411.0,417.5,1468648.0,404.5,359.3053,358.45,298.0583,282.9709,-0.2389,8.1606,48.5765,1.0036,16.1965,16.4737,-2.907

PRICE_WINDOW_180_ROW_078=20260410,425.5,432.5,417.0,430.0,1185336.0,409.1,365.1965,365.35,300.3833,284.6609,2.994,5.6511,47.2603,0.7949,17.7448,17.6954,-0.578

PRICE_WINDOW_180_ROW_079=20260413,427.0,449.5,423.0,449.5,1221151.0,421.7,372.2218,372.875,302.775,286.5341,4.5349,16.3001,50.3344,0.8158,20.7613,20.5498,0.0

PRICE_WINDOW_180_ROW_080=20260414,455.5,462.0,445.0,453.5,1641951.0,433.8,378.995,379.625,305.4167,288.4101,0.8899,15.3944,42.3862,1.095,19.6586,19.46,-1.8398

PRICE_WINDOW_180_ROW_081=20260415,453.5,458.5,418.0,427.5,1518142.0,435.6,383.0371,385.025,307.9333,289.9556,-5.7332,2.1505,33.8028,0.9957,11.608,11.0318,-7.4675

PRICE_WINDOW_180_ROW_082=20260416,427.5,443.0,421.5,432.0,1134456.0,438.5,387.1173,390.7,310.6333,291.5165,1.0526,3.4731,35.6358,0.7441,11.5941,10.5708,-6.4935

PRICE_WINDOW_180_ROW_083=20260417,437.5,475.0,435.0,475.0,1683747.0,447.5,394.4409,398.6,314.0083,293.5109,9.9537,10.4651,49.8423,1.0737,20.4236,19.1671,0.0

PRICE_WINDOW_180_ROW_084=20260420,516.0,522.0,485.0,494.0,1920171.0,456.4,402.7375,406.65,317.7583,295.6667,4.0,9.8999,48.3483,1.2143,22.6606,21.4804,-5.364

PRICE_WINDOW_180_ROW_085=20260421,506.0,534.0,492.0,516.0,2058283.0,468.9,412.176,414.2,322.1667,298.0106,4.4534,13.7817,41.3699,1.3013,25.1892,24.5775,-3.3708

PRICE_WINDOW_180_ROW_086=20260422,519.0,555.0,517.0,545.0,2182433.0,492.4,423.2447,424.85,327.05,300.6105,5.6202,27.4854,64.1566,1.3561,28.7671,28.2806,-1.8018

PRICE_WINDOW_180_ROW_087=20260423,550.0,553.0,513.0,520.0,2874647.0,510.0,431.3076,433.95,331.6167,302.8958,-4.5872,20.3704,53.8462,1.6911,20.5636,19.8295,-6.3063

PRICE_WINDOW_180_ROW_088=20260424,533.0,541.0,485.5,490.0,2349589.0,513.0,436.1986,440.3,335.6083,304.8247,-5.7692,3.1579,34.9862,1.3374,12.3341,11.2878,-11.7117

PRICE_WINDOW_180_ROW_089=20260427,497.0,501.0,467.0,489.0,1294374.0,512.0,440.5988,445.25,339.725,306.7041,-0.2041,-1.0121,25.3846,0.7747,10.9853,9.8259,-11.8919

PRICE_WINDOW_180_ROW_090=20260428,492.5,497.0,474.0,475.0,1161748.0,503.8,443.4655,449.2,343.5083,308.404,-2.863,-7.9457,19.9495,0.7145,7.1109,5.7435,-14.4144

PRICE_WINDOW_180_ROW_091=20260429,475.0,480.0,458.0,461.0,1291046.0,487.0,444.9267,453.3,347.25,309.93,-2.9474,-15.4128,21.6359,0.7934,3.6126,1.6987,-16.9369

PRICE_WINDOW_180_ROW_092=20260430,470.0,496.5,470.0,474.5,1545922.0,477.9,447.3912,457.725,351.2,311.5594,2.9284,-8.75,22.9275,0.9427,6.0593,3.6649,-14.5045

PRICE_WINDOW_180_ROW_093=20260504,474.5,486.0,468.0,473.0,1182404.0,474.5,449.5252,461.025,355.1,313.1422,-0.3161,-3.4694,16.2162,0.733,5.2221,2.5975,-14.7748

PRICE_WINDOW_180_ROW_094=20260505,472.0,520.0,468.0,520.0,1668989.0,480.7,455.3981,467.7,359.5167,315.1505,9.9366,6.3395,34.5408,1.0313,14.1858,11.1824,-6.3063

PRICE_WINDOW_180_ROW_095=20260506,535.0,569.0,490.0,561.0,3268307.0,497.9,464.1983,476.1,364.7167,317.5144,7.8846,18.1053,42.7481,1.8901,20.8535,17.8324,-1.406

PRICE_WINDOW_180_ROW_096=20260507,590.0,594.0,550.0,559.0,2355430.0,517.5,472.0984,483.125,369.9083,319.8143,-0.3565,21.2581,33.5723,1.3457,18.4075,15.705,-5.8923

PRICE_WINDOW_180_ROW_097=20260508,535.0,573.0,527.0,540.0,2677629.0,530.6,477.7569,489.25,374.8917,321.8915,-3.3989,13.804,29.3413,1.4787,13.0282,10.373,-9.0909

PRICE_WINDOW_180_ROW_098=20260511,543.0,594.0,537.0,594.0,2209867.0,554.8,487.4438,497.45,380.825,324.4346,10.0,25.5814,38.1395,1.1868,21.8602,19.409,0.0

PRICE_WINDOW_180_ROW_099=20260512,600.0,650.0,600.0,626.0,2148859.0,576.0,498.9902,506.275,387.4833,327.2269,5.3872,20.3846,39.2659,1.126,25.4534,23.6482,-3.6923

PRICE_WINDOW_180_ROW_100=20260513,640.0,688.0,638.0,688.0,2851443.0,601.4,514.741,518.0,395.0167,330.5367,9.9042,22.6381,51.7089,1.4483,33.6595,32.8185,0.0

PRICE_WINDOW_180_ROW_101=20260514,733.0,755.0,709.0,722.0,3907610.0,634.0,532.0126,532.725,403.0083,334.0955,4.9419,29.1592,68.8889,1.8711,35.7111,35.5296,-4.3709

PRICE_WINDOW_180_ROW_102=20260515,745.0,745.0,700.0,725.0,793822.0,671.0,548.0949,547.375,410.85,337.6171,0.4155,34.2593,67.8241,0.3832,32.2764,32.4503,-3.9735

PRICE_WINDOW_180_ROW_103=20260518,692.0,732.0,654.0,732.0,751486.0,698.6,563.4203,560.225,418.6917,341.1384,0.9655,23.2323,54.1053,0.3712,29.9208,30.6618,-3.0464

PRICE_WINDOW_180_ROW_104=20260519,728.0,737.0,709.0,733.0,574003.0,720.0,577.5519,572.175,426.55,344.6062,0.1366,17.0927,48.3806,0.2932,26.915,28.1077,-2.9139

PRICE_WINDOW_180_ROW_105=20260520,726.0,728.0,700.0,720.0,659967.0,726.4,589.4226,582.375,434.0667,347.8991,-1.7735,4.6512,39.5349,0.3497,22.1534,23.6317,-4.6358

PRICE_WINDOW_180_ROW_106=20260521,729.0,792.0,727.0,781.0,869872.0,738.2,605.3874,594.175,442.2917,351.6652,8.4722,8.1717,43.3028,0.4775,29.0083,31.4428,-1.3889

PRICE_WINDOW_180_ROW_107=20260522,769.0,787.0,767.0,786.0,451948.0,750.4,620.4384,607.475,450.45,355.4095,0.6402,8.4138,51.1538,0.2657,26.6846,29.388,-0.7576

PRICE_WINDOW_180_ROW_108=20260525,790.0,795.0,780.0,792.0,530475.0,762.4,634.7352,622.575,458.7,359.141,0.7634,8.1967,61.6327,0.3295,24.7764,27.2136,-0.3774

PRICE_WINDOW_180_ROW_109=20260526,795.0,821.0,790.0,820.0,411568.0,779.8,650.174,639.125,467.4583,363.0466,3.5354,11.869,67.6892,0.2629,26.1201,28.3004,-0.1218

PRICE_WINDOW_180_ROW_110=20260527,850.0,850.0,797.0,820.0,610668.0,799.8,664.3261,656.375,476.2833,366.8866,0.0,13.8889,72.6316,0.397,23.4333,24.9286,-3.5294

PRICE_WINDOW_180_ROW_111=20260528,830.0,850.0,779.0,790.0,502238.0,801.6,674.799,672.825,484.6583,370.4125,-3.6585,1.1524,71.3666,0.3351,17.0719,17.4154,-7.0588

PRICE_WINDOW_180_ROW_112=20260529,808.0,809.0,717.0,742.0,2188736.0,792.8,680.399,686.2,492.0333,375.1083,-6.0759,-5.598,56.3751,1.4298,9.0537,8.1317,-12.7059

PRICE_WINDOW_180_ROW_113=20260601,752.0,802.0,704.0,762.0,3210530.0,786.8,687.1991,700.65,499.3417,379.5458,2.6954,-3.7879,61.0994,1.967,10.8849,8.7562,-10.3529

PRICE_WINDOW_180_ROW_114=20260602,755.0,755.0,686.0,686.0,3416371.0,760.0,687.0992,708.95,505.2917,383.4292,-9.9738,-16.3415,31.9231,1.9868,-0.16,-3.2372,-19.2941

PRICE_WINDOW_180_ROW_115=20260603,701.0,743.0,680.0,726.0,2295577.0,741.2,690.3409,717.2,512.45,387.5125,5.8309,-11.4634,29.4118,1.3739,5.1654,1.227,-14.5882

PRICE_WINDOW_180_ROW_116=20260604,716.0,736.0,712.0,721.0,646992.0,727.4,692.8959,725.3,520.0167,391.6042,-0.6887,-8.7342,28.9803,0.4081,4.056,-0.5929,-15.1765

PRICE_WINDOW_180_ROW_117=20260605,721.0,750.0,701.0,739.0,1601126.0,726.8,696.7379,735.25,527.65,395.8208,2.4965,-0.4043,36.8519,1.0454,6.0657,0.51,-13.0588

PRICE_WINDOW_180_ROW_118=20260608,670.0,730.0,670.0,715.0,966863.0,717.4,698.2597,741.3,534.7,399.6458,-3.2476,-6.168,20.3704,0.658,2.3974,-3.5478,-15.8824

PRICE_WINDOW_180_ROW_119=20260609,736.0,786.0,722.0,776.0,1837200.0,735.4,704.7381,748.8,542.65,403.9792,8.5315,13.1195,23.9617,1.2636,10.1118,3.6325,-8.7059

PRICE_WINDOW_180_ROW_120=20260610,770.0,784.0,709.0,731.0,1141157.0,736.4,706.9266,750.95,549.525,408.0625,-5.799,0.6887,6.25,0.8339,3.4054,-2.6566,-14.0

PRICE_WINDOW_180_ROW_121=20260611,692.0,730.0,670.0,719.0,1208721.0,736.0,707.9327,750.8,556.1833,412.0458,-1.6416,-0.2774,-0.4155,0.9799,1.5633,-4.2355,-15.4118

PRICE_WINDOW_180_ROW_122=20260612,748.0,755.0,721.0,727.0,702280.0,733.6,709.5216,750.9,562.9917,416.0875,1.1127,-1.6238,0.2759,0.5715,2.4634,-3.1828,-14.4706

PRICE_WINDOW_180_ROW_123=20260615,746.0,765.0,718.0,747.0,1073212.0,740.0,712.6448,751.65,570.1583,420.3333,2.751,4.4755,2.0492,0.862,4.8208,-0.6186,-12.1176

PRICE_WINDOW_180_ROW_124=20260616,749.0,752.0,705.0,705.0,672191.0,725.8,712.0078,750.25,576.3583,424.2375,-5.6225,-9.1495,-3.8199,0.5378,-0.9842,-6.0313,-17.0588

PRICE_WINDOW_180_ROW_125=20260617,716.0,743.0,704.0,740.0,716917.0,727.6,714.3404,751.25,582.6083,428.3208,4.9645,1.2312,2.7778,0.5723,3.5921,-1.4975,-12.9412

PRICE_WINDOW_180_ROW_126=20260618,740.0,780.0,740.0,773.0,892908.0,738.4,719.2287,750.85,589.9583,432.7542,4.4595,7.5104,-1.0243,0.7121,7.4762,2.95,-9.0588

PRICE_WINDOW_180_ROW_127=20260622,840.0,840.0,794.0,817.0,1654202.0,756.4,727.3763,752.4,597.9417,437.5833,5.6921,12.3796,3.944,1.2589,12.3215,8.5859,-3.8824

PRICE_WINDOW_180_ROW_128=20260623,823.0,849.0,819.0,830.0,1529851.0,773.0,735.9283,754.3,605.725,442.4417,1.5912,11.1111,4.798,1.1216,12.7827,10.0358,-2.3529

PRICE_WINDOW_180_ROW_129=20260624,820.0,885.0,800.0,852.0,1823901.0,802.4,745.601,755.9,613.425,447.5458,2.6506,20.8511,3.9024,1.2714,14.2702,12.7133,-3.7288

PRICE_WINDOW_180_ROW_130=20260625,870.0,909.0,857.0,881.0,2196663.0,830.6,756.8842,758.95,621.5083,452.9042,3.4038,19.0541,7.439,1.451,16.3983,16.0814,-3.0803

PRICE_WINDOW_180_ROW_131=20260626,892.0,898.0,793.0,797.0,1451334.0,835.4,760.2272,759.3,628.475,457.3667,-9.5346,3.1048,0.8861,0.9295,4.8371,4.9651,-12.3212

PRICE_WINDOW_180_ROW_132=20260629,806.0,850.0,790.0,794.0,1023509.0,830.8,763.0416,761.9,635.275,461.7667,-0.3764,-2.8152,7.0081,0.6809,4.0572,4.2132,-12.6513

PRICE_WINDOW_180_ROW_133=20260630,829.0,873.0,803.0,873.0,2176703.0,839.4,772.2048,767.45,643.0417,466.8917,9.9496,5.1807,14.5669,1.4997,13.0529,13.7533,-3.9604

PRICE_WINDOW_180_ROW_134=20260701,948.0,955.0,877.0,903.0,2252590.0,849.6,783.1044,778.3,651.65,472.0583,3.4364,5.9859,31.6327,1.6169,15.3103,16.0221,-5.445

PRICE_WINDOW_180_ROW_135=20260702,888.0,970.0,888.0,956.0,1847184.0,864.6,797.5124,789.8,661.0333,477.525,5.8693,8.5131,31.6804,1.3475,19.8728,21.0433,-1.4433

PRICE_WINDOW_180_ROW_136=20260703,937.0,948.0,897.0,923.0,1169575.0,889.8,807.9697,799.9,669.4417,482.7292,-3.4519,15.8093,28.0166,0.8373,14.237,15.3894,-4.8454

PRICE_WINDOW_180_ROW_137=20260706,943.0,943.0,831.0,859.0,2369246.0,902.8,812.2222,805.9,676.8,487.4292,-6.9339,8.1864,16.2382,1.6507,5.7592,6.5889,-11.4433

PRICE_WINDOW_180_ROW_138=20260707,890.0,890.0,775.0,775.0,1113971.0,883.2,809.1203,808.9,682.55,491.4667,-9.7788,-11.2257,8.3916,0.7722,-4.217,-4.1909,-20.1031

PRICE_WINDOW_180_ROW_139=20260708,783.0,825.0,759.0,819.0,1049704.0,866.4,809.9436,811.05,688.7083,495.7417,5.6774,-9.3023,5.5412,0.748,1.1181,0.9802,-15.567

PRICE_WINDOW_180_ROW_140=20260709,812.0,821.0,779.0,782.0,891618.0,831.6,807.615,813.6,694.1833,499.8,-4.5177,-18.2008,6.9767,0.6411,-3.1717,-3.884,-19.3814

PRICE_WINDOW_180_ROW_141=20260713,800.0,800.0,713.0,724.0,911470.0,791.8,800.6471,813.85,699.125,503.5292,-7.4169,-21.5601,0.6954,0.6624,-9.5731,-11.0401,-25.3608

PRICE_WINDOW_180_ROW_142=20260714,729.0,740.0,654.0,688.0,1362916.0,757.6,791.2598,811.9,703.3917,507.0125,-4.9724,-19.9069,-5.3645,0.9673,-13.0501,-15.2605,-29.0722

PRICE_WINDOW_180_ROW_143=20260715,690.0,748.0,675.0,710.0,350447.0,744.6,784.4882,810.05,707.3083,510.6583,3.1977,-8.3871,-4.9531,0.2553,-9.4951,-12.3511,-26.8041

PRICE_WINDOW_180_ROW_144=20260716,708.0,719.0,675.0,680.0,243089.0,716.8,775.7808,808.8,710.4083,514.0833,-4.2254,-16.9719,-3.5461,0.1799,-12.3464,-15.9248,-29.8969

PRICE_WINDOW_180_ROW_145=20260717,622.0,636.0,612.0,612.0,640741.0,682.8,762.1324,802.4,712.0083,517.0875,-10.0,-21.7391,-17.2973,0.4755,-19.699,-23.7288,-36.9072

PRICE_WINDOW_180_ROW_146=20260720,620.0,622.0,551.0,551.0,447301.0,648.2,744.5381,791.3,712.1083,519.5792,-9.9673,-23.895,-28.7193,0.3375,-25.9944,-30.3677,-43.1959

PRICE_WINDOW_180_ROW_147=20260721,535.0,605.0,535.0,600.0,458176.0,630.6,732.4932,780.45,713.4417,522.5292,8.8929,-12.7907,-26.5606,0.3621,-18.088,-23.1213,-38.1443

PRICE_WINDOW_180_ROW_148=20260722,600.0,650.0,600.0,635.0,670290.0,615.6,724.3688,770.7,715.8583,525.7333,5.8333,-10.5634,-23.494,0.5483,-12.3375,-17.6074,-34.5361

PRICE_WINDOW_180_ROW_149=20260723,685.0,696.0,642.0,670.0,583208.0,613.6,719.8381,761.6,718.875,529.3,5.5118,-1.4706,-21.3615,0.5026,-6.9235,-12.0273,-30.9278

PRICE_WINDOW_180_ROW_150=20260724,661.0,690.0,661.0,678.0,229592.0,626.8,716.3516,751.45,722.2583,532.8833,1.194,10.7843,-23.042,0.2162,-5.3537,-9.7744,-30.1031

PRICE_WINDOW_180_ROW_151=20260727,678.0,678.0,620.0,630.0,392782.0,642.6,709.1556,743.1,725.075,536.1625,-7.0796,14.3376,-20.9536,0.3892,-11.1619,-15.22,-35.0515

PRICE_WINDOW_180_ROW_152=20260728,567.0,577.0,567.0,567.0,242969.0,636.0,697.3093,731.75,726.6167,538.9083,-10.0,-5.5,-28.5894,0.2504,-18.6874,-22.5145,-41.5464

PRICE_WINDOW_180_ROW_153=20260729,555.0,555.0,511.0,511.0,370751.0,611.2,681.7835,713.65,727.25,541.175,-9.8765,-19.5276,-41.4662,0.4214,-25.0495,-28.3963,-47.3196

PRICE_WINDOW_180_ROW_154=20260730,460.0,530.0,460.0,477.5,1941503.0,572.7,664.7599,692.375,726.5417,543.0292,-6.5558,-28.7313,-47.1207,2.2463,-28.1696,-31.0345,-50.7732

PRICE_WINDOW_180_ROW_155=20260731,525.0,525.0,507.0,525.0,504856.0,542.1,653.1132,670.825,725.9417,545.3292,9.9476,-22.5664,-45.0837,0.6333,-19.6158,-21.7382,-45.8763

PRICE_WINDOW_180_ROW_156=20260803,524.0,577.0,524.0,565.0,1858112.0,529.1,645.7705,652.925,726.0417,547.975,7.619,-10.3175,-38.7866,2.2343,-12.5076,-13.4663,-41.7526

PRICE_WINDOW_180_ROW_157=20260804,591.0,621.0,580.0,617.0,1701335.0,539.1,643.3729,640.825,727.325,551.1083,9.2035,8.8183,-28.1723,2.1314,-4.0992,-3.7179,-36.3918

PRICE_WINDOW_180_ROW_158=20260805,635.0,660.0,589.0,597.0,1363186.0,556.3,639.5085,631.925,727.375,554.1,-3.2415,16.8297,-22.9677,1.6815,-6.6471,-5.5268,-38.4536

PRICE_WINDOW_180_ROW_159=20260806,596.0,656.0,592.0,656.0,1440482.0,592.0,640.8828,623.775,727.875,557.6792,9.8827,37.3822,-19.9023,1.735,2.3588,5.1661,-32.3711

PRICE_WINDOW_180_ROW_160=20260807,695.0,695.0,626.0,637.0,1700879.0,614.4,640.5592,616.525,727.025,561.0208,-2.8963,21.3333,-18.5422,1.9535,-0.5556,3.321,-34.3299

PRICE_WINDOW_180_ROW_161=20260810,653.0,657.0,618.0,619.0,798545.0,625.2,638.7626,611.275,725.3083,564.1583,-2.8257,9.5575,-14.5028,0.9231,-3.0939,1.2638,-36.1856

PRICE_WINDOW_180_ROW_162=20260811,630.0,630.0,610.0,617.0,319875.0,625.2,636.9491,607.725,723.5083,567.1792,-0.3231,0.0,-10.3198,0.3935,-3.132,1.5262,-36.3918

PRICE_WINDOW_180_ROW_163=20260812,629.0,678.0,618.0,678.0,1265664.0,641.4,640.37,606.125,722.6083,570.65,9.8865,13.5678,-4.507,1.474,5.8763,11.8581,-30.1031

PRICE_WINDOW_180_ROW_164=20260813,680.0,720.0,669.0,678.0,2153838.0,645.8,643.5058,606.025,721.6917,574.1208,0.0,3.3537,-0.2941,2.2572,5.3604,11.8766,-30.1031

PRICE_WINDOW_180_ROW_165=20260814,695.0,699.0,669.0,683.0,716166.0,655.0,646.797,609.575,721.075,577.5708,0.7375,7.2214,11.6013,0.7476,5.5973,12.0453,-29.5876

PRICE_WINDOW_180_ROW_166=20260817,684.0,700.0,651.0,687.0,699080.0,668.6,650.1473,616.375,719.5083,580.9,0.5857,10.9855,24.6824,0.7203,5.6684,11.4581,-29.1753

PRICE_WINDOW_180_ROW_167=20260818,697.0,697.0,653.0,655.0,743027.0,676.2,650.5517,619.125,717.325,583.8875,-4.6579,6.1588,9.1667,0.7545,0.6838,5.7945,-32.4742

PRICE_WINDOW_180_ROW_168=20260819,637.0,660.0,595.0,599.0,1221498.0,660.4,646.2557,617.325,714.1083,586.4042,-8.5496,-11.6519,-5.6693,1.2066,-7.3122,-2.9685,-38.2474

PRICE_WINDOW_180_ROW_169=20260820,610.0,615.0,580.0,602.0,1307836.0,645.2,642.5677,613.925,710.475,588.9667,0.5008,-11.2094,-10.1493,1.2472,-6.3134,-1.9424,-37.9381

PRICE_WINDOW_180_ROW_170=20260821,600.0,600.0,554.0,574.0,991143.0,623.4,636.8537,608.725,706.375,591.3292,-4.6512,-15.959,-15.3392,0.9121,-9.8694,-5.7045,-40.8247

PRICE_WINDOW_180_ROW_171=20260824,573.0,593.0,546.0,549.0,790250.0,595.8,629.5326,604.675,702.3583,593.5083,-4.3554,-20.0873,-12.8571,0.7142,-12.7924,-9.2074,-43.4021

PRICE_WINDOW_180_ROW_172=20260825,536.0,564.0,518.0,562.0,1145259.0,577.2,623.9049,604.425,699.3583,595.6958,2.3679,-14.1985,-0.8818,0.9944,-9.9222,-7.0191,-42.0619

PRICE_WINDOW_180_ROW_173=20260826,550.0,578.0,545.0,576.0,1530915.0,572.6,619.9128,607.675,696.2583,597.8,2.4911,-3.8397,12.7202,1.2656,-7.0837,-5.2125,-40.6186

PRICE_WINDOW_180_ROW_174=20260827,582.0,612.0,568.0,593.0,1161889.0,570.8,617.6701,613.45,694.7083,600.0,2.9514,-1.495,24.1885,0.9925,-3.9941,-3.3336,-38.866

PRICE_WINDOW_180_ROW_175=20260828,605.0,633.0,597.0,620.0,1565775.0,580.0,617.8642,618.2,692.9417,602.6958,4.5531,8.0139,18.0952,1.2795,0.3457,0.2912,-36.0825

PRICE_WINDOW_180_ROW_176=20260831,616.0,638.0,610.0,618.0,1216365.0,593.8,617.8755,620.85,691.225,605.6208,-0.3226,12.5683,9.3805,1.0207,0.0201,-0.459,-36.2887

PRICE_WINDOW_180_ROW_177=20260901,618.0,635.0,602.0,609.0,1084803.0,603.2,617.1359,620.45,689.0583,608.3542,-1.4563,8.363,-1.2966,0.9345,-1.3183,-1.8454,-37.2165

PRICE_WINDOW_180_ROW_178=20260902,613.0,623.0,602.0,609.0,788669.0,609.8,616.4579,621.05,687.2917,610.9958,0.0,5.7292,2.0101,0.6966,-1.2098,-1.9403,-37.2165

PRICE_WINDOW_180_ROW_179=20260903,613.0,622.0,585.0,585.0,741344.0,608.2,613.8364,617.5,684.1083,613.3792,-3.9409,-1.3491,-10.8232,0.6757,-4.6977,-5.2632,-39.6907

PRICE_WINDOW_180_ROW_180=20260904,608.0,613.0,565.0,605.0,1037685.0,605.2,613.1001,615.9,682.0083,615.7667,3.4188,-2.4194,-5.0235,0.9753,-1.3212,-1.7698,-37.6289
