# PRICE_WINDOW_180

columns=date,open,high,low,close,volume,ma5,ema23,ma20,ma60,ma120,return_1d,return_5d,return_20d,volume_ratio,distance_to_ema23_pct,distance_to_ma20_pct,distance_to_high_60_pct

PRICE_WINDOW_180_ROW_001=20251124,365.0,365.5,353.0,353.0,42580.0,361.8,371.2424,370.3,393.7917,297.9417,-3.022,-7.1053,-4.0761,0.4886,-4.9139,-4.6719,-30.099

PRICE_WINDOW_180_ROW_002=20251125,353.5,365.5,353.5,362.5,76695.0,360.9,370.5138,370.075,393.2667,299.8208,2.6912,-1.2262,-1.2262,0.8688,-2.1629,-2.0469,-28.2178

PRICE_WINDOW_180_ROW_003=20251126,354.0,382.0,354.0,380.0,202120.0,365.1,371.3044,370.375,392.4667,301.8292,4.8276,5.8496,1.6043,2.1291,2.3419,2.5987,-24.7525

PRICE_WINDOW_180_ROW_004=20251127,376.0,392.0,376.0,381.0,83347.0,368.1,372.1123,371.375,391.8167,303.8458,0.2632,4.0984,5.5402,0.8647,2.3884,2.5917,-24.5545

PRICE_WINDOW_180_ROW_005=20251128,380.0,383.0,376.0,382.0,103161.0,371.7,372.9363,372.175,391.4583,305.8667,0.2625,4.9451,4.3716,1.043,2.4304,2.6399,-24.3564

PRICE_WINDOW_180_ROW_006=20251201,381.5,381.5,374.0,380.0,78322.0,377.1,373.5249,372.35,391.275,307.8792,-0.5236,7.6487,0.9296,0.8003,1.7335,2.0545,-24.7525

PRICE_WINDOW_180_ROW_007=20251202,374.5,385.0,372.5,381.0,219751.0,380.8,374.1479,372.9,391.05,309.9083,0.2632,5.1034,2.973,2.0638,1.8314,2.1722,-24.5545

PRICE_WINDOW_180_ROW_008=20251203,382.0,382.0,376.0,378.0,33026.0,380.4,374.4689,373.8,390.55,311.875,-0.7874,-0.5263,5.0,0.3117,0.943,1.1236,-25.1485

PRICE_WINDOW_180_ROW_009=20251204,378.0,378.0,371.0,373.5,85952.0,378.9,374.3881,373.875,389.9417,313.8375,-1.1905,-1.9685,0.4032,0.798,-0.2372,-0.1003,-26.0396

PRICE_WINDOW_180_ROW_010=20251205,373.5,375.5,364.5,367.0,126528.0,375.9,373.7725,373.725,388.5417,315.7292,-1.7403,-3.9267,-0.8108,1.1341,-1.8119,-1.7995,-27.3267

PRICE_WINDOW_180_ROW_011=20251208,360.0,367.0,342.0,352.0,358213.0,370.3,371.9581,372.875,386.2083,317.4958,-4.0872,-7.3684,-4.607,2.9013,-5.3657,-5.5984,-30.297

PRICE_WINDOW_180_ROW_012=20251209,352.0,356.0,342.0,352.0,196443.0,364.5,370.2949,371.225,383.9083,319.2667,0.0,-7.6115,-8.5714,1.5923,-4.9406,-5.1788,-29.3173

PRICE_WINDOW_180_ROW_013=20251210,353.0,379.0,353.0,372.0,174300.0,363.3,370.437,370.5,382.5333,321.2208,5.6818,-1.5873,-3.7516,1.3913,0.4219,0.4049,-18.1518

PRICE_WINDOW_180_ROW_014=20251211,384.5,384.5,372.5,377.0,82127.0,364.0,370.9839,370.35,381.5833,323.2333,1.3441,0.9371,-0.7895,0.6546,1.6217,1.7956,-15.8482

PRICE_WINDOW_180_ROW_015=20251212,380.0,389.0,373.5,385.0,212377.0,367.6,372.1519,370.6,380.6583,325.3333,2.122,4.9046,1.3158,1.5835,3.4524,3.8856,-12.4005

PRICE_WINDOW_180_ROW_016=20251215,375.0,398.0,375.0,398.0,204092.0,376.8,374.3059,371.5,380.3,327.5333,3.3766,13.0682,4.7368,1.4499,6.3301,7.1332,-9.4425

PRICE_WINDOW_180_ROW_017=20251216,396.5,396.5,370.5,382.0,192951.0,382.8,374.9471,372.25,379.6417,329.575,-4.0201,8.5227,4.0872,1.3839,1.881,2.6192,-13.083

PRICE_WINDOW_180_ROW_018=20251217,382.0,388.0,379.0,381.0,102030.0,384.6,375.4515,373.35,379.1167,331.6208,-0.2618,2.4194,6.1281,0.7474,1.4778,2.049,-13.3106

PRICE_WINDOW_180_ROW_019=20251218,377.5,381.0,370.0,373.0,116746.0,383.8,375.2472,373.7,378.0083,333.5958,-2.0997,-1.061,1.9126,0.8485,-0.5989,-0.1873,-14.8402

PRICE_WINDOW_180_ROW_020=20251219,369.5,370.0,360.0,360.0,126320.0,378.8,373.9766,373.5,377.0333,335.4292,-3.4853,-6.4935,-1.0989,0.8968,-3.7373,-3.6145,-15.592

PRICE_WINDOW_180_ROW_021=20251222,363.0,366.0,349.0,354.5,136973.0,370.1,372.3536,373.575,375.925,337.125,-1.5278,-10.9296,0.4249,0.9409,-4.7948,-5.1061,-15.9953

PRICE_WINDOW_180_ROW_022=20251223,359.5,361.5,352.5,355.0,82285.0,364.7,370.9074,373.2,375.0417,338.7875,0.141,-7.0681,-2.069,0.5642,-4.2888,-4.8767,-15.8768

PRICE_WINDOW_180_ROW_023=20251224,357.0,368.0,355.0,359.0,228138.0,360.3,369.9151,372.15,374.225,340.4583,1.1268,-5.7743,-5.5263,1.5503,-2.9507,-3.5335,-14.5238

PRICE_WINDOW_180_ROW_024=20251226,358.0,365.0,353.0,359.0,106428.0,357.5,369.0056,371.05,373.5083,342.1417,0.0,-3.7534,-5.7743,0.7176,-2.7115,-3.2475,-14.5238

PRICE_WINDOW_180_ROW_025=20251229,359.0,361.5,343.5,351.5,153704.0,355.8,367.5468,369.525,372.5417,343.7583,-2.0891,-2.3611,-7.9843,1.019,-4.3659,-4.8779,-14.2683

PRICE_WINDOW_180_ROW_026=20251230,346.5,351.5,337.0,343.5,226720.0,353.6,365.5429,367.7,371.5417,345.325,-2.276,-3.103,-9.6053,1.4326,-6.0302,-6.5815,-16.2195

PRICE_WINDOW_180_ROW_027=20251231,343.5,347.5,342.5,342.5,44280.0,351.1,363.6226,365.775,370.525,346.9042,-0.2911,-3.5211,-10.105,0.2962,-5.8089,-6.3632,-16.3614

PRICE_WINDOW_180_ROW_028=20260102,342.5,345.0,308.5,308.5,479768.0,341.0,359.0291,362.3,368.9417,348.1625,-9.927,-14.0669,-18.3862,2.7923,-14.0738,-14.8496,-24.6642

PRICE_WINDOW_180_ROW_029=20260105,320.0,333.0,315.0,317.0,280029.0,332.6,355.5266,359.475,367.5583,349.4667,2.7553,-11.6992,-15.1272,1.5427,-10.8365,-11.8158,-20.75

PRICE_WINDOW_180_ROW_030=20260106,317.0,322.0,314.5,319.0,212393.0,326.1,352.4828,357.075,366.2833,350.7958,0.6309,-9.2461,-13.079,1.143,-9.4991,-10.663,-20.25

PRICE_WINDOW_180_ROW_031=20260107,318.0,336.0,318.0,326.5,163054.0,322.7,350.3175,355.8,365.2417,352.1917,2.3511,-4.9491,-7.2443,0.9261,-6.7988,-8.235,-18.375

PRICE_WINDOW_180_ROW_032=20260108,332.5,346.5,325.0,336.5,246165.0,321.5,349.1661,355.025,364.3667,353.6708,3.0628,-1.7518,-4.4034,1.3787,-3.6275,-5.2179,-15.875

PRICE_WINDOW_180_ROW_033=20260109,336.0,341.5,330.0,333.5,73310.0,326.5,347.8606,353.1,363.725,355.1167,-0.8915,8.1037,-10.3495,0.4225,-4.1283,-5.5508,-16.625

PRICE_WINDOW_180_ROW_034=20260112,332.0,336.0,327.0,327.0,83453.0,328.5,346.1222,350.6,363.0083,356.5167,-1.949,3.1546,-13.2626,0.4808,-5.5247,-6.7313,-18.25

PRICE_WINDOW_180_ROW_035=20260113,317.0,348.0,315.5,332.5,679555.0,331.2,344.987,347.975,362.4667,357.9667,1.682,4.232,-13.6364,3.4509,-3.6196,-4.4472,-16.875

PRICE_WINDOW_180_ROW_036=20260114,331.5,338.0,327.0,338.0,215607.0,333.5,344.4048,344.975,362.1167,359.4667,1.6541,3.5222,-15.0754,1.0917,-1.8597,-2.0219,-15.5

PRICE_WINDOW_180_ROW_037=20260115,338.0,359.0,337.5,351.0,273382.0,336.4,344.9544,343.425,361.925,361.0917,3.8462,4.3091,-8.1152,1.3566,1.7526,2.2057,-12.25

PRICE_WINDOW_180_ROW_038=20260116,352.5,363.0,352.5,360.0,175460.0,341.7,346.2082,342.375,361.9417,362.7917,2.5641,7.946,-5.5118,0.8551,3.9837,5.1479,-10.0

PRICE_WINDOW_180_ROW_039=20260119,359.5,385.0,359.5,379.5,433924.0,352.2,348.9825,342.7,362.35,364.5375,5.4167,16.055,1.7426,1.963,8.7447,10.7383,-5.125

PRICE_WINDOW_180_ROW_040=20260120,380.0,417.0,380.0,415.5,610436.0,368.8,354.5256,345.475,363.3417,366.5917,9.4862,24.9624,15.4167,2.489,17.1989,20.2692,-0.3597

PRICE_WINDOW_180_ROW_041=20260121,429.5,445.0,429.5,433.0,538552.0,387.8,361.0651,349.4,364.425,368.7917,4.2118,28.1065,22.1439,2.0297,19.923,23.9267,-2.6966

PRICE_WINDOW_180_ROW_042=20260122,437.5,457.5,437.5,443.0,337418.0,406.2,367.893,353.8,365.6917,371.075,2.3095,26.2108,24.7887,1.2133,20.4154,25.212,-3.1694

PRICE_WINDOW_180_ROW_043=20260123,444.0,449.0,426.0,430.0,319543.0,420.2,373.0686,357.35,366.625,373.1125,-2.9345,19.4444,19.7772,1.1305,15.2603,20.3302,-6.0109

PRICE_WINDOW_180_ROW_044=20260126,435.5,473.0,426.0,473.0,578263.0,438.9,381.3962,363.05,368.4917,375.4458,10.0,24.6377,31.7549,1.8882,24.018,30.2851,0.0

PRICE_WINDOW_180_ROW_045=20260127,490.0,520.0,489.5,513.0,637182.0,458.4,392.3632,371.125,370.9417,377.9542,8.4567,23.4657,45.9459,1.9284,30.7462,38.2284,-1.3462

PRICE_WINDOW_180_ROW_046=20260128,520.0,563.0,515.0,560.0,582931.0,483.8,406.333,381.95,374.0,380.6792,9.1618,29.3303,63.0277,1.674,37.818,46.616,-0.5329

PRICE_WINDOW_180_ROW_047=20260129,590.0,610.0,561.0,585.0,243685.0,512.2,421.2219,394.075,377.5833,383.4208,4.4643,32.0542,70.8029,0.6803,38.8817,48.4489,-4.0984

PRICE_WINDOW_180_ROW_048=20260130,590.0,600.0,562.0,600.0,190481.0,546.2,436.12,408.65,381.5833,386.075,2.5641,39.5349,94.4895,0.5541,37.5768,46.8249,-1.6393

PRICE_WINDOW_180_ROW_049=20260202,588.0,620.0,585.0,601.0,400758.0,571.8,449.86,422.85,385.4,388.5042,0.1667,27.0613,89.5899,1.1458,33.5971,42.1308,-3.0645

PRICE_WINDOW_180_ROW_050=20260203,615.0,615.0,587.0,589.0,83247.0,587.0,461.455,436.35,389.05,390.5875,-1.9967,14.8148,84.6395,0.2425,27.6397,34.9834,-5.0

PRICE_WINDOW_180_ROW_051=20260204,589.0,620.0,589.0,620.0,130868.0,599.0,474.6671,451.025,393.2333,392.7542,5.2632,10.7143,89.8928,0.383,30.6179,37.4647,0.0

PRICE_WINDOW_180_ROW_052=20260205,620.0,653.0,620.0,648.0,121617.0,611.6,489.1115,466.6,397.6167,394.8625,4.5161,10.7692,92.5706,0.3625,32.4851,38.877,-0.7657

PRICE_WINDOW_180_ROW_053=20260206,648.0,679.0,648.0,679.0,156413.0,627.4,504.9356,483.875,402.4917,397.5583,4.784,13.1667,103.5982,0.4605,34.4726,40.3255,0.0

PRICE_WINDOW_180_ROW_054=20260209,695.0,698.0,685.0,685.0,106632.0,644.2,519.9409,501.775,407.575,400.3042,0.8837,13.9767,109.4801,0.3129,31.7457,36.5154,-1.8625

PRICE_WINDOW_180_ROW_055=20260210,660.0,695.0,660.0,688.0,67895.0,664.0,533.9459,519.55,412.7083,403.1125,0.438,16.8081,106.9173,0.2189,28.852,32.4223,-1.4327

PRICE_WINDOW_180_ROW_056=20260211,688.0,688.0,662.0,678.0,82606.0,675.6,545.9504,536.55,417.675,405.9208,-1.4535,9.3548,100.5917,0.2721,24.1871,26.3629,-2.8653

PRICE_WINDOW_180_ROW_057=20260223,651.0,680.0,650.0,660.0,118525.0,678.0,555.4545,552.0,422.5583,408.5042,-2.6549,1.8519,88.0342,0.4007,18.8216,19.5652,-5.4441

PRICE_WINDOW_180_ROW_058=20260224,660.0,690.0,655.0,690.0,74873.0,680.2,566.6666,568.5,428.075,411.3792,4.5455,1.62,91.6667,0.2575,21.7647,21.372,-1.1461

PRICE_WINDOW_180_ROW_059=20260225,690.0,700.0,680.0,690.0,60188.0,681.2,576.9444,584.025,433.475,414.1667,0.0,0.7299,81.8182,0.2212,19.5956,18.1456,-1.4286

PRICE_WINDOW_180_ROW_060=20260226,715.0,758.0,621.0,695.0,644568.0,682.6,586.7824,598.0,438.9917,416.7,0.7246,1.0174,67.2684,2.3541,18.4425,16.2207,-8.3113

PRICE_WINDOW_180_ROW_061=20260302,694.0,718.0,665.0,690.0,401880.0,685.0,595.3838,610.85,444.6083,419.2,-0.7194,1.7699,59.3533,1.5053,15.8916,12.9574,-8.971

PRICE_WINDOW_180_ROW_062=20260303,690.0,694.0,630.0,638.0,882629.0,680.6,598.9352,620.6,449.2,421.2333,-7.5362,-3.3333,44.0181,2.9997,6.5224,2.8037,-15.8311

PRICE_WINDOW_180_ROW_063=20260304,622.0,632.0,602.0,613.0,425198.0,665.2,600.1073,629.75,453.0833,422.775,-3.9185,-11.1594,42.5581,1.4196,2.1484,-2.6598,-19.1293

PRICE_WINDOW_180_ROW_064=20260305,617.0,648.0,585.0,591.0,480721.0,645.4,599.3483,635.65,456.5833,424.2,-3.5889,-14.3478,24.9471,1.6315,-1.3929,-7.0243,-22.0317

PRICE_WINDOW_180_ROW_065=20260306,570.0,595.0,545.0,564.0,464179.0,619.2,596.4026,638.2,459.6167,425.5375,-4.5685,-18.8489,9.9415,1.623,-5.433,-11.6264,-25.5937

PRICE_WINDOW_180_ROW_066=20260309,508.0,560.0,508.0,560.0,301069.0,593.2,593.3691,638.2,462.6167,426.9458,-0.7092,-18.8406,0.0,1.1073,-5.6237,-12.2532,-26.1214

PRICE_WINDOW_180_ROW_067=20260310,586.0,605.0,558.0,575.0,294798.0,580.6,591.8383,637.7,465.85,428.45,2.6786,-9.8746,-1.7094,1.0741,-2.8451,-9.8322,-24.1425

PRICE_WINDOW_180_ROW_068=20260311,575.0,610.0,570.0,599.0,147283.0,577.8,592.4351,637.65,469.5333,430.0417,4.1739,-2.2838,-0.1667,0.5409,1.1081,-6.0613,-20.9763

PRICE_WINDOW_180_ROW_069=20260312,599.0,603.0,563.0,577.0,194281.0,575.0,591.1489,636.45,472.925,431.4333,-3.6728,-2.3689,-3.9933,0.7416,-2.3935,-9.3409,-23.8786

PRICE_WINDOW_180_ROW_070=20260313,562.0,579.0,557.0,574.0,152514.0,577.0,589.7198,635.7,476.375,432.4583,-0.5199,1.773,-2.5467,0.5746,-2.6656,-9.7058,-24.2744

PRICE_WINDOW_180_ROW_071=20260316,567.0,584.0,563.0,565.0,122322.0,578.0,587.6598,632.95,479.925,433.0667,-1.5679,0.8929,-8.871,0.4616,-3.8559,-10.7354,-25.4617

PRICE_WINDOW_180_ROW_072=20260317,565.0,585.0,556.0,562.0,143909.0,575.4,585.5215,628.65,483.425,433.6667,-0.531,-2.2609,-13.2716,0.5408,-4.0172,-10.6021,-25.8575

PRICE_WINDOW_180_ROW_073=20260318,560.0,593.0,560.0,583.0,178343.0,572.2,585.3114,623.85,486.9417,434.7375,3.7367,-2.6711,-14.1384,0.6674,-0.3949,-6.548,-23.0871

PRICE_WINDOW_180_ROW_074=20260319,573.0,589.0,565.0,583.0,152924.0,573.4,585.1188,618.75,490.375,435.9792,0.0,1.0399,-14.8905,0.5674,-0.3621,-5.7778,-23.0871

PRICE_WINDOW_180_ROW_075=20260320,581.0,584.0,557.0,569.0,224449.0,572.4,583.7755,612.8,493.4417,437.05,-2.4014,-0.8711,-17.2965,0.8092,-2.531,-7.1475,-24.934

PRICE_WINDOW_180_ROW_076=20260323,541.0,575.0,541.0,545.0,227700.0,568.4,580.5442,606.15,495.8917,438.0958,-4.2179,-3.5398,-19.6165,0.8,-6.1226,-10.0883,-28.1003

PRICE_WINDOW_180_ROW_077=20260324,545.0,562.0,509.0,525.0,404906.0,561.0,575.9155,599.4,498.275,438.9583,-3.6697,-6.5836,-20.4545,1.3545,-8.8408,-12.4124,-30.7388

PRICE_WINDOW_180_ROW_078=20260325,565.0,568.0,527.0,568.0,142625.0,558.0,575.2559,593.3,501.3917,440.2542,8.1905,-2.5729,-17.6812,0.4718,-1.2613,-4.2643,-25.066

PRICE_WINDOW_180_ROW_079=20260326,570.0,589.0,567.0,579.0,178861.0,557.2,575.5679,587.75,504.825,441.4167,1.9366,-0.6861,-16.087,0.5802,0.5963,-1.4887,-23.6148

PRICE_WINDOW_180_ROW_080=20260327,579.0,584.0,563.0,567.0,108511.0,556.8,574.8539,581.35,508.275,442.6542,-2.0725,-0.3515,-18.4173,0.3855,-1.3662,-2.4684,-25.1979

PRICE_WINDOW_180_ROW_081=20260330,550.0,573.0,549.0,570.0,80409.0,561.8,574.4494,575.35,511.8667,443.8958,0.5291,4.5872,-17.3913,0.303,-0.7746,-0.9299,-24.8021

PRICE_WINDOW_180_ROW_082=20260331,572.0,572.0,548.0,561.0,187139.0,569.0,573.3286,571.5,515.3,445.1708,-1.5789,6.8571,-12.069,0.8115,-2.1504,-1.8373,-25.9894

PRICE_WINDOW_180_ROW_083=20260401,560.0,587.0,560.0,570.0,133258.0,569.4,573.0513,569.35,518.8167,446.5208,1.6043,0.3521,-7.0147,0.6169,-0.5325,0.1142,-24.8021

PRICE_WINDOW_180_ROW_084=20260402,578.0,578.0,556.0,562.0,103713.0,566.0,572.1303,567.9,522.2,447.8542,-1.4035,-2.9361,-4.9069,0.526,-1.7706,-1.0389,-25.8575

PRICE_WINDOW_180_ROW_085=20260407,566.0,606.0,562.0,592.0,183421.0,571.0,573.7861,569.3,526.2083,449.375,5.3381,4.4092,4.9645,1.0016,3.1743,3.9874,-21.8997

PRICE_WINDOW_180_ROW_086=20260408,592.0,608.0,585.0,608.0,195396.0,578.6,576.6373,571.7,530.6167,451.0792,2.7027,6.6667,8.5714,1.0987,5.4389,6.3495,-19.7889

PRICE_WINDOW_180_ROW_087=20260409,609.0,628.0,602.0,623.0,171213.0,591.0,580.5008,574.1,535.2917,452.9083,2.4671,11.0517,8.3478,0.9974,7.3211,8.5177,-17.81

PRICE_WINDOW_180_ROW_088=20260410,634.0,671.0,633.0,647.0,340566.0,606.4,586.0424,576.5,540.9333,454.9375,3.8523,13.5088,8.0134,1.8782,10.4016,12.229,-14.6438

PRICE_WINDOW_180_ROW_089=20260413,676.0,711.0,661.0,711.0,453187.0,636.2,596.4556,583.2,547.5,457.5292,9.8918,26.5125,23.2236,2.3328,19.2042,21.9136,-6.2005

PRICE_WINDOW_180_ROW_090=20260414,735.0,782.0,709.0,782.0,613278.0,674.2,611.9176,593.6,555.2167,460.75,9.9859,32.0946,36.2369,2.8222,27.795,31.7385,0.0

PRICE_WINDOW_180_ROW_091=20260415,810.0,828.0,763.0,775.0,477289.0,707.6,625.5078,604.1,562.6917,463.9667,-0.8951,27.4671,37.1681,2.0305,23.8993,28.29,-6.401

PRICE_WINDOW_180_ROW_092=20260416,767.0,800.0,760.0,780.0,202180.0,739.0,638.3822,615.0,570.0833,467.225,0.6452,25.2006,38.79,0.8496,22.1839,26.8293,-5.7971

PRICE_WINDOW_180_ROW_093=20260417,767.0,799.0,761.0,770.0,71355.0,763.6,649.3503,624.35,577.3583,470.5417,-1.2821,19.0108,32.0755,0.3067,18.5801,23.3283,-7.0048

PRICE_WINDOW_180_ROW_094=20260420,775.0,800.0,775.0,800.0,70892.0,781.4,661.9045,635.2,585.2417,474.125,3.8961,12.5176,37.2213,0.3102,20.8634,25.9446,-3.3816

PRICE_WINDOW_180_ROW_095=20260421,804.0,804.0,790.0,798.0,83023.0,784.6,673.2457,646.65,593.0,477.7333,-0.25,2.046,40.246,0.3749,18.5303,23.4052,-3.6232

PRICE_WINDOW_180_ROW_096=20260422,808.0,860.0,791.0,860.0,128102.0,801.6,688.8086,662.4,601.7,481.9083,7.7694,10.9677,57.7982,0.5918,24.8533,29.8309,0.0

PRICE_WINDOW_180_ROW_097=20260423,929.0,929.0,801.0,865.0,176633.0,818.6,703.4912,679.4,610.2667,486.0958,0.5814,10.8974,64.7619,0.8614,22.9582,27.3182,-6.8891

PRICE_WINDOW_180_ROW_098=20260424,925.0,925.0,840.0,840.0,114184.0,832.6,714.8669,693.0,618.2667,490.1042,-2.8902,9.0909,47.8873,0.5607,17.5044,21.2121,-9.5802

PRICE_WINDOW_180_ROW_099=20260427,839.0,839.0,756.0,756.0,252866.0,823.8,718.2947,701.85,624.5417,493.4458,-10.0,-5.5,30.5699,1.2196,5.2493,7.7153,-18.6222

PRICE_WINDOW_180_ROW_100=20260428,756.0,786.0,756.0,766.0,71404.0,817.4,722.2701,711.8,630.3833,496.8625,1.3228,-4.01,35.097,0.3475,6.0545,7.6145,-17.5457

PRICE_WINDOW_180_ROW_101=20260429,780.0,817.0,771.0,787.0,94868.0,802.8,727.6643,722.65,636.2833,500.3542,2.7415,-8.4884,38.0702,0.4601,8.1543,8.9047,-15.2853

PRICE_WINDOW_180_ROW_102=20260430,778.0,792.0,771.0,771.0,74557.0,784.0,731.2756,733.15,641.75,503.7208,-2.033,-10.8671,37.4332,0.3717,5.4322,5.1627,-17.0075

PRICE_WINDOW_180_ROW_103=20260504,764.0,805.0,731.0,758.0,368017.0,767.6,733.5026,742.55,647.2167,506.9208,-1.6861,-9.7619,32.9825,1.7334,3.3398,2.0807,-18.4069

PRICE_WINDOW_180_ROW_104=20260505,790.0,810.0,684.0,779.0,836279.0,772.2,737.2941,753.4,652.3167,510.4042,2.7704,3.0423,38.6121,3.3594,5.6566,3.3979,-16.1464

PRICE_WINDOW_180_ROW_105=20260506,856.0,856.0,702.0,702.0,753474.0,759.4,734.3529,758.9,655.4667,513.2042,-9.8845,-8.3551,18.5811,2.7158,-4.4056,-7.4977,-24.4349

PRICE_WINDOW_180_ROW_106=20260507,686.0,706.0,670.0,684.0,309753.0,738.8,730.1568,762.7,657.5333,515.7667,-2.5641,-13.0877,12.5,1.0939,-6.3215,-10.3186,-26.3724

PRICE_WINDOW_180_ROW_107=20260508,684.0,709.0,660.0,690.0,186257.0,722.6,726.8104,766.05,659.2833,518.4333,0.8772,-10.5058,10.7544,0.656,-5.0647,-9.9276,-25.7266

PRICE_WINDOW_180_ROW_108=20260511,685.0,695.0,665.0,687.0,144225.0,708.4,723.4929,768.05,660.7333,521.1583,-0.4348,-9.3668,6.1824,0.5262,-5.044,-10.5527,-26.0495

PRICE_WINDOW_180_ROW_109=20260512,699.0,699.0,660.0,680.0,211712.0,688.6,719.8685,766.5,662.05,523.725,-1.0189,-12.7086,-4.3601,0.808,-5.5383,-11.2851,-26.803

PRICE_WINDOW_180_ROW_110=20260513,675.0,679.0,666.0,678.0,57062.0,683.8,716.3794,761.3,663.5333,526.2917,-0.2941,-3.4188,-13.2992,0.2436,-5.3574,-10.9418,-27.0183

PRICE_WINDOW_180_ROW_111=20260514,692.0,745.0,677.0,716.0,321683.0,690.2,716.3478,758.35,665.1333,529.1833,5.6047,4.6784,-7.6129,1.4207,-0.0486,-5.5845,-22.9279

PRICE_WINDOW_180_ROW_112=20260515,715.0,723.0,682.0,687.0,126131.0,689.6,713.9022,753.7,665.7833,531.7,-4.0503,-0.4348,-11.9231,0.5666,-3.7683,-8.8497,-26.0495

PRICE_WINDOW_180_ROW_113=20260518,671.0,690.0,666.0,672.0,97330.0,686.6,710.4103,748.8,665.6667,534.0792,-2.1834,-2.1834,-12.7273,0.4347,-5.4068,-10.2564,-27.6642

PRICE_WINDOW_180_ROW_114=20260519,683.0,683.0,654.0,669.0,111443.0,684.4,706.9595,742.25,665.4,536.4875,-0.4464,-1.6176,-16.375,0.4932,-5.3694,-9.8686,-27.9871

PRICE_WINDOW_180_ROW_115=20260520,668.0,688.0,662.0,687.0,55505.0,686.2,705.2962,736.7,665.3833,539.0458,2.6906,1.3274,-13.9098,0.2472,-2.5941,-6.7463,-26.0495

PRICE_WINDOW_180_ROW_116=20260521,702.0,710.0,674.0,674.0,86143.0,677.8,702.6882,727.4,665.3167,541.4958,-1.8923,-5.8659,-21.6279,0.3872,-4.0826,-7.3412,-27.4489

PRICE_WINDOW_180_ROW_117=20260522,674.0,685.0,669.0,669.0,94907.0,674.2,699.8808,717.6,665.4667,544.0125,-0.7418,-2.6201,-22.659,0.4346,-4.4123,-6.7726,-27.9871

PRICE_WINDOW_180_ROW_118=20260525,678.0,679.0,648.0,656.0,161051.0,671.0,696.2241,708.4,664.9,546.4875,-1.9432,-2.381,-21.9048,0.7296,-5.7775,-7.397,-29.3864

PRICE_WINDOW_180_ROW_119=20260526,657.0,670.0,649.0,668.0,65765.0,670.8,693.8721,704.0,664.5333,549.0042,1.8293,-0.1495,-11.6402,0.3111,-3.7287,-5.1136,-28.0947

PRICE_WINDOW_180_ROW_120=20260527,704.0,717.0,680.0,714.0,248961.0,676.2,695.5494,701.4,664.85,551.9208,6.8862,3.9301,-6.7885,1.1303,2.6527,1.7964,-23.1432

PRICE_WINDOW_180_ROW_121=20260528,704.0,757.0,668.0,668.0,320980.0,675.0,693.2536,695.45,664.4833,554.5458,-6.4426,-0.8902,-15.1207,1.3862,-3.6428,-3.9471,-28.0947

PRICE_WINDOW_180_ROW_122=20260529,675.0,675.0,643.0,645.0,235781.0,670.2,689.2325,689.15,664.6,556.9,-3.4431,-3.5874,-16.3424,0.984,-6.4176,-6.4064,-30.5705

PRICE_WINDOW_180_ROW_123=20260601,667.0,667.0,607.0,644.0,291654.0,667.8,685.4631,683.45,665.1167,559.1,-0.155,-1.8293,-15.0396,1.2368,-6.0489,-5.7722,-30.6781

PRICE_WINDOW_180_ROW_124=20260602,659.0,659.0,626.0,631.0,75749.0,660.4,680.9245,676.05,665.7833,561.1833,-2.0186,-5.5389,-18.9987,0.383,-7.3319,-6.6637,-32.0775

PRICE_WINDOW_180_ROW_125=20260603,634.0,636.0,623.0,635.0,52113.0,644.6,677.0975,672.7,666.9667,563.2917,0.6339,-11.0644,-9.5442,0.3203,-6.2173,-5.6043,-31.6469

PRICE_WINDOW_180_ROW_126=20260604,629.0,650.0,625.0,645.0,52439.0,640.0,674.4227,670.75,668.3833,565.5,1.5748,-3.4431,-5.7018,0.35,-4.3626,-3.839,-30.5705

PRICE_WINDOW_180_ROW_127=20260605,645.0,682.0,632.0,658.0,137949.0,642.6,673.0541,669.15,669.7667,567.8083,2.0155,2.0155,-4.6377,0.9357,-2.2367,-1.6663,-29.1712

PRICE_WINDOW_180_ROW_128=20260608,610.0,694.0,610.0,677.0,254728.0,649.2,673.383,668.65,671.0667,570.3,2.8875,5.1242,-1.4556,1.6654,0.5371,1.2488,-27.1259

PRICE_WINDOW_180_ROW_129=20260609,677.0,709.0,677.0,704.0,211881.0,663.8,675.9344,669.85,673.1833,573.0542,3.9882,11.5689,3.5294,1.3852,4.1521,5.0982,-24.2196

PRICE_WINDOW_180_ROW_130=20260610,709.0,747.0,709.0,725.0,314118.0,681.8,680.0232,672.2,675.7,576.0375,2.983,14.1732,6.9322,1.8944,6.614,7.8548,-21.9591

PRICE_WINDOW_180_ROW_131=20260611,732.0,735.0,700.0,704.0,324264.0,693.6,682.0212,671.6,678.0167,578.9708,-2.8966,9.1473,-1.676,1.954,3.2226,4.8243,-24.2196

PRICE_WINDOW_180_ROW_132=20260612,707.0,728.0,707.0,717.0,138748.0,705.4,684.9361,673.1,680.6,582.0125,1.8466,8.9666,4.3668,0.8329,4.6813,6.5221,-22.8202

PRICE_WINDOW_180_ROW_133=20260615,733.0,746.0,705.0,740.0,341664.0,718.0,689.5248,676.5,683.2167,585.0792,3.2078,9.3058,10.119,1.911,7.3203,9.3865,-20.3445

PRICE_WINDOW_180_ROW_134=20260616,748.0,814.0,743.0,814.0,462456.0,740.0,699.8977,683.75,687.0667,588.7208,10.0,15.625,21.6741,2.3553,16.3027,19.0494,-12.3789

PRICE_WINDOW_180_ROW_135=20260617,870.0,895.0,852.0,895.0,303249.0,774.0,716.1563,694.15,692.5,592.9708,9.9509,23.4483,30.2766,1.4528,24.9727,28.9347,-3.6598

PRICE_WINDOW_180_ROW_136=20260618,938.0,968.0,895.0,911.0,740735.0,815.4,732.3932,706.0,698.6,597.2458,1.7877,29.4034,35.1632,3.0677,24.3867,29.0368,-5.8884

PRICE_WINDOW_180_ROW_137=20260622,911.0,915.0,857.0,886.0,295335.0,849.2,745.1938,716.85,704.6167,601.4458,-2.7442,23.5704,32.4365,1.1744,18.8952,23.5963,-8.4711

PRICE_WINDOW_180_ROW_138=20260623,887.0,889.0,819.0,833.0,228301.0,867.8,752.511,725.7,709.0333,605.2125,-5.9819,12.5676,26.9817,0.8958,10.6961,14.7857,-13.9463

PRICE_WINDOW_180_ROW_139=20260624,834.0,860.0,809.0,860.0,172420.0,877.0,761.4684,735.3,713.7167,609.2708,3.2413,5.6511,28.7425,0.6627,12.9397,16.9591,-11.157

PRICE_WINDOW_180_ROW_140=20260625,870.0,900.0,845.0,879.0,190032.0,873.8,771.2627,743.55,718.9167,613.5958,2.2093,-1.7877,23.1092,0.7388,13.969,18.2167,-9.1942

PRICE_WINDOW_180_ROW_141=20260626,870.0,875.0,840.0,862.0,146455.0,864.0,778.8241,753.25,723.7833,617.825,-1.934,-5.3787,29.0419,0.5893,10.6797,14.4374,-10.9504

PRICE_WINDOW_180_ROW_142=20260629,861.0,888.0,847.0,856.0,139411.0,858.0,785.2555,763.8,728.7,622.0,-0.6961,-3.386,32.7132,0.5721,9.0091,12.0712,-11.5702

PRICE_WINDOW_180_ROW_143=20260630,870.0,882.0,854.0,871.0,125762.0,865.6,792.4008,775.15,733.7167,626.2667,1.7523,4.5618,35.2484,0.5343,9.9191,12.3653,-10.0207

PRICE_WINDOW_180_ROW_144=20260701,879.0,918.0,862.0,906.0,244904.0,874.8,801.8674,788.9,739.45,630.825,4.0184,5.3488,43.5816,1.0043,12.9863,14.8435,-6.405

PRICE_WINDOW_180_ROW_145=20260702,903.0,909.0,873.0,890.0,303600.0,877.0,809.2118,801.65,744.4167,635.3125,-1.766,1.2514,40.1575,1.184,9.9836,11.021,-8.0579

PRICE_WINDOW_180_ROW_146=20260703,883.0,921.0,883.0,916.0,171553.0,887.8,818.1108,815.2,749.55,640.0833,2.9213,6.2645,42.0155,0.6538,11.9653,12.3651,-5.3719

PRICE_WINDOW_180_ROW_147=20260706,890.0,902.0,875.0,891.0,122562.0,894.8,824.1849,826.85,754.0167,644.6542,-2.7293,4.0888,35.4103,0.4685,8.1068,7.7584,-7.9545

PRICE_WINDOW_180_ROW_148=20260707,899.0,950.0,884.0,920.0,335692.0,904.6,832.1695,839.0,758.5667,649.75,3.2548,5.6257,35.8936,1.2636,10.5544,9.6544,-4.9587

PRICE_WINDOW_180_ROW_149=20260708,930.0,978.0,927.0,960.0,478368.0,915.4,842.8221,851.8,762.7167,655.1083,4.3478,5.9603,36.3636,1.7147,13.903,12.7025,-1.8405

PRICE_WINDOW_180_ROW_150=20260709,969.0,972.0,920.0,925.0,204757.0,922.4,849.6702,861.8,765.1,660.1583,-3.6458,3.9326,27.5862,0.7486,8.8658,7.3335,-5.4192

PRICE_WINDOW_180_ROW_151=20260713,931.0,943.0,870.0,900.0,266304.0,919.2,853.8644,871.6,767.1833,664.9375,-2.7027,-1.7467,27.8409,0.9841,5.4032,3.2584,-7.9755

PRICE_WINDOW_180_ROW_152=20260714,899.0,935.0,872.0,935.0,287267.0,928.0,860.6257,882.5,769.7667,669.925,3.8889,4.9383,30.4045,1.0332,8.6419,5.949,-4.3967

PRICE_WINDOW_180_ROW_153=20260715,959.0,1025.0,950.0,1025.0,838537.0,949.0,874.3235,896.75,774.0167,675.6875,9.6257,11.413,38.5135,2.7685,17.2335,14.3016,0.0

PRICE_WINDOW_180_ROW_154=20260716,1020.0,1115.0,1020.0,1105.0,798340.0,978.0,893.5466,911.3,779.1,682.1708,7.8049,15.1042,35.7494,2.4973,23.6645,21.2553,-0.8969

PRICE_WINDOW_180_ROW_155=20260717,1100.0,1120.0,1025.0,1030.0,450939.0,999.0,904.9177,918.05,782.9667,687.9833,-6.7873,11.3514,15.0838,1.3787,13.8225,12.1943,-8.0357

PRICE_WINDOW_180_ROW_156=20260720,1030.0,1030.0,933.0,991.0,265584.0,1017.2,912.0912,922.05,785.15,693.425,-3.7864,10.1111,8.7816,0.8756,8.6514,7.4779,-11.5179

PRICE_WINDOW_180_ROW_157=20260721,1000.0,1060.0,980.0,994.0,278962.0,1029.0,918.9169,927.45,787.3,698.7833,0.3027,6.3102,12.1896,0.9222,8.1708,7.1756,-11.25

PRICE_WINDOW_180_ROW_158=20260722,1005.0,1020.0,995.0,1010.0,194855.0,1026.0,926.5072,936.3,790.1333,704.2,1.6097,-1.4634,21.2485,0.6478,9.0116,7.8714,-9.8214

PRICE_WINDOW_180_ROW_159=20260723,1050.0,1050.0,992.0,1005.0,133739.0,1006.0,933.0483,943.55,794.2833,709.4125,-0.495,-9.0498,16.8605,0.4475,7.7115,6.5126,-10.2679

PRICE_WINDOW_180_ROW_160=20260724,1015.0,1065.0,992.0,992.0,177670.0,998.4,937.9609,949.2,798.05,714.2167,-1.2935,-3.6893,12.8555,0.5957,5.7613,4.5091,-11.4286

PRICE_WINDOW_180_ROW_161=20260727,1000.0,1010.0,983.0,989.0,77399.0,998.0,942.2142,955.55,801.4167,718.85,-0.3024,-0.2018,14.7332,0.2625,4.9655,3.5006,-11.6964

PRICE_WINDOW_180_ROW_162=20260728,983.0,987.0,891.0,891.0,259340.0,977.4,937.9463,957.3,803.4167,722.5833,-9.909,-10.3622,4.0888,0.8621,-5.0052,-6.9257,-20.4464

PRICE_WINDOW_180_ROW_163=20260729,891.0,891.0,802.0,802.0,224287.0,935.8,926.6175,953.85,804.15,725.6833,-9.9888,-20.5941,-7.9219,0.7336,-13.4486,-15.9197,-28.3929

PRICE_WINDOW_180_ROW_164=20260730,796.0,840.0,757.0,790.0,238392.0,892.8,915.2327,948.05,804.3333,728.325,-1.4963,-21.393,-12.8035,0.7806,-13.6832,-16.6711,-29.4643

PRICE_WINDOW_180_ROW_165=20260731,866.0,866.0,778.0,796.0,177820.0,853.6,905.2966,943.35,805.9,730.6833,0.7595,-19.7581,-10.5618,0.5945,-12.073,-15.6199,-28.9286

PRICE_WINDOW_180_ROW_166=20260803,800.0,856.0,799.0,844.0,160906.0,824.6,900.1886,939.75,808.5667,733.05,6.0302,-14.6613,-7.8603,0.5389,-6.2419,-10.1889,-24.6429

PRICE_WINDOW_180_ROW_167=20260804,841.0,884.0,821.0,874.0,140127.0,821.2,898.0062,938.9,811.6333,735.4583,3.5545,-1.908,-1.908,0.4679,-2.6733,-6.9123,-21.9643

PRICE_WINDOW_180_ROW_168=20260805,876.0,961.0,876.0,958.0,354216.0,852.4,903.0057,940.8,816.15,738.4417,9.611,19.4514,4.1304,1.1792,6.0901,1.8282,-14.4643

PRICE_WINDOW_180_ROW_169=20260806,958.0,978.0,935.0,977.0,175464.0,889.8,909.1719,941.65,821.1,741.575,1.9833,23.6709,1.7708,0.6151,7.4604,3.754,-12.7679

PRICE_WINDOW_180_ROW_170=20260807,998.0,999.0,921.0,943.0,237749.0,919.2,911.9909,942.55,825.5167,744.525,-3.48,18.4673,1.9459,0.8287,3.4002,0.0477,-15.8036

PRICE_WINDOW_180_ROW_171=20260810,943.0,952.0,914.0,948.0,243204.0,940.0,914.9916,944.95,829.3833,747.2583,0.5302,12.3223,5.3333,0.8511,3.6075,0.3228,-15.3571

PRICE_WINDOW_180_ROW_172=20260811,955.0,1025.0,949.0,1020.0,267698.0,969.2,923.7423,949.2,834.9333,750.3583,7.5949,16.7048,9.0909,0.9401,10.4204,7.4589,-8.9286

PRICE_WINDOW_180_ROW_173=20260812,982.0,1020.0,982.0,1010.0,142197.0,979.6,930.9305,948.45,840.5667,753.1167,-0.9804,5.428,-1.4634,0.5689,8.4936,6.4895,-9.8214

PRICE_WINDOW_180_ROW_174=20260813,1015.0,1055.0,999.0,1020.0,162136.0,988.2,938.3529,944.2,846.4167,755.9083,0.9901,4.4012,-7.6923,0.7433,8.7011,8.028,-8.9286

PRICE_WINDOW_180_ROW_175=20260814,1045.0,1090.0,1025.0,1070.0,257966.0,1013.6,949.3235,946.2,852.8,759.0917,4.902,13.4677,3.8835,1.2373,12.7118,13.0839,-4.4643

PRICE_WINDOW_180_ROW_176=20260817,1105.0,1105.0,1050.0,1055.0,330119.0,1035.0,958.1299,949.4,859.15,762.2333,-1.4019,11.2869,6.4581,1.5593,10.1103,11.1228,-5.8036

PRICE_WINDOW_180_ROW_177=20260818,1035.0,1085.0,1035.0,1055.0,186295.0,1042.0,966.2024,952.45,865.5833,765.525,0.0,3.4314,6.1368,0.8996,9.1904,10.767,-5.8036

PRICE_WINDOW_180_ROW_178=20260819,1050.0,1135.0,1045.0,1085.0,222328.0,1057.0,976.1022,956.2,872.7333,768.8167,2.8436,7.4257,7.4257,1.0666,11.1564,13.47,-4.4053

PRICE_WINDOW_180_ROW_179=20260820,1105.0,1130.0,1075.0,1125.0,283744.0,1078.0,988.5104,962.2,880.35,772.4417,3.6866,10.2941,11.9403,1.3139,13.8076,16.9196,-0.8811

PRICE_WINDOW_180_ROW_180=20260821,1140.0,1190.0,1140.0,1155.0,267357.0,1095.0,1002.3845,970.35,887.7,776.275,2.6667,7.9439,16.4315,1.2128,15.2252,19.0292,-2.9412
