# PRICE_WINDOW_180

columns=date,open,high,low,close,volume,ma5,ema23,ma20,ma60,ma120,return_1d,return_5d,return_20d,volume_ratio,distance_to_ema23_pct,distance_to_ma20_pct,distance_to_high_60_pct

PRICE_WINDOW_180_ROW_001=20251208,110.0,110.5,107.5,109.0,1932000.0,116.1,116.5976,116.85,117.6324,117.6324,-6.4378,-6.0345,-5.2174,3.6965,-6.5161,-6.718,-23.7762

PRICE_WINDOW_180_ROW_002=20251209,109.0,109.5,107.5,108.0,1018000.0,113.8,115.8811,116.6,117.3571,117.3571,-0.9174,-9.6234,-4.4248,1.8234,-6.8011,-7.3756,-24.4755

PRICE_WINDOW_180_ROW_003=20251210,108.5,108.5,107.0,107.0,508000.0,111.6,115.141,115.825,117.0694,117.0694,-0.9259,-9.322,-12.6531,1.0207,-7.0705,-7.6193,-25.1748

PRICE_WINDOW_180_ROW_004=20251211,108.0,108.0,105.5,105.5,578000.0,109.2,114.3376,115.025,116.7568,116.7568,-1.4019,-10.2128,-13.1687,1.1871,-7.7294,-8.2808,-26.2238

PRICE_WINDOW_180_ROW_005=20251212,106.0,109.5,106.0,108.0,698000.0,107.5,113.8095,114.45,116.5263,116.5263,2.3697,-7.2961,-9.6234,1.3825,-5.1046,-5.6356,-24.4755

PRICE_WINDOW_180_ROW_006=20251215,108.0,110.5,106.5,109.5,695000.0,107.6,113.4504,113.9,116.3462,116.3462,1.3889,0.4587,-9.1286,1.34,-3.482,-3.863,-23.4266

PRICE_WINDOW_180_ROW_007=20251216,109.0,110.0,109.0,109.0,298000.0,107.8,113.0795,113.5,116.1625,116.1625,-0.4566,0.9259,-6.8376,0.5926,-3.6076,-3.9648,-23.7762

PRICE_WINDOW_180_ROW_008=20251217,109.0,111.5,109.0,109.5,324000.0,108.3,112.7812,113.2,116.0,116.0,0.4587,2.3364,-5.1948,0.6538,-2.9094,-3.2686,-23.4266

PRICE_WINDOW_180_ROW_009=20251218,109.5,111.0,109.0,110.0,268000.0,109.2,112.5494,112.9,115.8571,115.8571,0.4566,4.2654,-5.1724,0.5575,-2.2652,-2.5686,-23.0769

PRICE_WINDOW_180_ROW_010=20251219,109.5,111.5,109.5,111.5,257000.0,109.9,112.462,112.8,115.7558,115.7558,1.3636,3.2407,-1.7621,0.5591,-0.8554,-1.1525,-22.028

PRICE_WINDOW_180_ROW_011=20251222,111.0,111.0,109.0,110.0,323000.0,110.0,112.2568,112.475,115.625,115.625,-1.3453,0.4566,-5.5794,0.7003,-2.0104,-2.2005,-23.0769

PRICE_WINDOW_180_ROW_012=20251223,110.0,112.0,109.5,110.5,336000.0,110.3,112.1104,112.225,115.5111,115.5111,0.4545,1.3761,-4.329,0.7264,-1.4365,-1.5371,-22.7273

PRICE_WINDOW_180_ROW_013=20251224,110.5,111.5,109.5,110.0,171000.0,110.4,111.9346,111.875,115.3913,115.3913,-0.4525,0.4566,-5.9829,0.373,-1.7283,-1.676,-23.0769

PRICE_WINDOW_180_ROW_014=20251226,110.5,110.5,109.5,110.0,193000.0,110.4,111.7733,111.575,115.2766,115.2766,0.0,0.0,-5.1724,0.4192,-1.5866,-1.4116,-23.0769

PRICE_WINDOW_180_ROW_015=20251229,110.0,111.0,108.5,110.0,313000.0,110.1,111.6256,111.25,115.1667,115.1667,0.0,-1.3453,-5.5794,0.6738,-1.4563,-1.1236,-23.0769

PRICE_WINDOW_180_ROW_016=20251230,110.0,110.0,109.0,109.5,146000.0,110.0,111.4484,110.925,115.051,115.051,-0.4545,-0.4545,-5.6034,0.3165,-1.7483,-1.2847,-23.4266

PRICE_WINDOW_180_ROW_017=20251231,109.5,111.0,109.5,110.5,245000.0,110.0,111.3694,110.475,114.96,114.96,0.9132,0.0,-7.5314,0.5488,-0.7806,0.0226,-22.7273

PRICE_WINDOW_180_ROW_018=20260102,111.0,115.0,111.0,113.5,710000.0,110.7,111.5469,110.25,114.9314,114.9314,2.7149,3.1818,-3.8136,1.5197,1.7509,2.9478,-20.6294

PRICE_WINDOW_180_ROW_019=20260105,115.5,115.5,112.5,114.5,534000.0,111.6,111.793,110.1,114.9231,114.9231,0.8811,4.0909,-2.5532,1.0954,2.4214,3.9964,-19.9301

PRICE_WINDOW_180_ROW_020=20260106,116.5,117.0,115.0,115.5,561000.0,112.7,112.1019,110.05,114.934,114.934,0.8734,5.0,-0.8584,1.11,3.0312,4.9523,-19.2308

PRICE_WINDOW_180_ROW_021=20260107,115.5,121.0,115.5,120.5,1015000.0,114.9,112.8018,110.625,115.037,115.037,4.329,10.0457,10.5505,2.2087,6.8246,8.9266,-15.7343

PRICE_WINDOW_180_ROW_022=20260108,122.5,124.0,121.0,122.0,1011000.0,117.2,113.5683,111.325,115.1636,115.1636,1.2448,10.4072,12.963,2.2017,7.4243,9.589,-14.6853

PRICE_WINDOW_180_ROW_023=20260109,123.0,124.0,120.5,123.5,748000.0,119.2,114.3959,112.15,115.3125,115.3125,1.2295,8.8106,15.4206,1.5874,7.9584,10.1204,-13.6364

PRICE_WINDOW_180_ROW_024=20260112,124.5,125.0,122.5,124.0,688000.0,121.1,115.1963,113.075,115.4649,115.4649,0.4049,8.2969,17.5355,1.4433,7.6424,9.6617,-13.2867

PRICE_WINDOW_180_ROW_025=20260113,125.0,132.0,123.0,130.5,2027000.0,124.1,116.4716,114.2,115.7241,115.7241,5.2419,12.987,20.8333,3.7319,12.0445,14.2732,-8.7413

PRICE_WINDOW_180_ROW_026=20260114,132.0,134.5,130.5,133.5,1771000.0,126.7,117.8906,115.4,116.0254,116.0254,2.2989,10.7884,21.9178,2.9667,13.2406,15.6846,-6.6434

PRICE_WINDOW_180_ROW_027=20260115,132.5,136.0,132.5,134.5,1392000.0,129.2,119.2747,116.675,116.3333,116.3333,0.7491,10.2459,23.3945,2.1361,12.7649,15.2775,-5.9441

PRICE_WINDOW_180_ROW_028=20260116,135.5,140.5,133.0,135.0,2185000.0,131.5,120.5852,117.95,116.5917,116.6393,0.3717,9.3117,23.2877,2.9341,11.9541,14.4553,-5.5944

PRICE_WINDOW_180_ROW_029=20260119,137.0,139.0,132.0,133.0,1789000.0,133.3,121.6197,119.1,116.5,116.9032,-1.4815,7.2581,20.9091,2.1797,9.3572,11.6709,-5.3381

PRICE_WINDOW_180_ROW_030=20260120,133.0,139.5,133.0,139.0,1796000.0,135.0,123.0681,120.475,116.6,117.254,4.5113,6.5134,24.6637,2.0007,12.9456,15.3766,-1.0676

PRICE_WINDOW_180_ROW_031=20260121,140.5,148.0,139.5,146.0,2779000.0,137.5,124.9791,122.275,117.0417,117.7031,5.036,9.3633,32.7273,2.7232,16.8195,19.403,-1.3514

PRICE_WINDOW_180_ROW_032=20260122,145.5,156.0,144.5,154.5,3216000.0,141.5,127.4392,124.475,117.6833,118.2692,5.8219,14.8699,39.819,2.7617,21.2343,24.1213,-0.9615

PRICE_WINDOW_180_ROW_033=20260123,155.5,159.0,153.5,155.5,2442000.0,145.6,129.7776,126.75,118.3333,118.8333,0.6472,15.1852,41.3636,1.9107,19.8204,22.6824,-2.2013

PRICE_WINDOW_180_ROW_034=20260126,155.0,157.5,151.0,155.5,1978000.0,150.1,131.9211,129.025,119.0667,119.3806,0.0,16.9173,41.3636,1.4466,17.8735,20.5193,-2.2013

PRICE_WINDOW_180_ROW_035=20260127,156.0,162.0,155.5,159.0,2038000.0,154.1,134.1777,131.475,119.8167,119.9632,2.2508,14.3885,44.5455,1.4021,18.4996,20.9355,-1.8519

PRICE_WINDOW_180_ROW_036=20260128,159.0,159.5,154.0,154.0,1637000.0,155.7,135.8295,133.7,120.4833,120.4565,-3.1447,5.4795,40.6393,1.0713,13.3774,15.1832,-4.9383

PRICE_WINDOW_180_ROW_037=20260129,152.0,154.5,151.0,153.5,1214000.0,155.5,137.3021,135.85,121.1333,120.9286,-0.3247,-0.6472,38.914,0.77,11.7973,12.9923,-5.2469

PRICE_WINDOW_180_ROW_038=20260130,154.0,156.0,151.0,151.5,1108000.0,154.7,138.4852,137.75,121.7167,121.3592,-1.3029,-2.5723,33.4802,0.694,9.3979,9.9819,-6.4815

PRICE_WINDOW_180_ROW_039=20260202,150.0,154.5,150.0,152.5,1270000.0,154.1,139.6531,139.65,122.3083,121.7917,0.6601,-1.9293,33.1878,0.7776,9.1991,9.2016,-5.8642

PRICE_WINDOW_180_ROW_040=20260203,153.5,155.0,150.0,151.5,812000.0,152.6,140.6404,141.45,122.8833,122.1986,-0.6557,-4.717,31.1688,0.4934,7.7216,7.105,-6.4815

PRICE_WINDOW_180_ROW_041=20260204,151.5,151.5,145.0,147.5,1168000.0,151.3,141.212,142.8,123.425,122.5405,-2.6403,-4.2208,22.4066,0.7064,4.4529,3.2913,-8.9506

PRICE_WINDOW_180_ROW_042=20260205,149.0,149.5,144.5,146.5,576000.0,149.9,141.6527,144.025,123.9833,122.86,-0.678,-4.5603,20.082,0.353,3.422,1.7185,-9.5679

PRICE_WINDOW_180_ROW_043=20260206,146.0,146.0,140.0,141.5,1030000.0,147.9,141.64,144.925,124.3,123.1053,-3.413,-6.6007,14.5749,0.6258,-0.0988,-2.3633,-12.6543

PRICE_WINDOW_180_ROW_044=20260209,141.0,143.0,139.5,141.5,890000.0,145.7,141.6283,145.8,124.6333,123.3442,0.0,-7.2131,14.1129,0.5375,-0.0906,-2.9492,-12.6543

PRICE_WINDOW_180_ROW_045=20260210,141.5,141.5,137.5,138.5,689000.0,143.1,141.3676,146.2,124.95,123.5385,-2.1201,-8.5809,6.1303,0.4336,-2.0285,-5.2668,-14.5062

PRICE_WINDOW_180_ROW_046=20260211,138.5,139.5,137.0,137.5,751000.0,141.1,141.0453,146.4,125.2333,123.7152,-0.722,-6.7797,2.9963,0.4883,-2.5136,-6.0792,-15.1235

PRICE_WINDOW_180_ROW_047=20260223,139.0,141.5,138.0,140.5,464000.0,139.9,140.9999,146.7,125.625,123.925,2.1818,-4.0956,4.461,0.3111,-0.3545,-4.2263,-13.2716

PRICE_WINDOW_180_ROW_048=20260224,141.0,141.0,134.5,136.0,1060000.0,138.8,140.5832,146.75,125.9667,124.0741,-3.2028,-3.8869,0.7407,0.7385,-3.2601,-7.3254,-16.0494

PRICE_WINDOW_180_ROW_049=20260225,136.5,136.5,133.0,134.5,754000.0,137.4,140.0763,146.825,126.275,124.2012,-1.1029,-4.947,1.1278,0.545,-3.9809,-8.3943,-16.9753

PRICE_WINDOW_180_ROW_050=20260226,134.0,135.0,130.5,131.0,804000.0,135.9,139.3199,146.425,126.5667,124.2831,-2.6022,-5.4152,-5.7554,0.6027,-5.9718,-10.5344,-19.1358

PRICE_WINDOW_180_ROW_051=20260302,129.5,132.5,129.0,131.0,501000.0,134.6,138.6266,145.675,126.8083,124.3631,0.0,-4.7273,-10.274,0.4106,-5.5015,-10.0738,-19.1358

PRICE_WINDOW_180_ROW_052=20260303,131.0,131.5,127.5,129.0,720000.0,132.3,137.8244,144.4,127.0333,124.4176,-1.5267,-8.1851,-16.5049,0.6574,-6.4026,-10.6648,-20.3704

PRICE_WINDOW_180_ROW_053=20260304,128.0,129.0,122.5,123.0,790000.0,129.7,136.589,142.775,127.1333,124.4012,-4.6512,-9.5588,-20.9003,0.7801,-9.9488,-13.8505,-24.0741

PRICE_WINDOW_180_ROW_054=20260305,125.0,128.0,124.5,125.5,530000.0,127.9,135.6649,141.275,127.2917,124.4138,2.0325,-6.6914,-19.2926,0.5636,-7.4927,-11.1662,-22.5309

PRICE_WINDOW_180_ROW_055=20260306,125.0,126.5,124.5,125.5,237000.0,126.8,134.8178,139.6,127.4417,124.4261,0.0,-4.1985,-21.0692,0.2787,-6.9114,-10.1003,-22.5309

PRICE_WINDOW_180_ROW_056=20260309,120.0,122.5,119.5,120.5,448000.0,124.7,133.6247,137.925,127.5167,124.382,-3.9841,-8.0153,-21.7532,0.5665,-9.8221,-12.6337,-25.6173

PRICE_WINDOW_180_ROW_057=20260310,123.0,123.5,120.5,121.0,282000.0,123.1,132.5726,136.3,127.5417,124.3444,0.4149,-6.2016,-21.1726,0.3789,-8.7293,-11.2252,-25.3086

PRICE_WINDOW_180_ROW_058=20260311,122.0,124.0,122.0,122.5,371000.0,123.0,131.7332,134.85,127.6167,124.3242,1.2397,-0.4065,-19.1419,0.5245,-7.009,-9.1583,-24.3827

PRICE_WINDOW_180_ROW_059=20260312,124.0,124.0,119.5,120.5,962000.0,122.0,130.7971,133.25,127.6667,124.2826,-1.6327,-3.9841,-20.9836,1.3903,-7.8726,-9.5685,-25.6173

PRICE_WINDOW_180_ROW_060=20260313,119.5,122.5,119.0,122.0,842000.0,121.3,130.064,131.775,127.7583,124.2581,1.2448,-2.7888,-19.4719,1.2142,-6.2001,-7.4179,-24.6914

PRICE_WINDOW_180_ROW_061=20260316,122.5,126.0,121.0,125.0,492000.0,122.2,129.642,130.65,128.025,124.266,2.459,3.7344,-15.2542,0.7459,-3.5807,-4.3245,-22.8395

PRICE_WINDOW_180_ROW_062=20260317,125.5,125.5,122.0,123.0,601000.0,122.6,129.0885,129.475,128.275,124.2526,-1.6,1.6529,-16.041,0.9094,-4.7166,-5.001,-24.0741

PRICE_WINDOW_180_ROW_063=20260318,124.0,126.0,122.5,125.0,427000.0,123.1,128.7478,128.65,128.575,124.2604,1.626,2.0408,-11.6608,0.677,-2.911,-2.8372,-22.8395

PRICE_WINDOW_180_ROW_064=20260319,123.5,124.0,122.5,123.0,507000.0,123.6,128.2688,127.725,128.8667,124.2474,-1.6,2.0747,-13.0742,0.829,-4.1077,-3.6994,-24.0741

PRICE_WINDOW_180_ROW_065=20260320,123.5,124.5,122.0,122.5,409000.0,123.7,127.7881,126.925,129.1083,124.2296,-0.4065,0.4098,-11.5523,0.6844,-4.1382,-3.4863,-24.3827

PRICE_WINDOW_180_ROW_066=20260323,120.5,123.5,120.5,122.0,338000.0,123.1,127.3058,126.15,129.3167,124.2071,-0.4082,-2.4,-11.2727,0.5858,-4.1677,-3.2897,-24.6914

PRICE_WINDOW_180_ROW_067=20260324,124.5,125.0,122.0,123.5,285000.0,123.2,126.9886,125.3,129.5583,124.2,1.2295,0.4065,-12.0996,0.5018,-2.7472,-1.4366,-23.7654

PRICE_WINDOW_180_ROW_068=20260325,123.5,126.0,123.5,126.0,424000.0,123.4,126.9062,124.8,129.8333,124.2178,2.0243,0.8,-7.3529,0.7907,-0.7141,0.9615,-22.2222

PRICE_WINDOW_180_ROW_069=20260326,128.0,128.5,124.5,125.0,609000.0,123.8,126.7474,124.325,130.0833,124.2255,-0.7937,1.626,-7.0632,1.1513,-1.3786,0.5429,-22.8395

PRICE_WINDOW_180_ROW_070=20260327,123.0,125.5,123.0,124.5,216000.0,124.2,126.5601,124.0,130.3,124.2282,-0.4,1.6327,-4.9618,0.4324,-1.6278,0.4032,-23.1481

PRICE_WINDOW_180_ROW_071=20260330,123.0,128.5,123.0,127.0,564000.0,125.2,126.5968,123.8,130.5833,124.2548,2.008,4.0984,-3.0534,1.1219,0.3185,2.5848,-21.6049

PRICE_WINDOW_180_ROW_072=20260331,127.0,129.0,125.0,125.5,827000.0,125.6,126.5054,123.625,130.8333,124.2667,-1.1811,1.6194,-2.7132,1.6278,-0.7947,1.5167,-22.5309

PRICE_WINDOW_180_ROW_073=20260401,127.5,127.5,125.5,127.0,769000.0,125.8,126.5466,123.825,131.1167,124.2925,1.1952,0.7937,3.252,1.5168,0.3583,2.5641,-21.6049

PRICE_WINDOW_180_ROW_074=20260402,127.0,128.0,125.5,127.0,681000.0,126.2,126.5844,123.9,131.4,124.3178,0.0,1.6,1.1952,1.3235,0.3283,2.502,-21.6049

PRICE_WINDOW_180_ROW_075=20260407,127.0,127.0,122.0,124.5,854000.0,126.2,126.4107,123.85,131.6417,124.3194,-1.9685,0.0,-0.7968,1.5658,-1.5115,0.5248,-23.1481

PRICE_WINDOW_180_ROW_076=20260408,125.5,126.0,122.0,124.0,855000.0,125.6,126.2098,124.025,131.8833,124.3165,-0.4016,-2.3622,2.9046,1.5113,-1.7509,-0.0202,-23.4568

PRICE_WINDOW_180_ROW_077=20260409,124.0,125.0,122.0,125.0,628000.0,125.5,126.109,124.225,132.125,124.3227,0.8065,-0.3984,3.3058,1.0771,-0.8794,0.6239,-22.8395

PRICE_WINDOW_180_ROW_078=20260410,125.0,127.0,125.0,125.5,424000.0,125.2,126.0582,124.375,132.325,124.3333,0.4,-1.1811,2.449,0.7239,-0.4428,0.9045,-22.5309

PRICE_WINDOW_180_ROW_079=20260413,125.5,125.5,121.0,121.5,1123000.0,124.1,125.6784,124.425,132.4417,124.308,-3.1873,-4.3307,0.8299,1.8914,-3.3247,-2.3508,-25.0

PRICE_WINDOW_180_ROW_080=20260414,122.0,122.5,120.5,121.0,434000.0,123.4,125.2885,124.375,132.5333,124.2788,-0.4115,-2.8112,-0.8197,0.757,-3.4229,-2.7136,-25.3086

PRICE_WINDOW_180_ROW_081=20260415,121.5,122.0,121.0,121.0,462000.0,122.8,124.9311,124.175,132.5417,124.25,0.0,-2.4194,-3.2,0.8079,-3.1466,-2.5569,-25.3086

PRICE_WINDOW_180_ROW_082=20260416,122.0,125.5,122.0,123.0,881000.0,122.4,124.7702,124.175,132.5583,124.2391,1.6529,-1.6,0.0,1.5038,-1.4188,-0.9462,-24.0741

PRICE_WINDOW_180_ROW_083=20260417,123.5,127.0,123.5,125.0,894000.0,122.3,124.7893,124.175,132.5833,124.2457,1.626,-0.3984,0.0,1.4675,0.1688,0.6644,-22.8395

PRICE_WINDOW_180_ROW_084=20260420,126.0,126.0,122.0,122.0,593000.0,122.4,124.5569,124.125,132.55,124.2265,-2.4,0.4115,-0.813,0.9666,-2.0528,-1.712,-24.6914

PRICE_WINDOW_180_ROW_085=20260421,123.0,124.5,122.0,124.0,420000.0,123.0,124.5105,124.2,132.4417,124.2246,1.6393,2.4793,1.2245,0.684,-0.41,-0.161,-23.4568

PRICE_WINDOW_180_ROW_086=20260422,124.0,126.0,124.0,125.0,574000.0,123.8,124.5513,124.35,132.3,124.2311,0.8065,3.3058,2.459,0.9172,0.3603,0.5227,-22.8395

PRICE_WINDOW_180_ROW_087=20260423,125.0,125.0,120.5,120.5,1017000.0,123.3,124.2137,124.2,132.0667,124.2,-3.6,-2.0325,-2.4291,1.5352,-2.9898,-2.9791,-25.6173

PRICE_WINDOW_180_ROW_088=20260424,121.0,121.5,119.5,119.5,477000.0,122.2,123.8209,123.875,131.8083,124.2,-0.8299,-4.4,-5.1587,0.7172,-3.4896,-3.5318,-26.2346

PRICE_WINDOW_180_ROW_089=20260427,119.0,119.0,116.0,117.5,653000.0,121.3,123.2941,123.5,131.55,124.025,-1.6736,-3.6885,-6.0,0.9786,-4.6994,-4.8583,-27.4691

PRICE_WINDOW_180_ROW_090=20260428,117.5,119.5,116.5,119.0,326000.0,120.3,122.9363,123.225,131.2167,123.9083,1.2766,-4.0323,-4.4177,0.4845,-3.2019,-3.4287,-26.5432

PRICE_WINDOW_180_ROW_091=20260429,119.0,120.0,118.5,119.0,285000.0,119.1,122.6083,122.825,130.7667,123.9042,0.0,-4.8,-6.2992,0.4326,-2.9429,-3.1142,-26.5432

PRICE_WINDOW_180_ROW_092=20260430,119.5,121.0,118.5,118.5,408000.0,118.7,122.2659,122.475,130.1667,123.925,-0.4202,-1.6598,-5.5777,0.6396,-3.0801,-3.2456,-26.8519

PRICE_WINDOW_180_ROW_093=20260504,119.0,120.0,117.5,120.0,464000.0,118.8,122.0771,122.125,129.575,123.9542,1.2658,0.4184,-5.5118,0.7452,-1.7015,-1.74,-25.9259

PRICE_WINDOW_180_ROW_094=20260505,119.0,120.0,119.0,120.0,250000.0,119.3,121.904,121.775,128.9833,124.025,0.0,2.1277,-5.5118,0.4159,-1.5619,-1.4576,-25.9259

PRICE_WINDOW_180_ROW_095=20260506,121.0,121.0,118.5,119.0,429000.0,119.3,121.662,121.5,128.3167,124.0667,-0.8333,0.0,-4.4177,0.7398,-2.188,-2.0576,-25.3918

PRICE_WINDOW_180_ROW_096=20260507,119.0,123.0,118.5,123.0,607000.0,120.1,121.7735,121.45,127.8,124.1417,3.3613,3.3613,-0.8065,1.0697,1.0072,1.2762,-21.1538

PRICE_WINDOW_180_ROW_097=20260508,122.0,123.0,120.0,122.0,515000.0,120.8,121.7924,121.3,127.275,124.2042,-0.813,2.9536,-2.4,0.9167,0.1705,0.5771,-21.7949

PRICE_WINDOW_180_ROW_098=20260511,122.5,123.0,119.0,120.5,910000.0,120.9,121.6847,121.05,126.7583,124.2375,-1.2295,0.4167,-3.9841,1.5526,-0.9736,-0.4544,-22.2581

PRICE_WINDOW_180_ROW_099=20260512,120.5,121.0,119.0,119.5,512000.0,120.8,121.5026,120.95,126.2083,124.2583,-0.8299,-0.4167,-1.6461,0.9216,-1.6482,-1.1988,-22.9032

PRICE_WINDOW_180_ROW_100=20260513,121.0,121.5,119.0,119.0,332000.0,120.8,121.2941,120.85,125.6667,124.275,-0.4184,0.0,-1.6529,0.6031,-1.8913,-1.5308,-21.4521

PRICE_WINDOW_180_ROW_101=20260514,119.5,120.5,119.0,119.0,338000.0,120.0,121.1029,120.75,125.1917,124.3083,0.0,-3.252,-1.6529,0.621,-1.7365,-1.4493,-20.4013

PRICE_WINDOW_180_ROW_102=20260515,119.5,120.5,118.0,118.0,430000.0,119.2,120.8443,120.5,124.7167,124.35,-0.8403,-3.2787,-4.065,0.8242,-2.3537,-2.0747,-19.1781

PRICE_WINDOW_180_ROW_103=20260518,118.0,118.0,116.0,117.0,382000.0,118.5,120.524,120.1,124.3083,124.3042,-0.8475,-2.9046,-6.4,0.77,-2.9239,-2.5812,-18.1818

PRICE_WINDOW_180_ROW_104=20260519,117.0,121.0,117.0,120.0,612000.0,118.6,120.4803,120.0,123.95,124.2917,2.5641,0.4184,-1.6393,1.2313,-0.3987,0.0,-15.1943

PRICE_WINDOW_180_ROW_105=20260520,120.0,121.0,118.0,119.5,390000.0,118.7,120.3986,119.775,123.6333,124.2917,-0.4167,0.4202,-3.629,0.787,-0.7464,-0.2296,-15.5477

PRICE_WINDOW_180_ROW_106=20260521,120.5,121.0,120.0,120.0,290000.0,118.9,120.3654,119.525,123.3417,124.2875,0.4184,0.8403,-4.0,0.6025,-0.3036,0.3974,-15.1943

PRICE_WINDOW_180_ROW_107=20260522,120.5,121.0,119.5,120.5,120000.0,119.4,120.3766,119.525,123.0083,124.3167,0.4167,2.1186,0.0,0.2749,0.1025,0.8157,-14.539

PRICE_WINDOW_180_ROW_108=20260525,120.5,121.0,118.5,119.5,119000.0,119.9,120.3036,119.525,122.7333,124.35,-0.8299,2.1368,0.0,0.2843,-0.6679,-0.0209,-12.4542

PRICE_WINDOW_180_ROW_109=20260526,119.5,120.0,117.0,119.0,118000.0,119.7,120.1949,119.6,122.475,124.375,-0.4184,-0.8333,1.2766,0.3011,-0.9942,-0.5017,-11.8519

PRICE_WINDOW_180_ROW_110=20260527,119.5,119.5,116.0,116.5,117000.0,119.1,119.887,119.475,122.2333,124.4,-2.1008,-2.5105,-2.1008,0.3068,-2.8252,-2.4901,-12.0755

PRICE_WINDOW_180_ROW_111=20260528,117.0,120.0,116.5,120.0,119000.0,119.1,119.8964,119.525,122.05,124.4292,3.0043,0.0,0.8403,0.3189,0.0864,0.3974,-8.7452

PRICE_WINDOW_180_ROW_112=20260529,119.5,120.0,118.5,119.5,119000.0,118.9,119.8634,119.575,121.8917,124.4625,-0.4167,-0.8299,0.8439,0.3318,-0.3032,-0.0627,-7.3643

PRICE_WINDOW_180_ROW_113=20260601,120.0,120.5,118.5,120.0,120000.0,119.0,119.8748,119.575,121.8417,124.4875,0.4184,0.4184,0.0,0.3514,0.1045,0.3554,-6.9767

PRICE_WINDOW_180_ROW_114=20260602,120.5,121.0,119.0,120.5,120.0,119.3,119.9269,119.6,121.7583,124.525,0.4167,1.2605,0.4167,0.0004,0.4779,0.7525,-6.5891

PRICE_WINDOW_180_ROW_115=20260603,120.5,124.5,119.5,122.5,122000.0,120.5,120.1413,119.775,121.7083,124.575,1.6598,5.1502,2.9412,0.389,1.9633,2.2751,-5.0388

PRICE_WINDOW_180_ROW_116=20260604,122.5,123.5,121.5,122.5,123000.0,121.0,120.3379,119.75,121.7417,124.6292,0.0,2.0833,-0.4065,0.425,1.7967,2.2965,-5.0388

PRICE_WINDOW_180_ROW_117=20260605,123.0,124.0,121.5,122.5,123000.0,121.6,120.518,119.775,121.7667,124.6542,0.0,2.5105,0.4098,0.4559,1.6445,2.2751,-5.0388

PRICE_WINDOW_180_ROW_118=20260608,115.5,120.0,114.5,118.5,766000.0,121.3,120.3499,119.675,121.7,124.6583,-3.2653,-1.25,-1.6598,2.9169,-1.5371,-0.9818,-8.1395

PRICE_WINDOW_180_ROW_119=20260609,119.0,121.5,118.5,119.0,421000.0,121.0,120.2374,119.65,121.675,124.6708,0.4219,-1.2448,-0.4184,1.6314,-1.0291,-0.5433,-7.7519

PRICE_WINDOW_180_ROW_120=20260610,119.0,121.5,118.5,118.5,447000.0,120.2,120.0926,119.625,121.6167,124.6875,-0.4202,-3.2653,-0.4202,1.6944,-1.3261,-0.9404,-8.1395

PRICE_WINDOW_180_ROW_121=20260611,119.5,121.0,119.0,119.5,410000.0,119.6,120.0432,119.65,121.525,124.775,0.8439,-2.449,0.4202,1.5332,-0.4525,-0.1254,-7.3643

PRICE_WINDOW_180_ROW_122=20260612,120.5,122.0,120.0,120.5,286000.0,119.2,120.0813,119.775,121.4833,124.8792,0.8368,-1.6327,2.1186,1.0991,0.3487,0.6053,-6.5891

PRICE_WINDOW_180_ROW_123=20260615,121.5,122.0,119.5,119.5,343000.0,119.4,120.0328,119.9,121.3917,124.9833,-0.8299,0.8439,2.1368,1.3281,-0.4439,-0.3336,-7.3643

PRICE_WINDOW_180_ROW_124=20260616,119.5,120.0,117.0,118.0,642000.0,119.2,119.8634,119.8,121.3083,125.0875,-1.2552,-0.8403,-1.6667,2.4716,-1.5546,-1.5025,-8.5271

PRICE_WINDOW_180_ROW_125=20260617,118.0,118.5,116.0,117.0,376000.0,118.9,119.6248,119.675,121.2167,125.1625,-0.8475,-1.2658,-2.0921,1.4514,-2.1942,-2.2352,-9.3023

PRICE_WINDOW_180_ROW_126=20260618,117.5,119.5,117.0,118.0,426000.0,118.6,119.4894,119.575,121.15,125.2333,0.8547,-1.2552,-1.6667,1.6024,-1.2465,-1.3172,-8.5271

PRICE_WINDOW_180_ROW_127=20260622,119.0,119.5,116.5,117.5,463000.0,118.0,119.3236,119.425,121.05,125.3042,-0.4237,-2.4896,-2.4896,1.636,-1.5283,-1.6119,-8.9147

PRICE_WINDOW_180_ROW_128=20260623,117.5,120.5,117.0,117.0,352000.0,117.5,119.13,119.3,120.9,125.3667,-0.4255,-2.0921,-2.0921,1.1946,-1.788,-1.9279,-9.3023

PRICE_WINDOW_180_ROW_129=20260624,117.0,117.5,116.5,116.5,280000.0,117.2,118.9108,119.175,120.7583,125.4208,-0.4274,-1.2712,-2.1008,0.9248,-2.0274,-2.2446,-9.6899

PRICE_WINDOW_180_ROW_130=20260625,117.5,118.0,116.5,117.5,189000.0,117.3,118.7933,119.225,120.6417,125.4708,0.8584,0.4274,0.8584,0.6169,-1.0887,-1.4468,-8.9147

PRICE_WINDOW_180_ROW_131=20260626,117.0,117.0,114.0,114.5,590000.0,116.6,118.4355,118.95,120.4333,125.5083,-2.5532,-2.9661,-4.5833,1.7884,-3.3229,-3.7411,-11.2403

PRICE_WINDOW_180_ROW_132=20260629,114.5,119.0,114.5,118.0,375000.0,116.7,118.3992,118.875,120.3083,125.5708,3.0568,0.4255,-1.2552,1.0942,-0.3372,-0.7361,-7.8125

PRICE_WINDOW_180_ROW_133=20260630,117.5,118.5,115.0,115.0,688000.0,116.3,118.1159,118.625,120.1083,125.6125,-2.5424,-1.7094,-4.1667,1.8539,-2.638,-3.0558,-10.1562

PRICE_WINDOW_180_ROW_134=20260701,116.0,116.0,112.5,113.0,1042000.0,115.6,117.6896,118.25,119.875,125.6375,-1.7391,-3.0043,-6.2241,2.4622,-3.9847,-4.4397,-11.0236

PRICE_WINDOW_180_ROW_135=20260702,113.0,113.5,111.5,113.0,844000.0,114.7,117.2988,117.775,119.6833,125.6625,0.0,-3.8298,-7.7551,1.8376,-3.6648,-4.0543,-11.0236

PRICE_WINDOW_180_ROW_136=20260703,113.0,119.0,113.0,115.0,915000.0,114.8,117.1072,117.4,119.5333,125.7083,1.7699,0.4367,-6.1224,1.834,-1.7994,-2.0443,-9.4488

PRICE_WINDOW_180_ROW_137=20260706,116.5,117.5,114.0,114.5,924000.0,114.1,116.89,117.0,119.3583,125.7417,-0.4348,-2.9661,-6.5306,1.7144,-2.0446,-2.1368,-9.8425

PRICE_WINDOW_180_ROW_138=20260707,114.0,114.5,112.5,113.0,685000.0,113.7,116.5658,116.725,119.15,125.7375,-1.31,-1.7391,-4.6414,1.2806,-3.059,-3.1913,-11.0236

PRICE_WINDOW_180_ROW_139=20260708,113.0,114.0,111.0,111.0,660000.0,113.3,116.102,116.325,118.975,125.7083,-1.7699,-1.7699,-6.7227,1.2069,-4.3944,-4.5777,-12.5984

PRICE_WINDOW_180_ROW_140=20260709,112.0,117.0,111.5,115.0,933000.0,113.7,116.0102,116.15,118.875,125.7042,3.6036,1.7699,-2.9536,1.6335,-0.8707,-0.9901,-9.4488

PRICE_WINDOW_180_ROW_141=20260713,115.5,115.5,111.5,112.0,718000.0,113.1,115.676,115.775,118.725,125.6333,-2.6087,-2.6087,-6.2762,1.2241,-3.1778,-3.2606,-11.811

PRICE_WINDOW_180_ROW_142=20260714,112.5,115.0,111.5,113.5,745000.0,112.9,115.4946,115.425,118.5667,125.5625,1.3393,-0.8734,-5.8091,1.2223,-1.727,-1.6677,-10.6299

PRICE_WINDOW_180_ROW_143=20260715,114.5,116.0,113.5,115.5,381000.0,113.4,115.4951,115.225,118.4083,125.4958,1.7621,2.2124,-3.3473,0.6232,0.0043,0.2387,-8.3333

PRICE_WINDOW_180_ROW_144=20260716,117.0,117.5,115.5,115.5,780000.0,114.3,115.4955,115.1,118.3,125.425,0.0,4.0541,-2.1186,1.2615,0.0039,0.3475,-8.3333

PRICE_WINDOW_180_ROW_145=20260717,116.0,117.0,114.5,115.0,755000.0,114.3,115.4542,115.0,118.15,125.2958,-0.4329,0.0,-1.7094,1.1848,-0.3934,0.0,-8.7302

PRICE_WINDOW_180_ROW_146=20260720,115.0,117.0,114.0,114.0,680000.0,114.7,115.333,114.8,117.9667,125.1333,-0.8696,1.7857,-3.3898,1.0462,-1.1558,-0.6969,-8.8

PRICE_WINDOW_180_ROW_147=20260721,114.0,117.0,114.0,115.5,298000.0,115.1,115.3469,114.7,117.8833,124.975,1.3158,1.7621,-1.7021,0.4644,0.1327,0.6975,-7.2289

PRICE_WINDOW_180_ROW_148=20260722,115.5,116.0,113.5,114.5,685000.0,114.9,115.2764,114.575,117.8,124.8042,-0.8658,-0.8658,-2.1368,1.0405,-0.6735,-0.0655,-8.0321

PRICE_WINDOW_180_ROW_149=20260723,114.0,117.0,113.0,116.0,503000.0,115.0,115.3367,114.55,117.775,124.6625,1.31,0.4329,-0.4292,0.7513,0.5751,1.2658,-6.8273

PRICE_WINDOW_180_ROW_150=20260724,115.5,117.5,115.5,117.0,531000.0,115.4,115.4753,114.525,117.7417,124.4792,0.8621,1.7391,-0.4255,0.7734,1.3204,2.1611,-6.0241

PRICE_WINDOW_180_ROW_151=20260727,117.0,117.0,115.0,115.5,339000.0,115.7,115.4773,114.575,117.6833,124.225,-1.2821,1.3158,0.8734,0.5029,0.0196,0.8073,-7.2289

PRICE_WINDOW_180_ROW_152=20260728,116.0,116.0,114.5,115.0,382000.0,115.6,115.4376,114.425,117.625,123.8958,-0.4329,-0.4329,-2.5424,0.5664,-0.379,0.5025,-7.6305

PRICE_WINDOW_180_ROW_153=20260729,115.0,116.5,112.0,113.5,603000.0,115.4,115.2761,114.35,117.5167,123.5458,-1.3043,-0.8734,-1.3043,0.8998,-1.5407,-0.7433,-8.8353

PRICE_WINDOW_180_ROW_154=20260730,113.0,113.5,111.5,112.0,345000.0,114.6,115.0031,114.3,117.3833,123.1833,-1.3216,-3.4483,-0.885,0.5431,-2.6113,-2.0122,-10.0402

PRICE_WINDOW_180_ROW_155=20260731,114.5,115.0,113.0,113.0,336000.0,113.8,114.8362,114.3,117.2833,122.8,0.8929,-3.4188,0.0,0.5509,-1.5989,-1.1374,-9.2369

PRICE_WINDOW_180_ROW_156=20260803,113.0,113.5,111.5,113.0,492000.0,113.3,114.6831,114.2,117.1167,122.4583,0.0,-2.1645,-1.7391,0.8357,-1.4677,-1.0508,-9.2369

PRICE_WINDOW_180_ROW_157=20260804,114.0,114.5,113.0,113.5,331000.0,113.0,114.5846,114.15,116.975,122.125,0.4425,-1.3043,-0.8734,0.592,-0.9465,-0.5694,-8.8353

PRICE_WINDOW_180_ROW_158=20260805,114.5,115.5,114.0,114.5,297000.0,113.2,114.5775,114.225,116.875,121.8167,0.8811,0.8811,1.3274,0.5503,-0.0676,0.2408,-8.0321

PRICE_WINDOW_180_ROW_159=20260806,115.0,119.5,114.5,119.5,722000.0,114.7,114.9877,114.65,116.875,121.5417,4.3668,6.6964,7.6577,1.3301,3.9241,4.2303,-4.0161

PRICE_WINDOW_180_ROW_160=20260807,120.5,121.5,117.0,117.0,830000.0,115.5,115.1554,114.75,116.8417,121.2542,-2.0921,3.5398,1.7391,1.5438,1.6018,1.9608,-6.0241

PRICE_WINDOW_180_ROW_161=20260810,117.0,127.5,116.5,125.5,2162000.0,118.0,116.0175,115.425,116.95,121.0708,7.265,11.0619,12.0536,3.5451,8.1734,8.7286,-1.5686

PRICE_WINDOW_180_ROW_162=20260811,122.5,127.0,119.5,126.0,2835000.0,120.5,116.8493,116.05,117.0833,120.9,0.3984,11.0132,11.0132,3.9686,7.8312,8.5739,-1.1765

PRICE_WINDOW_180_ROW_163=20260812,126.0,126.0,122.5,124.5,981000.0,122.5,117.4869,116.5,117.2083,120.7583,-1.1905,8.7336,7.7922,1.3179,5.9693,6.867,-2.3529

PRICE_WINDOW_180_ROW_164=20260813,124.0,124.0,121.5,122.5,782000.0,123.1,117.9046,116.85,117.25,120.6,-1.6064,2.5105,6.0606,1.0504,3.8975,4.8353,-3.9216

PRICE_WINDOW_180_ROW_165=20260814,123.5,123.5,119.5,120.0,721000.0,123.7,118.0793,117.1,117.2583,120.4458,-2.0408,2.5641,4.3478,0.9707,1.6267,2.4765,-5.8824

PRICE_WINDOW_180_ROW_166=20260817,120.0,123.0,118.0,123.0,957000.0,123.2,118.4893,117.55,117.3083,120.325,2.5,-1.992,7.8947,1.2649,3.8068,4.6363,-3.5294

PRICE_WINDOW_180_ROW_167=20260818,123.0,126.0,122.0,124.5,818000.0,122.9,118.9902,118.0,117.375,120.1917,1.2195,-1.1905,7.7922,1.0452,4.6305,5.5085,-2.3529

PRICE_WINDOW_180_ROW_168=20260819,123.5,124.5,123.0,124.0,470000.0,122.8,119.4077,118.475,117.45,120.0917,-0.4016,-0.4016,8.2969,0.6089,3.8459,4.6634,-2.7451

PRICE_WINDOW_180_ROW_169=20260820,124.5,126.0,123.5,125.0,995000.0,123.3,119.8737,118.925,117.55,120.0125,0.8065,2.0408,7.7586,1.2493,4.2764,5.1083,-1.9608

PRICE_WINDOW_180_ROW_170=20260821,125.0,128.0,125.0,125.5,1044000.0,124.4,120.3426,119.35,117.7,119.9667,0.4,4.5833,7.265,1.2699,4.2856,5.1529,-1.9531

PRICE_WINDOW_180_ROW_171=20260824,125.0,125.0,123.5,124.0,468000.0,124.6,120.6474,119.775,117.7667,119.9083,-1.1952,0.813,7.3593,0.5648,2.7789,3.5274,-3.125

PRICE_WINDOW_180_ROW_172=20260825,124.5,125.0,122.5,124.5,527000.0,124.6,120.9684,120.25,117.85,119.8708,0.4032,0.0,8.2609,0.6305,2.9194,3.5343,-2.7344

PRICE_WINDOW_180_ROW_173=20260826,125.5,127.0,124.5,126.5,1094000.0,125.1,121.4294,120.9,117.9583,119.9,1.6064,2.0161,11.4537,1.2716,4.1758,4.6319,-1.1719

PRICE_WINDOW_180_ROW_174=20260827,127.5,127.5,126.0,126.5,1014000.0,125.4,121.8519,121.625,118.0583,119.9083,0.0,1.2,12.9464,1.1345,3.8145,4.0082,-1.1719

PRICE_WINDOW_180_ROW_175=20260828,126.5,126.5,125.0,125.5,810000.0,125.4,122.1559,122.25,118.1083,119.9083,-0.7905,0.0,11.0619,0.8828,2.7375,2.6585,-1.9531

PRICE_WINDOW_180_ROW_176=20260831,125.0,126.5,125.0,126.0,825000.0,125.8,122.4763,122.9,118.1667,119.9542,0.3984,1.6129,11.5044,0.8832,2.8771,2.5224,-1.5625

PRICE_WINDOW_180_ROW_177=20260901,119.0,119.5,115.5,115.5,2258000.0,124.0,121.8949,123.0,118.05,119.9083,-8.3333,-7.2289,1.7621,2.1912,-5.2463,-6.0976,-9.7656

PRICE_WINDOW_180_ROW_178=20260902,115.0,115.0,113.0,114.0,723000.0,121.5,121.237,122.975,117.975,119.8375,-1.2987,-9.8814,-0.4367,0.6874,-5.9693,-7.2982,-10.9375

PRICE_WINDOW_180_ROW_179=20260903,114.0,115.0,112.0,112.0,784000.0,118.6,120.4673,122.6,117.8583,119.7667,-1.7544,-11.4625,-6.2762,0.7432,-7.0287,-8.646,-12.5

PRICE_WINDOW_180_ROW_180=20260904,112.5,113.0,108.0,112.5,1314000.0,116.0,119.8033,122.375,117.7583,119.6875,0.4464,-10.3586,-3.8462,1.2177,-6.0961,-8.0695,-12.1094
