date,stock_id,stock_name,market,open,high,low,close,volume,trading_value,source,source_file,ma5,ma20,ma60,ma120,ema23,return_1d,return_5d,return_20d,return_60d,return_120d,volume_ma20,volume_ratio,high_20,high_60,high_120,low_20,low_60,low_120,distance_to_ma20_pct,distance_to_ma60_pct,distance_to_ma120_pct,distance_to_ema23_pct,distance_to_high_20_pct,distance_to_high_60_pct,distance_to_high_120_pct,distance_to_low_60_pct,distance_to_low_120_pct
20240102,1268,漢來美食,TPEx,158.5,159.5,155.5,158.0,286000.0,45184500.0,TPEX_OTC_QUOTES_NO1430_JSON,data/daily_price/daily_price_20240102.csv,,,,,,,,,,,,,,,,,,,,,,,,,,,
20240103,1268,漢來美食,TPEx,159.0,161.0,156.0,156.0,194000.0,30591000.0,TPEX_OTC_QUOTES_NO1430_JSON,data/daily_price/daily_price_20240103.csv,,,,,,-1.2658,,,,,,,,,,,,,,,,,,,,,
20240104,1268,漢來美食,TPEx,154.5,156.0,153.0,154.5,144000.0,22213000.0,TPEX_OTC_QUOTES_NO1430_JSON,data/daily_price/daily_price_20240104.csv,,,,,,-0.9615,,,,,,,,,,,,,,,,,,,,,
20240105,1268,漢來美食,TPEx,155.0,157.0,154.5,156.5,168000.0,26150500.0,TPEX_OTC_QUOTES_NO1430_JSON,data/daily_price/daily_price_20240105.csv,,,,,,1.2945,,,,,,,,,,,,,,,,,,,,,
20240108,1268,漢來美食,TPEx,157.5,160.0,156.0,159.0,248000.0,39307000.0,TPEX_OTC_QUOTES_NO1430_JSON,data/daily_price/daily_price_20240108.csv,156.8,156.8,156.8,156.8,157.5953,1.5974,,,,,208000.0,1.1923,161.0,161.0,161.0,153.0,153.0,153.0,1.4031,1.4031,1.4031,0.8913,-1.2422,-1.2422,-1.2422,3.9216,3.9216
20240109,1268,漢來美食,TPEx,159.0,159.0,156.5,158.5,136000.0,21464500.0,TPEX_OTC_QUOTES_NO1430_JSON,data/daily_price/daily_price_20240109.csv,156.9,157.0833,157.0833,157.0833,157.6707,-0.3145,0.3165,,,,196000.0,0.6939,161.0,161.0,161.0,153.0,153.0,153.0,0.9019,0.9019,0.9019,0.526,-1.5528,-1.5528,-1.5528,3.5948,3.5948
20240110,1268,漢來美食,TPEx,158.5,158.5,156.5,156.5,62000.0,9757000.0,TPEX_OTC_QUOTES_NO1430_JSON,data/daily_price/daily_price_20240110.csv,157.0,157.0,157.0,157.0,157.5731,-1.2618,0.3205,,,,176857.1429,0.3506,161.0,161.0,161.0,153.0,153.0,153.0,-0.3185,-0.3185,-0.3185,-0.681,-2.795,-2.795,-2.795,2.2876,2.2876
20240111,1268,漢來美食,TPEx,158.0,158.5,155.5,156.5,126000.0,19758000.0,TPEX_OTC_QUOTES_NO1430_JSON,data/daily_price/daily_price_20240111.csv,157.4,156.9375,156.9375,156.9375,157.4837,0.0,1.2945,,,,170500.0,0.739,161.0,161.0,161.0,153.0,153.0,153.0,-0.2788,-0.2788,-0.2788,-0.6246,-2.795,-2.795,-2.795,2.2876,2.2876
20240112,1268,漢來美食,TPEx,156.5,157.5,156.0,156.5,88000.0,13813500.0,TPEX_OTC_QUOTES_NO1430_JSON,data/daily_price/daily_price_20240112.csv,157.4,156.8889,156.8889,156.8889,157.4017,0.0,0.0,,,,161333.3333,0.5455,161.0,161.0,161.0,153.0,153.0,153.0,-0.2479,-0.2479,-0.2479,-0.5729,-2.795,-2.795,-2.795,2.2876,2.2876
20240115,1268,漢來美食,TPEx,157.0,159.0,156.0,158.5,84000.0,13260000.0,TPEX_OTC_QUOTES_NO1430_JSON,data/daily_price/daily_price_20240115.csv,157.3,157.05,157.05,157.05,157.4932,1.278,-0.3145,,,,153600.0,0.5469,161.0,161.0,161.0,153.0,153.0,153.0,0.9233,0.9233,0.9233,0.6392,-1.5528,-1.5528,-1.5528,3.5948,3.5948
20240116,1268,漢來美食,TPEx,158.5,158.5,155.0,155.0,170000.0,26627500.0,TPEX_OTC_QUOTES_NO1430_JSON,data/daily_price/daily_price_20240116.csv,156.6,156.8636,156.8636,156.8636,157.2855,-2.2082,-2.2082,,,,155090.9091,1.0961,161.0,161.0,161.0,153.0,153.0,153.0,-1.1881,-1.1881,-1.1881,-1.4531,-3.7267,-3.7267,-3.7267,1.3072,1.3072
20240117,1268,漢來美食,TPEx,155.0,156.0,150.5,150.5,190000.0,29000500.0,TPEX_OTC_QUOTES_NO1430_JSON,data/daily_price/daily_price_20240117.csv,155.4,156.3333,156.3333,156.3333,156.72,-2.9032,-3.8339,,,,158000.0,1.2025,161.0,161.0,161.0,150.5,150.5,150.5,-3.7313,-3.7313,-3.7313,-3.9689,-6.5217,-6.5217,-6.5217,0.0,0.0
20240118,1268,漢來美食,TPEx,150.5,152.0,149.0,151.5,110000.0,16581500.0,TPEX_OTC_QUOTES_NO1430_JSON,data/daily_price/daily_price_20240118.csv,154.4,155.9615,155.9615,155.9615,156.285,0.6645,-3.1949,,,,154307.6923,0.7129,161.0,161.0,161.0,149.0,149.0,149.0,-2.8607,-2.8607,-2.8607,-3.0617,-5.9006,-5.9006,-5.9006,1.6779,1.6779
20240119,1268,漢來美食,TPEx,152.0,154.5,150.5,153.0,120000.0,18258000.0,TPEX_OTC_QUOTES_NO1430_JSON,data/daily_price/daily_price_20240119.csv,153.7,155.75,155.75,155.75,156.0113,0.9901,-2.2364,,,,151857.1429,0.7902,161.0,161.0,161.0,149.0,149.0,149.0,-1.7657,-1.7657,-1.7657,-1.9302,-4.9689,-4.9689,-4.9689,2.6846,2.6846
20240122,1268,漢來美食,TPEx,153.0,154.0,151.5,152.0,99000.0,15122000.0,TPEX_OTC_QUOTES_NO1430_JSON,data/daily_price/daily_price_20240122.csv,152.4,155.5,155.5,155.5,155.677,-0.6536,-4.1009,,,,148333.3333,0.6674,161.0,161.0,161.0,149.0,149.0,149.0,-2.2508,-2.2508,-2.2508,-2.3619,-5.5901,-5.5901,-5.5901,2.0134,2.0134
20240123,1268,漢來美食,TPEx,152.0,153.0,151.5,152.0,32000.0,4870500.0,TPEX_OTC_QUOTES_NO1430_JSON,data/daily_price/daily_price_20240123.csv,151.8,155.2812,155.2812,155.2812,155.3706,0.0,-1.9355,,,,141062.5,0.2268,161.0,161.0,161.0,149.0,149.0,149.0,-2.1131,-2.1131,-2.1131,-2.1694,-5.5901,-5.5901,-5.5901,2.0134,2.0134
20240124,1268,漢來美食,TPEx,153.0,156.0,153.0,155.5,128000.0,19846000.0,TPEX_OTC_QUOTES_NO1430_JSON,data/daily_price/daily_price_20240124.csv,152.8,155.2941,155.2941,155.2941,155.3814,2.3026,3.3223,,,,140294.1176,0.9124,161.0,161.0,161.0,149.0,149.0,149.0,0.1326,0.1326,0.1326,0.0764,-3.4161,-3.4161,-3.4161,4.3624,4.3624
20240125,1268,漢來美食,TPEx,155.5,156.5,154.0,154.0,22000.0,3408500.0,TPEX_OTC_QUOTES_NO1430_JSON,data/daily_price/daily_price_20240125.csv,153.3,155.2222,155.2222,155.2222,155.2663,-0.9646,1.6502,,,,133722.2222,0.1645,161.0,161.0,161.0,149.0,149.0,149.0,-0.7874,-0.7874,-0.7874,-0.8155,-4.3478,-4.3478,-4.3478,3.3557,3.3557
20240126,1268,漢來美食,TPEx,155.5,156.0,154.0,154.0,63000.0,9777500.0,TPEX_OTC_QUOTES_NO1430_JSON,data/daily_price/daily_price_20240126.csv,153.5,155.1579,155.1579,155.1579,155.1607,0.0,0.6536,,,,130000.0,0.4846,161.0,161.0,161.0,149.0,149.0,149.0,-0.7463,-0.7463,-0.7463,-0.7481,-4.3478,-4.3478,-4.3478,3.3557,3.3557
20240129,1268,漢來美食,TPEx,156.0,156.0,154.5,155.5,41000.0,6357500.0,TPEX_OTC_QUOTES_NO1430_JSON,data/daily_price/daily_price_20240129.csv,154.2,155.175,155.175,155.175,155.189,0.974,2.3026,,,,125550.0,0.3266,161.0,161.0,161.0,149.0,149.0,149.0,0.2094,0.2094,0.2094,0.2004,-3.4161,-3.4161,-3.4161,4.3624,4.3624
20240130,1268,漢來美食,TPEx,155.0,155.5,153.0,153.0,57000.0,8778500.0,TPEX_OTC_QUOTES_NO1430_JSON,data/daily_price/daily_price_20240130.csv,154.4,154.925,155.0714,155.0714,155.0066,-1.6077,0.6579,-3.1646,,,114100.0,0.4996,161.0,161.0,161.0,149.0,149.0,149.0,-1.2425,-1.3358,-1.3358,-1.2945,-4.9689,-4.9689,-4.9689,2.6846,2.6846
20240131,1268,漢來美食,TPEx,153.0,154.0,152.0,152.0,37000.0,5649500.0,TPEX_OTC_QUOTES_NO1430_JSON,data/daily_price/daily_price_20240131.csv,153.7,154.725,154.9318,154.9318,154.756,-0.6536,-2.2508,-2.5641,,,106250.0,0.3482,160.0,161.0,161.0,149.0,149.0,149.0,-1.7612,-1.8923,-1.8923,-1.7809,-5.0,-5.5901,-5.5901,2.0134,2.0134
20240201,1268,漢來美食,TPEx,151.5,154.0,151.5,153.5,39000.0,5976500.0,TPEX_OTC_QUOTES_NO1430_JSON,data/daily_price/daily_price_20240201.csv,153.6,154.675,154.8696,154.8696,154.6514,0.9868,-0.3247,-0.6472,,,101000.0,0.3861,160.0,161.0,161.0,149.0,149.0,149.0,-0.7597,-0.8843,-0.8843,-0.7445,-4.0625,-4.6584,-4.6584,3.0201,3.0201
20240202,1268,漢來美食,TPEx,154.0,155.5,153.0,153.0,63000.0,9694500.0,TPEX_OTC_QUOTES_NO1430_JSON,data/daily_price/daily_price_20240202.csv,153.4,154.5,154.7917,154.7917,154.5138,-0.3257,-0.6494,-2.2364,,,95750.0,0.658,160.0,161.0,161.0,149.0,149.0,149.0,-0.9709,-1.1575,-1.1575,-0.9797,-4.375,-4.9689,-4.9689,2.6846,2.6846
20240205,1268,漢來美食,TPEx,153.0,156.0,152.0,156.0,132000.0,20410500.0,TPEX_OTC_QUOTES_NO1430_JSON,data/daily_price/daily_price_20240205.csv,153.5,154.35,154.84,154.84,154.6376,1.9608,0.3215,-1.8868,,,89950.0,1.4675,159.0,161.0,161.0,149.0,149.0,149.0,1.069,0.7492,0.7492,0.881,-1.8868,-3.1056,-3.1056,4.698,4.698
20240215,1268,漢來美食,TPEx,156.0,156.0,151.0,153.0,278000.0,42390000.0,TPEX_OTC_QUOTES_NO1430_JSON,data/daily_price/daily_price_20240215.csv,153.5,154.075,154.7692,154.7692,154.5011,-1.9231,0.0,-3.47,,,97050.0,2.8645,159.0,161.0,161.0,149.0,149.0,149.0,-0.6977,-1.1431,-1.1431,-0.9716,-3.7736,-4.9689,-4.9689,2.6846,2.6846
20240216,1268,漢來美食,TPEx,153.0,154.5,152.0,153.5,84000.0,12895500.0,TPEX_OTC_QUOTES_NO1430_JSON,data/daily_price/daily_price_20240216.csv,153.8,153.925,154.7222,154.7222,154.4177,0.3268,0.9868,-1.9169,,,98150.0,0.8558,159.0,161.0,161.0,149.0,149.0,149.0,-0.2761,-0.7899,-0.7899,-0.5943,-3.4591,-4.6584,-4.6584,3.0201,3.0201
20240219,1268,漢來美食,TPEx,154.5,155.0,153.5,154.0,79000.0,12168000.0,TPEX_OTC_QUOTES_NO1430_JSON,data/daily_price/daily_price_20240219.csv,153.9,153.8,154.6964,154.6964,154.3829,0.3257,0.3257,-1.5974,,,95800.0,0.8246,159.0,161.0,161.0,149.0,149.0,149.0,0.13,-0.4502,-0.4502,-0.248,-3.1447,-4.3478,-4.3478,3.3557,3.3557
20240220,1268,漢來美食,TPEx,154.0,154.5,152.5,153.0,60000.0,9185500.0,TPEX_OTC_QUOTES_NO1430_JSON,data/daily_price/daily_price_20240220.csv,153.9,153.625,154.6379,154.6379,154.2677,-0.6494,0.0,-2.2364,,,94400.0,0.6356,159.0,161.0,161.0,149.0,149.0,149.0,-0.4068,-1.0592,-1.0592,-0.8217,-3.7736,-4.9689,-4.9689,2.6846,2.6846
20240221,1268,漢來美食,TPEx,152.5,153.5,152.0,152.5,53000.0,8084500.0,TPEX_OTC_QUOTES_NO1430_JSON,data/daily_price/daily_price_20240221.csv,153.2,153.325,154.5667,154.5667,154.1204,-0.3268,-2.2436,-3.7855,,,92850.0,0.5708,158.5,161.0,161.0,149.0,149.0,149.0,-0.5381,-1.3371,-1.3371,-1.0514,-3.7855,-5.2795,-5.2795,2.349,2.349
20240222,1268,漢來美食,TPEx,153.5,153.5,151.5,152.5,84000.0,12804000.0,TPEX_OTC_QUOTES_NO1430_JSON,data/daily_price/daily_price_20240222.csv,153.1,153.2,154.5,154.5,153.9853,0.0,-0.3268,-1.6129,,,88550.0,0.9486,156.5,161.0,161.0,149.0,149.0,149.0,-0.4569,-1.2945,-1.2945,-0.9646,-2.5559,-5.2795,-5.2795,2.349,2.349
20240223,1268,漢來美食,TPEx,152.0,152.5,150.5,152.0,147000.0,22288000.0,TPEX_OTC_QUOTES_NO1430_JSON,data/daily_price/daily_price_20240223.csv,152.8,153.275,154.4219,154.4219,153.8199,-0.3279,-0.9772,0.9967,,,86400.0,1.7014,156.5,161.0,161.0,149.0,149.0,149.0,-0.8318,-1.5683,-1.5683,-1.1831,-2.8754,-5.5901,-5.5901,2.0134,2.0134
20240226,1268,漢來美食,TPEx,152.5,155.0,151.5,154.0,100000.0,15378000.0,TPEX_OTC_QUOTES_NO1430_JSON,data/daily_price/daily_price_20240226.csv,152.8,153.4,154.4091,154.4091,153.8349,1.3158,0.0,1.6502,,,85900.0,1.1641,156.5,161.0,161.0,150.5,149.0,149.0,0.3911,-0.2649,-0.2649,0.1073,-1.5974,-4.3478,-4.3478,3.3557,3.3557
20240227,1268,漢來美食,TPEx,154.0,155.0,152.0,152.5,54000.0,8266500.0,TPEX_OTC_QUOTES_NO1430_JSON,data/daily_price/daily_price_20240227.csv,152.7,153.375,154.3529,154.3529,153.7237,-0.974,-0.3268,-0.3268,,,82600.0,0.6538,156.5,161.0,161.0,150.5,149.0,149.0,-0.5705,-1.2005,-1.2005,-0.796,-2.5559,-5.2795,-5.2795,2.349,2.349
20240229,1268,漢來美食,TPEx,151.5,155.0,151.5,154.5,90000.0,13871000.0,TPEX_OTC_QUOTES_NO1430_JSON,data/daily_price/daily_price_20240229.csv,153.1,153.5,154.3571,154.3571,153.7883,1.3115,1.3115,1.6447,,,82150.0,1.0956,156.5,161.0,161.0,150.5,149.0,149.0,0.6515,0.0925,0.0925,0.4627,-1.278,-4.0373,-4.0373,3.6913,3.6913
20240301,1268,漢來美食,TPEx,150.0,151.5,148.5,150.0,274000.0,41176000.0,TPEX_OTC_QUOTES_NO1430_JSON,data/daily_price/daily_price_20240301.csv,152.6,153.4,154.2361,154.2361,153.4727,-2.9126,-1.6393,-1.3158,,,94250.0,2.9072,156.5,161.0,161.0,148.5,148.5,148.5,-2.2164,-2.7465,-2.7465,-2.2627,-4.1534,-6.8323,-6.8323,1.0101,1.0101
20240304,1268,漢來美食,TPEx,151.0,151.5,150.0,151.0,87000.0,13115000.0,TPEX_OTC_QUOTES_NO1430_JSON,data/daily_price/daily_price_20240304.csv,152.4,153.175,154.1486,154.1486,153.2666,0.6667,-0.6579,-2.8939,,,92200.0,0.9436,156.5,161.0,161.0,148.5,148.5,148.5,-1.4199,-2.0426,-2.0426,-1.4789,-3.5144,-6.2112,-6.2112,1.6835,1.6835
20240305,1268,漢來美食,TPEx,151.5,151.5,150.0,150.5,77000.0,11601500.0,TPEX_OTC_QUOTES_NO1430_JSON,data/daily_price/daily_price_20240305.csv,151.7,153.0,154.0526,154.0526,153.036,-0.3311,-2.2727,-2.2727,,,94950.0,0.811,156.0,161.0,161.0,148.5,148.5,148.5,-1.634,-2.3061,-2.3061,-1.6572,-3.5256,-6.5217,-6.5217,1.3468,1.3468
20240306,1268,漢來美食,TPEx,151.0,153.5,151.0,152.0,122000.0,18617500.0,TPEX_OTC_QUOTES_NO1430_JSON,data/daily_price/daily_price_20240306.csv,151.6,152.9,154.0,154.0,152.9497,0.9967,-0.3279,-1.2987,,,97900.0,1.2462,156.0,161.0,161.0,148.5,148.5,148.5,-0.5886,-1.2987,-1.2987,-0.6209,-2.5641,-5.5901,-5.5901,2.3569,2.3569
20240307,1268,漢來美食,TPEx,152.5,153.5,150.0,151.5,124000.0,18774000.0,TPEX_OTC_QUOTES_NO1430_JSON,data/daily_price/daily_price_20240307.csv,151.0,152.7,153.9375,153.9375,152.8289,-0.3289,-1.9417,-2.5723,,,102050.0,1.2151,156.0,161.0,161.0,148.5,148.5,148.5,-0.7859,-1.5834,-1.5834,-0.8695,-2.8846,-5.9006,-5.9006,2.0202,2.0202
20240308,1268,漢來美食,TPEx,151.5,152.5,151.0,152.0,71000.0,10769000.0,TPEX_OTC_QUOTES_NO1430_JSON,data/daily_price/daily_price_20240308.csv,151.4,152.65,153.8902,153.8902,152.7598,0.33,1.3333,-0.6536,,,102750.0,0.691,156.0,161.0,161.0,148.5,148.5,148.5,-0.4258,-1.2283,-1.2283,-0.4974,-2.5641,-5.5901,-5.5901,2.3569,2.3569
20240311,1268,漢來美食,TPEx,153.0,154.0,152.5,153.5,100000.0,15323500.0,TPEX_OTC_QUOTES_NO1430_JSON,data/daily_price/daily_price_20240311.csv,151.9,152.725,153.881,153.881,152.8215,0.9868,1.6556,0.9868,,,105900.0,0.9443,156.0,161.0,161.0,148.5,148.5,148.5,0.5074,-0.2476,-0.2476,0.444,-1.6026,-4.6584,-4.6584,3.367,3.367
20240312,1268,漢來美食,TPEx,156.0,159.0,154.0,154.0,352000.0,54974000.0,TPEX_OTC_QUOTES_NO1430_JSON,data/daily_price/daily_price_20240312.csv,152.6,152.75,153.8837,153.8837,152.9197,0.3257,2.3256,0.3257,,,121550.0,2.8959,159.0,161.0,161.0,148.5,148.5,148.5,0.8183,0.0756,0.0756,0.7064,-3.1447,-4.3478,-4.3478,3.7037,3.7037
20240313,1268,漢來美食,TPEx,154.5,154.5,152.5,154.0,91000.0,13982000.0,TPEX_OTC_QUOTES_NO1430_JSON,data/daily_price/daily_price_20240313.csv,153.0,152.8,153.8864,153.8864,153.0097,0.0,1.3158,0.6536,,,122950.0,0.7401,159.0,161.0,161.0,148.5,148.5,148.5,0.7853,0.0738,0.0738,0.6472,-3.1447,-4.3478,-4.3478,3.7037,3.7037
20240314,1268,漢來美食,TPEx,154.5,154.5,152.5,154.0,53000.0,8153000.0,TPEX_OTC_QUOTES_NO1430_JSON,data/daily_price/daily_price_20240314.csv,153.5,152.7,153.8889,153.8889,153.0923,0.0,1.6502,-1.2821,,,119000.0,0.4454,159.0,161.0,161.0,148.5,148.5,148.5,0.8513,0.0722,0.0722,0.5929,-3.1447,-4.3478,-4.3478,3.7037,3.7037
20240315,1268,漢來美食,TPEx,154.0,154.5,153.0,153.0,67000.0,10284000.0,TPEX_OTC_QUOTES_NO1430_JSON,data/daily_price/daily_price_20240315.csv,153.7,152.7,153.8696,153.8696,153.0846,-0.6494,0.6579,0.0,,,108450.0,0.6178,159.0,161.0,161.0,148.5,148.5,148.5,0.1965,-0.5651,-0.5651,-0.0552,-3.7736,-4.9689,-4.9689,3.0303,3.0303
20240318,1268,漢來美食,TPEx,153.5,153.5,152.0,153.5,69000.0,10531000.0,TPEX_OTC_QUOTES_NO1430_JSON,data/daily_price/daily_price_20240318.csv,153.7,152.7,153.8617,153.8617,153.1192,0.3268,0.0,0.0,,,107700.0,0.6407,159.0,161.0,161.0,148.5,148.5,148.5,0.5239,-0.2351,-0.2351,0.2487,-3.4591,-4.6584,-4.6584,3.367,3.367
20240319,1268,漢來美食,TPEx,154.5,154.5,152.0,152.0,101000.0,15512000.0,TPEX_OTC_QUOTES_NO1430_JSON,data/daily_price/daily_price_20240319.csv,153.3,152.6,153.8229,153.8229,153.0259,-0.9772,-1.2987,-1.2987,,,108800.0,0.9283,159.0,161.0,161.0,148.5,148.5,148.5,-0.3932,-1.1851,-1.1851,-0.6704,-4.4025,-5.5901,-5.5901,2.3569,2.3569
20240320,1268,漢來美食,TPEx,153.0,153.0,152.0,152.0,38000.0,5797000.0,TPEX_OTC_QUOTES_NO1430_JSON,data/daily_price/daily_price_20240320.csv,152.9,152.55,153.7857,153.7857,152.9404,0.0,-1.2987,-0.6536,,,107700.0,0.3528,159.0,161.0,161.0,148.5,148.5,148.5,-0.3605,-1.1612,-1.1612,-0.6149,-4.4025,-5.5901,-5.5901,2.3569,2.3569
20240321,1268,漢來美食,TPEx,152.0,154.5,152.0,154.0,128000.0,19621000.0,TPEX_OTC_QUOTES_NO1430_JSON,data/daily_price/daily_price_20240321.csv,152.9,152.625,153.79,153.79,153.0287,1.3158,0.0,0.9836,,,111450.0,1.1485,159.0,161.0,161.0,148.5,148.5,148.5,0.9009,0.1365,0.1365,0.6347,-3.1447,-4.3478,-4.3478,3.7037,3.7037
20240322,1268,漢來美食,TPEx,154.0,154.5,152.5,154.5,118000.0,18174500.0,TPEX_OTC_QUOTES_NO1430_JSON,data/daily_price/daily_price_20240322.csv,153.2,152.725,153.8039,153.8039,153.1513,0.3247,0.9804,1.3115,,,113150.0,1.0429,159.0,161.0,161.0,148.5,148.5,148.5,1.1622,0.4526,0.4526,0.8806,-2.8302,-4.0373,-4.0373,4.0404,4.0404
20240325,1268,漢來美食,TPEx,153.0,155.0,152.5,154.5,112000.0,17198500.0,TPEX_OTC_QUOTES_NO1430_JSON,data/daily_price/daily_price_20240325.csv,153.4,152.85,153.8173,153.8173,153.2637,0.0,0.6515,1.6447,,,111400.0,1.0054,159.0,161.0,161.0,148.5,148.5,148.5,1.0795,0.4438,0.4438,0.8066,-2.8302,-4.0373,-4.0373,4.0404,4.0404
20240326,1268,漢來美食,TPEx,154.0,154.5,152.5,154.0,117000.0,17969000.0,TPEX_OTC_QUOTES_NO1430_JSON,data/daily_price/daily_price_20240326.csv,153.8,152.85,153.8208,153.8208,153.3251,-0.3236,1.3158,0.0,,,112250.0,1.0423,159.0,161.0,161.0,148.5,148.5,148.5,0.7524,0.1165,0.1165,0.4402,-3.1447,-4.3478,-4.3478,3.7037,3.7037
20240327,1268,漢來美食,TPEx,154.5,154.5,153.5,154.0,31000.0,4773500.0,TPEX_OTC_QUOTES_NO1430_JSON,data/daily_price/daily_price_20240327.csv,154.2,152.925,153.8241,153.8241,153.3813,0.0,1.3158,0.9836,,,111100.0,0.279,159.0,161.0,161.0,148.5,148.5,148.5,0.703,0.1144,0.1144,0.4034,-3.1447,-4.3478,-4.3478,3.7037,3.7037
20240328,1268,漢來美食,TPEx,154.0,155.0,154.0,154.0,49000.0,7564000.0,TPEX_OTC_QUOTES_NO1430_JSON,data/daily_price/daily_price_20240328.csv,154.2,152.9,153.8273,153.8273,153.4329,0.0,0.0,-0.3236,,,109050.0,0.4493,159.0,161.0,161.0,148.5,148.5,148.5,0.7194,0.1123,0.1123,0.3696,-3.1447,-4.3478,-4.3478,3.7037,3.7037
20240329,1268,漢來美食,TPEx,154.5,154.5,153.5,154.0,45000.0,6930500.0,TPEX_OTC_QUOTES_NO1430_JSON,data/daily_price/daily_price_20240329.csv,154.1,153.1,153.8304,153.8304,153.4801,0.0,-0.3236,2.6667,,,97600.0,0.4611,159.0,161.0,161.0,150.0,148.5,148.5,0.5879,0.1103,0.1103,0.3387,-3.1447,-4.3478,-4.3478,3.7037,3.7037
20240401,1268,漢來美食,TPEx,155.0,156.5,154.0,156.0,141000.0,21885500.0,TPEX_OTC_QUOTES_NO1430_JSON,data/daily_price/daily_price_20240401.csv,154.4,153.35,153.8684,153.8684,153.6901,1.2987,0.9709,3.3113,,,100300.0,1.4058,159.0,161.0,161.0,150.0,148.5,148.5,1.7281,1.3853,1.3853,1.5029,-1.8868,-3.1056,-3.1056,5.0505,5.0505
20240402,1268,漢來美食,TPEx,156.0,156.0,153.5,154.5,97000.0,14980500.0,TPEX_OTC_QUOTES_NO1430_JSON,data/daily_price/daily_price_20240402.csv,154.5,153.55,153.8793,153.8793,153.7576,-0.9615,0.3247,2.6578,,,101300.0,0.9576,159.0,161.0,161.0,150.0,148.5,148.5,0.6187,0.4034,0.4034,0.4828,-2.8302,-4.0373,-4.0373,4.0404,4.0404
20240403,1268,漢來美食,TPEx,153.5,154.5,153.0,153.5,35000.0,5380500.0,TPEX_OTC_QUOTES_NO1430_JSON,data/daily_price/daily_price_20240403.csv,154.4,153.625,153.8729,153.8729,153.7361,-0.6472,-0.3247,0.9868,,,96950.0,0.361,159.0,161.0,161.0,150.0,148.5,148.5,-0.0814,-0.2423,-0.2423,-0.1536,-3.4591,-4.6584,-4.6584,3.367,3.367
20240408,1268,漢來美食,TPEx,153.5,154.5,153.0,153.0,64000.0,9825500.0,TPEX_OTC_QUOTES_NO1430_JSON,data/daily_price/daily_price_20240408.csv,154.2,153.7,153.8583,153.8583,153.6748,-0.3257,-0.6494,0.9901,,,93950.0,0.6812,159.0,161.0,161.0,151.0,148.5,148.5,-0.4554,-0.5579,-0.5579,-0.4391,-3.7736,-4.9689,-4.9689,3.0303,3.0303
20240409,1268,漢來美食,TPEx,153.0,154.5,152.5,154.0,51000.0,7841000.0,TPEX_OTC_QUOTES_NO1430_JSON,data/daily_price/daily_price_20240409.csv,154.2,153.8,153.7917,153.8607,153.7019,0.6536,0.0,1.3158,-2.5316,,92950.0,0.5487,159.0,161.0,161.0,152.0,148.5,148.5,0.13,0.1355,0.0906,0.1939,-3.1447,-4.3478,-4.3478,3.7037,3.7037
20240410,1268,漢來美食,TPEx,154.0,155.5,153.5,154.0,56000.0,8646500.0,TPEX_OTC_QUOTES_NO1430_JSON,data/daily_price/daily_price_20240410.csv,153.8,153.825,153.7583,153.8629,153.7267,0.0,-1.2821,0.3257,-1.2821,,90750.0,0.6171,159.0,160.0,161.0,152.0,148.5,148.5,0.1138,0.1572,0.0891,0.1778,-3.1447,-3.75,-4.3478,3.7037,3.7037
20240411,1268,漢來美食,TPEx,153.0,154.0,151.5,152.5,258000.0,39322500.0,TPEX_OTC_QUOTES_NO1430_JSON,data/daily_price/daily_price_20240411.csv,153.4,153.75,153.725,153.8413,153.6245,-0.974,-1.2945,-0.974,-1.2945,,86050.0,2.9983,156.5,160.0,161.0,151.5,148.5,148.5,-0.813,-0.7969,-0.8719,-0.732,-2.5559,-4.6875,-5.2795,2.6936,2.6936
20240412,1268,漢來美食,TPEx,153.0,153.0,151.5,152.5,61000.0,9279500.0,TPEX_OTC_QUOTES_NO1430_JSON,data/daily_price/daily_price_20240412.csv,153.2,153.675,153.6583,153.8203,153.5308,0.0,-0.6515,-0.974,-2.5559,,84550.0,0.7215,156.5,160.0,161.0,151.5,148.5,148.5,-0.7646,-0.7538,-0.8583,-0.6714,-2.5559,-4.6875,-5.2795,2.6936,2.6936
20240415,1268,漢來美食,TPEx,152.0,152.0,151.0,151.5,29000.0,4393000.0,TPEX_OTC_QUOTES_NO1430_JSON,data/daily_price/daily_price_20240415.csv,152.9,153.55,153.5333,153.7846,153.3616,-0.6557,-0.9804,-1.6234,-4.717,,83350.0,0.3479,156.5,159.0,161.0,151.0,148.5,148.5,-1.3351,-1.3244,-1.4856,-1.2138,-3.1949,-4.717,-5.9006,2.0202,2.0202
20240416,1268,漢來美食,TPEx,151.0,151.0,147.5,148.5,181000.0,26928000.0,TPEX_OTC_QUOTES_NO1430_JSON,data/daily_price/daily_price_20240416.csv,151.8,153.325,153.3667,153.7045,152.9564,-1.9802,-3.5714,-2.9412,-6.3091,,89050.0,2.0326,156.5,159.0,161.0,147.5,147.5,147.5,-3.1469,-3.1732,-3.3861,-2.9135,-5.1118,-6.6038,-7.764,0.678,0.678
20240417,1268,漢來美食,TPEx,148.5,149.5,147.5,148.0,47000.0,6971500.0,TPEX_OTC_QUOTES_NO1430_JSON,data/daily_price/daily_price_20240417.csv,150.6,153.05,153.225,153.6194,152.5434,-0.3367,-3.8961,-3.5831,-5.4313,,87950.0,0.5344,156.5,159.0,161.0,147.5,147.5,147.5,-3.2996,-3.41,-3.658,-2.9784,-5.4313,-6.9182,-8.0745,0.339,0.339
20240418,1268,漢來美食,TPEx,147.0,150.5,147.0,149.0,83000.0,12362000.0,TPEX_OTC_QUOTES_NO1430_JSON,data/daily_price/daily_price_20240418.csv,149.9,152.9,153.1,153.5515,152.2481,0.6757,-2.2951,-1.9737,-4.7923,,87050.0,0.9535,156.5,159.0,161.0,147.0,147.0,147.0,-2.5507,-2.678,-2.9641,-2.1334,-4.7923,-6.2893,-7.4534,1.3605,1.3605
20240419,1268,漢來美食,TPEx,150.0,150.5,147.0,148.5,111000.0,16549000.0,TPEX_OTC_QUOTES_NO1430_JSON,data/daily_price/daily_price_20240419.csv,149.1,152.725,152.9667,153.4783,151.9358,-0.3356,-2.623,-2.3026,-5.1118,,90700.0,1.2238,156.5,159.0,161.0,147.0,147.0,147.0,-2.7664,-2.92,-3.2436,-2.2613,-5.1118,-6.6038,-7.764,1.0204,1.0204
20240422,1268,漢來美食,TPEx,148.0,149.0,147.5,148.0,38000.0,5630000.0,TPEX_OTC_QUOTES_NO1430_JSON,data/daily_price/daily_price_20240422.csv,148.4,152.425,152.7917,153.4,151.6078,-0.3367,-2.3102,-3.8961,-6.6246,,86200.0,0.4408,156.5,159.0,161.0,147.0,147.0,147.0,-2.9031,-3.1361,-3.5202,-2.3797,-5.4313,-6.9182,-8.0745,0.6803,0.6803
20240423,1268,漢來美食,TPEx,148.5,149.5,148.5,149.0,24000.0,3578500.0,TPEX_OTC_QUOTES_NO1430_JSON,data/daily_price/daily_price_20240423.csv,148.5,152.15,152.6917,153.338,151.3905,0.6757,0.3367,-3.5599,-3.871,,81500.0,0.2945,156.5,159.0,161.0,147.0,147.0,147.0,-2.0703,-2.4177,-2.8291,-1.579,-4.7923,-6.2893,-7.4534,1.3605,1.3605
20240424,1268,漢來美食,TPEx,149.5,151.5,149.0,151.5,58000.0,8751000.0,TPEX_OTC_QUOTES_NO1430_JSON,data/daily_price/daily_price_20240424.csv,149.2,152.0,152.7083,153.3125,151.3996,1.6779,2.3649,-1.9417,0.6645,,78800.0,0.736,156.5,159.0,161.0,147.0,147.0,147.0,-0.3289,-0.7913,-1.1822,0.0663,-3.1949,-4.717,-5.9006,3.0612,3.0612
20240425,1268,漢來美食,TPEx,152.0,154.0,152.0,152.5,72000.0,11016500.0,TPEX_OTC_QUOTES_NO1430_JSON,data/daily_price/daily_price_20240425.csv,149.9,151.925,152.725,153.3014,151.4913,0.6601,2.349,-0.974,0.6601,,76550.0,0.9406,156.5,159.0,161.0,147.0,147.0,147.0,0.3785,-0.1473,-0.5227,0.6658,-2.5559,-4.0881,-5.2795,3.7415,3.7415
20240426,1268,漢來美食,TPEx,154.0,155.5,154.0,155.0,203000.0,31382000.0,TPEX_OTC_QUOTES_NO1430_JSON,data/daily_price/daily_price_20240426.csv,151.2,151.975,152.7583,153.3243,151.7837,1.6393,4.3771,0.6494,1.3072,,85150.0,2.384,156.5,159.0,161.0,147.0,147.0,147.0,1.9905,1.4675,1.0929,2.119,-0.9585,-2.5157,-3.7267,5.4422,5.4422
20240429,1268,漢來美食,TPEx,154.5,156.5,153.5,155.5,243000.0,37657500.0,TPEX_OTC_QUOTES_NO1430_JSON,data/daily_price/daily_price_20240429.csv,152.7,152.05,152.8167,153.3533,152.0934,0.3226,5.0676,0.974,2.3026,,94850.0,2.5619,156.5,159.0,161.0,147.0,147.0,147.0,2.269,1.7559,1.3998,2.2398,-0.639,-2.2013,-3.4161,5.7823,5.7823
20240430,1268,漢來美食,TPEx,155.5,156.5,154.0,156.0,139000.0,21549000.0,TPEX_OTC_QUOTES_NO1430_JSON,data/daily_price/daily_price_20240430.csv,154.1,152.15,152.8833,153.3882,152.4189,0.3215,4.698,1.2987,2.6316,,99550.0,1.3963,156.5,159.0,161.0,147.0,147.0,147.0,2.5304,2.0386,1.7028,2.3495,-0.3195,-1.8868,-3.1056,6.1224,6.1224
20240502,1268,漢來美食,TPEx,156.5,158.0,156.0,157.0,193000.0,30241000.0,TPEX_OTC_QUOTES_NO1430_JSON,data/daily_price/daily_price_20240502.csv,155.2,152.2,152.9083,153.4351,152.8007,0.641,3.6304,0.641,0.9646,,102150.0,1.8894,158.0,159.0,161.0,147.0,147.0,147.0,3.1537,2.6759,2.3234,2.7482,-0.6329,-1.2579,-2.4845,6.8027,6.8027
20240503,1268,漢來美食,TPEx,157.5,159.0,156.5,158.0,84000.0,13230000.0,TPEX_OTC_QUOTES_NO1430_JSON,data/daily_price/daily_price_20240503.csv,156.3,152.375,152.975,153.4936,153.234,0.6369,3.6066,2.2654,2.5974,,101500.0,0.8276,159.0,159.0,161.0,147.0,147.0,147.0,3.6916,3.2849,2.9359,3.1103,-0.6289,-0.6289,-1.8634,7.483,7.483
20240506,1268,漢來美食,TPEx,159.5,159.5,157.5,158.0,174000.0,27584500.0,TPEX_OTC_QUOTES_NO1430_JSON,data/daily_price/daily_price_20240506.csv,156.9,152.6,153.0417,153.5506,153.6311,0.0,1.9355,2.9316,2.5974,,108450.0,1.6044,159.5,159.5,161.0,147.0,147.0,147.0,3.5387,3.2399,2.8977,2.8437,-0.9404,-0.9404,-1.8634,7.483,7.483
20240507,1268,漢來美食,TPEx,159.0,161.0,158.0,160.5,230000.0,36739500.0,TPEX_OTC_QUOTES_NO1430_JSON,data/daily_price/daily_price_20240507.csv,157.9,152.975,153.125,153.6375,154.2035,1.5823,3.2154,4.902,3.2154,,116750.0,1.97,161.0,161.0,161.0,147.0,147.0,147.0,4.9191,4.8163,4.4667,4.0832,-0.3106,-0.3106,-0.3106,9.1837,9.1837
20240508,1268,漢來美食,TPEx,160.5,163.5,159.5,163.0,171000.0,27689500.0,TPEX_OTC_QUOTES_NO1430_JSON,data/daily_price/daily_price_20240508.csv,159.3,153.425,153.2917,153.7531,154.9366,1.5576,4.4872,5.8442,6.5359,,122750.0,1.3931,163.5,163.5,163.5,147.0,147.0,147.0,6.2408,6.3332,6.0141,5.2043,-0.3058,-0.3058,-0.3058,10.8844,10.8844
20240509,1268,漢來美食,TPEx,163.0,164.5,162.0,162.0,211000.0,34458000.0,TPEX_OTC_QUOTES_NO1430_JSON,data/daily_price/daily_price_20240509.csv,160.3,153.825,153.4583,153.8537,155.5252,-0.6135,3.1847,5.1948,6.5789,,130500.0,1.6169,164.5,164.5,164.5,147.0,147.0,147.0,5.3145,5.5661,5.2949,4.1632,-1.5198,-1.5198,-1.5198,10.2041,10.2041
20240510,1268,漢來美食,TPEx,168.5,173.0,165.5,171.5,992000.0,167777000.0,TPEX_OTC_QUOTES_NO1430_JSON,data/daily_price/daily_price_20240510.csv,163.0,154.775,153.7583,154.0663,156.8564,5.8642,8.5443,12.459,11.7264,,167200.0,5.933,173.0,173.0,173.0,147.0,147.0,147.0,10.806,11.5387,11.3157,9.3356,-0.8671,-0.8671,-0.8671,16.6667,16.6667
20240513,1268,漢來美食,TPEx,175.0,176.0,169.0,169.0,339000.0,58271000.0,TPEX_OTC_QUOTES_NO1430_JSON,data/daily_price/daily_price_20240513.csv,165.2,155.6,154.025,154.244,157.8684,-1.4577,6.962,10.8197,10.4575,,181100.0,1.8719,176.0,176.0,176.0,147.0,147.0,147.0,8.6118,9.7224,9.5666,7.0512,-3.9773,-3.9773,-3.9773,14.966,14.966
20240514,1268,漢來美食,TPEx,171.0,171.0,166.5,167.0,204000.0,34240500.0,TPEX_OTC_QUOTES_NO1430_JSON,data/daily_price/daily_price_20240514.csv,166.5,156.375,154.2083,154.3941,158.6294,-1.1834,4.0498,10.231,7.0513,,189850.0,1.0745,176.0,176.0,176.0,147.0,147.0,147.0,6.7946,8.2951,8.1647,5.2769,-5.1136,-5.1136,-5.1136,13.6054,13.6054
20240515,1268,漢來美食,TPEx,169.5,169.5,166.0,166.0,140000.0,23424500.0,TPEX_OTC_QUOTES_NO1430_JSON,data/daily_price/daily_price_20240515.csv,167.1,157.25,154.425,154.5291,159.2436,-0.5988,1.8405,11.7845,8.4967,,187800.0,0.7455,176.0,176.0,176.0,147.0,147.0,147.0,5.5644,7.4955,7.4232,4.2428,-5.6818,-5.6818,-5.6818,12.9252,12.9252
20240516,1268,漢來美食,TPEx,168.0,169.0,166.0,167.0,210000.0,35056500.0,TPEX_OTC_QUOTES_NO1430_JSON,data/daily_price/daily_price_20240516.csv,168.1,158.2,154.65,154.6724,159.89,0.6024,3.0864,12.8378,8.7948,,195950.0,1.0717,176.0,176.0,176.0,147.0,147.0,147.0,5.5626,7.9858,7.9701,4.4468,-5.1136,-5.1136,-5.1136,13.6054,13.6054
20240517,1268,漢來美食,TPEx,167.5,169.0,165.5,169.0,151000.0,25212500.0,TPEX_OTC_QUOTES_NO1430_JSON,data/daily_price/daily_price_20240517.csv,167.6,159.2,154.9,154.8352,160.6491,1.1976,-1.4577,13.4228,9.7403,,199350.0,0.7575,176.0,176.0,176.0,147.0,147.0,147.0,6.1558,9.1026,9.1483,5.1982,-3.9773,-3.9773,-3.9773,14.966,14.966
20240520,1268,漢來美食,TPEx,170.0,170.0,168.0,169.5,131000.0,22081000.0,TPEX_OTC_QUOTES_NO1430_JSON,data/daily_price/daily_price_20240520.csv,167.7,160.25,155.175,155.0,161.3867,0.2959,0.2959,14.1414,10.7843,,200350.0,0.6539,176.0,176.0,176.0,147.5,147.0,147.0,5.7722,9.2315,9.3548,5.0272,-3.6932,-3.6932,-3.6932,15.3061,15.3061
20240521,1268,漢來美食,TPEx,169.5,170.0,168.0,170.0,187000.0,31593000.0,TPEX_OTC_QUOTES_NO1430_JSON,data/daily_price/daily_price_20240521.csv,168.3,161.35,155.4667,155.1667,162.1045,0.295,1.7964,14.8649,11.4754,,207800.0,0.8999,176.0,176.0,176.0,148.5,147.0,147.0,5.361,9.3482,9.5596,4.8706,-3.4091,-3.4091,-3.4091,15.6463,15.6463
20240522,1268,漢來美食,TPEx,171.0,172.0,169.5,170.0,165000.0,28160500.0,TPEX_OTC_QUOTES_NO1430_JSON,data/daily_price/daily_price_20240522.csv,169.1,162.4,155.7583,155.3297,162.7624,0.0,2.4096,14.094,11.4754,,214850.0,0.768,176.0,176.0,176.0,149.0,147.0,147.0,4.6798,9.1434,9.4446,4.4467,-3.4091,-3.4091,-3.4091,15.6463,15.6463
20240523,1268,漢來美食,TPEx,170.5,170.5,166.5,169.5,212000.0,35569000.0,TPEX_OTC_QUOTES_NO1430_JSON,data/daily_price/daily_price_20240523.csv,169.6,163.3,156.05,155.4837,163.3239,-0.2941,1.497,11.8812,11.5132,,222550.0,0.9526,176.0,176.0,176.0,152.0,147.0,147.0,3.7967,8.619,9.0146,3.7815,-3.6932,-3.6932,-3.6932,15.3061,15.3061
20240524,1268,漢來美食,TPEx,169.5,170.0,167.0,170.0,88000.0,14875500.0,TPEX_OTC_QUOTES_NO1430_JSON,data/daily_price/daily_price_20240524.csv,169.8,164.175,156.3167,155.6398,163.8802,0.295,0.5917,11.4754,10.3896,,223350.0,0.394,176.0,176.0,176.0,153.5,147.0,147.0,3.548,8.7536,9.2266,3.7343,-3.4091,-3.4091,-3.4091,15.6463,15.6463
20240527,1268,漢來美食,TPEx,170.0,170.5,168.0,169.0,112000.0,18956000.0,TPEX_OTC_QUOTES_NO1430_JSON,data/daily_price/daily_price_20240527.csv,169.7,164.875,156.5917,155.7819,164.3069,-0.5882,-0.295,9.0323,10.8197,,218800.0,0.5119,176.0,176.0,176.0,153.5,147.0,147.0,2.5019,7.924,8.485,2.8563,-3.9773,-3.9773,-3.9773,14.966,14.966
20240528,1268,漢來美食,TPEx,169.5,171.0,169.5,169.5,66000.0,11236000.0,TPEX_OTC_QUOTES_NO1430_JSON,data/daily_price/daily_price_20240528.csv,169.6,165.575,156.8417,155.9263,164.7396,0.2959,-0.2941,9.0032,9.7087,,209950.0,0.3144,176.0,176.0,176.0,154.0,147.0,147.0,2.3705,8.0708,8.7052,2.8896,-3.6932,-3.6932,-3.6932,15.3061,15.3061
20240529,1268,漢來美食,TPEx,169.0,169.5,168.0,168.5,54000.0,9101000.0,TPEX_OTC_QUOTES_NO1430_JSON,data/daily_price/daily_price_20240529.csv,169.3,166.2,157.15,156.0573,165.053,-0.59,-0.8824,8.0128,12.3333,,205700.0,0.2625,176.0,176.0,176.0,156.0,147.0,147.0,1.3839,7.2224,7.9732,2.0884,-4.2614,-4.2614,-4.2614,14.6259,14.6259
20240530,1268,漢來美食,TPEx,167.0,169.0,166.5,167.0,66000.0,11053000.0,TPEX_OTC_QUOTES_NO1430_JSON,data/daily_price/daily_price_20240530.csv,168.8,166.7,157.4167,156.1701,165.2153,-0.8902,-1.4749,6.3694,10.596,,199350.0,0.3311,176.0,176.0,176.0,156.5,147.0,147.0,0.18,6.0879,6.9347,1.0803,-5.1136,-5.1136,-5.1136,13.6054,13.6054
20240531,1268,漢來美食,TPEx,167.0,169.5,166.0,166.5,173000.0,28914500.0,TPEX_OTC_QUOTES_NO1430_JSON,data/daily_price/daily_price_20240531.csv,168.1,167.125,157.6833,156.2755,165.3223,-0.2994,-2.0588,5.3797,10.6312,,203800.0,0.8489,176.0,176.0,176.0,157.5,147.0,147.0,-0.374,5.5914,6.5426,0.7124,-5.3977,-5.3977,-5.3977,13.2653,13.2653
20240603,1268,漢來美食,TPEx,166.5,168.0,166.5,167.0,38000.0,6344000.0,TPEX_OTC_QUOTES_NO1430_JSON,data/daily_price/daily_price_20240603.csv,167.7,167.575,157.9333,156.3838,165.4621,0.3003,-1.1834,5.6962,9.8684,,197000.0,0.1929,176.0,176.0,176.0,158.0,147.0,147.0,-0.3431,5.7408,6.7885,0.9294,-5.1136,-5.1136,-5.1136,13.6054,13.6054
20240604,1268,漢來美食,TPEx,167.0,170.0,166.0,168.5,172000.0,28955500.0,TPEX_OTC_QUOTES_NO1430_JSON,data/daily_price/daily_price_20240604.csv,167.5,167.975,158.2167,156.505,165.7153,0.8982,-0.59,4.9844,11.2211,,194100.0,0.8861,176.0,176.0,176.0,159.5,147.0,147.0,0.3125,6.4995,7.6643,1.6804,-4.2614,-4.2614,-4.2614,14.6259,14.6259
20240605,1268,漢來美食,TPEx,169.0,171.5,168.0,168.5,190000.0,32240500.0,TPEX_OTC_QUOTES_NO1430_JSON,data/daily_price/daily_price_20240605.csv,167.5,168.25,158.4917,156.6238,165.9473,0.0,0.0,3.3742,10.8553,,195050.0,0.9741,176.0,176.0,176.0,162.0,147.0,147.0,0.1486,6.3147,7.5827,1.5382,-4.2614,-4.2614,-4.2614,14.6259,14.6259
20240606,1268,漢來美食,TPEx,169.0,169.5,168.0,168.5,88000.0,14856500.0,TPEX_OTC_QUOTES_NO1430_JSON,data/daily_price/daily_price_20240606.csv,167.8,168.575,158.7417,156.7402,166.1601,0.0,0.8982,4.0123,9.772,,188900.0,0.4659,176.0,176.0,176.0,165.5,147.0,147.0,-0.0445,6.1473,7.5027,1.4082,-4.2614,-4.2614,-4.2614,14.6259,14.6259
20240607,1268,漢來美食,TPEx,168.5,170.0,168.5,169.5,125000.0,21187000.0,TPEX_OTC_QUOTES_NO1430_JSON,data/daily_price/daily_price_20240607.csv,168.4,168.475,159.0,156.8641,166.4384,0.5935,1.8018,-1.1662,10.0649,,145550.0,0.8588,176.0,176.0,176.0,165.5,147.0,147.0,0.6084,6.6038,8.0553,1.8395,-3.6932,-3.6932,-3.6932,15.3061,15.3061
20240611,1268,漢來美食,TPEx,169.5,172.0,169.0,170.0,108000.0,18410500.0,TPEX_OTC_QUOTES_NO1430_JSON,data/daily_price/daily_price_20240611.csv,169.0,168.525,159.2667,156.9904,166.7352,0.295,1.7964,0.5917,10.3896,,134000.0,0.806,172.0,176.0,176.0,165.5,147.0,147.0,0.8752,6.7392,8.2869,1.9581,-1.1628,-3.4091,-3.4091,15.6463,15.6463
20240612,1268,漢來美食,TPEx,171.0,171.5,169.0,169.5,78000.0,13262500.0,TPEX_OTC_QUOTES_NO1430_JSON,data/daily_price/daily_price_20240612.csv,169.2,168.65,159.525,157.1095,166.9656,-0.2941,0.5935,1.497,10.0649,,127700.0,0.6108,172.0,176.0,176.0,165.5,147.0,147.0,0.504,6.2529,7.8865,1.5179,-1.4535,-3.6932,-3.6932,15.3061,15.3061
20240613,1268,漢來美食,TPEx,168.5,170.0,167.5,169.0,129000.0,21762500.0,TPEX_OTC_QUOTES_NO1430_JSON,data/daily_price/daily_price_20240613.csv,169.3,168.8,159.7917,157.2217,167.1351,-0.295,0.2967,1.8072,10.4575,,127150.0,1.0145,172.0,176.0,176.0,165.5,147.0,147.0,0.1185,5.7627,7.4915,1.1158,-1.7442,-3.9773,-3.9773,14.966,14.966
20240614,1268,漢來美食,TPEx,169.5,170.5,168.5,170.0,117000.0,19825000.0,TPEX_OTC_QUOTES_NO1430_JSON,data/daily_price/daily_price_20240614.csv,169.6,168.95,160.0667,157.3411,167.3739,0.5917,0.8902,1.7964,10.7492,,122500.0,0.9551,172.0,176.0,176.0,165.5,147.0,147.0,0.6215,6.2057,8.0455,1.569,-1.1628,-3.4091,-3.4091,15.6463,15.6463
20240617,1268,漢來美食,TPEx,171.0,171.0,169.0,170.0,47000.0,7996500.0,TPEX_OTC_QUOTES_NO1430_JSON,data/daily_price/daily_price_20240617.csv,169.7,169.0,160.3667,157.4583,167.5927,0.0,0.295,0.5917,11.8421,,117300.0,0.4007,172.0,176.0,176.0,166.0,147.0,147.0,0.5917,6.0071,7.9651,1.4364,-1.1628,-3.4091,-3.4091,15.6463,15.6463
20240618,1268,漢來美食,TPEx,169.5,171.0,169.0,169.0,65000.0,11040500.0,TPEX_OTC_QUOTES_NO1430_JSON,data/daily_price/daily_price_20240618.csv,169.5,168.975,160.65,157.5642,167.71,-0.5882,-0.5882,-0.295,11.1842,,114000.0,0.5702,172.0,176.0,176.0,166.0,147.0,147.0,0.0148,5.1976,7.2579,0.7692,-1.7442,-3.9773,-3.9773,14.966,14.966
20240619,1268,漢來美食,TPEx,169.0,171.5,169.0,170.5,118000.0,20105000.0,TPEX_OTC_QUOTES_NO1430_JSON,data/daily_price/daily_price_20240619.csv,169.7,169.0,160.925,157.6818,167.9425,0.8876,0.59,0.2941,10.7143,,110550.0,1.0674,172.0,176.0,176.0,166.0,147.0,147.0,0.8876,5.95,8.1291,1.5229,-0.8721,-3.125,-3.125,15.9864,15.9864
20240620,1268,漢來美食,TPEx,170.5,171.0,169.0,170.0,148000.0,25147500.0,TPEX_OTC_QUOTES_NO1430_JSON,data/daily_price/daily_price_20240620.csv,169.9,169.0,161.1833,157.7928,168.1139,-0.2933,0.5917,0.0,10.0324,,109700.0,1.3491,172.0,176.0,176.0,166.0,147.0,147.0,0.5917,5.47,7.7362,1.1219,-1.1628,-3.4091,-3.4091,15.6463,15.6463
20240621,1268,漢來美食,TPEx,170.5,173.0,170.0,171.0,210000.0,36082500.0,TPEX_OTC_QUOTES_NO1430_JSON,data/daily_price/daily_price_20240621.csv,170.1,169.075,161.4583,157.9107,168.3544,0.5882,0.5882,0.885,10.6796,,109600.0,1.9161,173.0,176.0,176.0,166.0,147.0,147.0,1.1385,5.9097,8.289,1.5714,-1.1561,-2.8409,-2.8409,16.3265,16.3265
20240624,1268,漢來美食,TPEx,172.0,172.0,171.0,171.5,89000.0,15278000.0,TPEX_OTC_QUOTES_NO1430_JSON,data/daily_price/daily_price_20240624.csv,170.4,169.15,161.75,158.031,168.6166,0.2924,0.8824,0.8824,11.3636,,109650.0,0.8117,173.0,176.0,176.0,166.0,147.0,147.0,1.3893,6.0278,8.523,1.71,-0.8671,-2.5568,-2.5568,16.6667,16.6667
20240625,1268,漢來美食,TPEx,172.0,172.0,171.0,171.5,93000.0,15961000.0,TPEX_OTC_QUOTES_NO1430_JSON,data/daily_price/daily_price_20240625.csv,170.9,169.275,162.0417,158.1491,168.8569,0.0,1.4793,1.4793,11.3636,,108700.0,0.8556,173.0,176.0,176.0,166.0,147.0,147.0,1.3144,5.837,8.442,1.5653,-0.8671,-2.5568,-2.5568,16.6667,16.6667
20240626,1268,漢來美食,TPEx,172.0,172.0,170.5,170.5,79000.0,13550500.0,TPEX_OTC_QUOTES_NO1430_JSON,data/daily_price/daily_price_20240626.csv,170.9,169.325,162.3167,158.2565,168.9938,-0.5831,0.0,0.59,10.7143,,109350.0,0.7225,173.0,176.0,176.0,166.0,147.0,147.0,0.6939,5.0416,7.7365,0.8913,-1.4451,-3.125,-3.125,15.9864,15.9864
20240627,1268,漢來美食,TPEx,170.5,170.5,169.0,169.0,59000.0,9999500.0,TPEX_OTC_QUOTES_NO1430_JSON,data/daily_price/daily_price_20240627.csv,170.7,169.35,162.5667,158.3491,168.9943,-0.8798,-0.5882,0.2967,9.7403,,109600.0,0.5383,173.0,176.0,176.0,166.0,147.0,147.0,-0.2067,3.9574,6.7262,0.0034,-2.3121,-3.9773,-3.9773,14.966,14.966
20240628,1268,漢來美食,TPEx,169.0,170.5,168.0,169.5,109000.0,18407500.0,TPEX_OTC_QUOTES_NO1430_JSON,data/daily_price/daily_price_20240628.csv,170.4,169.475,162.7917,158.4444,169.0365,0.2959,-0.8772,1.497,8.6538,,111750.0,0.9754,173.0,176.0,176.0,166.0,147.0,147.0,0.0148,4.1208,6.9776,0.2742,-2.0231,-3.6932,-3.6932,15.3061,15.3061
20240701,1268,漢來美食,TPEx,170.5,172.0,170.0,170.5,81000.0,13862000.0,TPEX_OTC_QUOTES_NO1430_JSON,data/daily_price/daily_price_20240701.csv,170.2,169.675,163.0583,158.5466,169.1584,0.59,-0.5831,2.4024,10.356,,107150.0,0.7559,173.0,176.0,176.0,166.0,147.0,147.0,0.4862,4.5638,7.5394,0.7931,-1.4451,-3.125,-3.125,15.9864,15.9864
20240702,1268,漢來美食,TPEx,170.5,172.5,170.5,172.0,175000.0,30111500.0,TPEX_OTC_QUOTES_NO1430_JSON,data/daily_price/daily_price_20240702.csv,170.3,169.925,163.3667,158.6597,169.3952,0.8798,0.2915,2.994,12.0521,,114000.0,1.5351,173.0,176.0,176.0,166.0,147.0,147.0,1.2211,5.2846,8.4081,1.5377,-0.578,-2.2727,-2.2727,17.0068,17.0068
20240703,1268,漢來美食,TPEx,172.0,172.0,170.5,171.0,35000.0,5980500.0,TPEX_OTC_QUOTES_NO1430_JSON,data/daily_price/daily_price_20240703.csv,170.4,170.05,163.6667,158.7625,169.5289,-0.5814,0.2933,1.4837,11.7647,,107150.0,0.3266,173.0,176.0,176.0,167.5,147.0,147.0,0.5587,4.4807,7.7081,0.8677,-1.1561,-2.8409,-2.8409,16.3265,16.3265
20240704,1268,漢來美食,TPEx,171.0,171.5,170.5,170.5,27000.0,4623500.0,TPEX_OTC_QUOTES_NO1430_JSON,data/daily_price/daily_price_20240704.csv,170.7,170.15,163.9417,158.8667,169.6099,-0.2924,0.8876,1.1869,10.7143,7.9114,99000.0,0.2727,173.0,176.0,176.0,167.5,147.0,147.0,0.2057,4.0004,7.3227,0.5248,-1.4451,-3.125,-3.125,15.9864,15.9864
20240705,1268,漢來美食,TPEx,170.5,171.0,170.0,170.5,41000.0,6980000.0,TPEX_OTC_QUOTES_NO1430_JSON,data/daily_price/daily_price_20240705.csv,170.9,170.25,164.2167,158.9875,169.684,0.0,0.59,1.1869,10.7143,9.2949,96650.0,0.4242,173.0,176.0,176.0,167.5,147.0,147.0,0.1468,3.8262,7.2411,0.4809,-1.4451,-3.125,-3.125,15.9864,15.9864
20240708,1268,漢來美食,TPEx,170.5,170.5,169.0,169.0,75000.0,12751000.0,TPEX_OTC_QUOTES_NO1430_JSON,data/daily_price/daily_price_20240708.csv,170.6,170.225,164.4917,159.1083,169.627,-0.8798,-0.8798,-0.295,10.8197,9.3851,94150.0,0.7966,173.0,176.0,176.0,167.5,147.0,147.0,-0.7196,2.7408,6.2169,-0.3697,-2.3121,-3.9773,-3.9773,14.966,14.966
20240709,1268,漢來美食,TPEx,170.0,170.0,166.5,168.5,87000.0,14596500.0,TPEX_OTC_QUOTES_NO1430_JSON,data/daily_price/daily_price_20240709.csv,169.9,170.15,164.7583,159.2083,169.5331,-0.2959,-2.0349,-0.8824,10.4918,7.6677,93100.0,0.9345,173.0,176.0,176.0,166.5,147.0,147.0,-0.9697,2.271,5.8362,-0.6094,-2.6012,-4.2614,-4.2614,14.6259,14.6259
20240710,1268,漢來美食,TPEx,169.0,170.0,169.0,169.0,37000.0,6258500.0,TPEX_OTC_QUOTES_NO1430_JSON,data/daily_price/daily_price_20240710.csv,169.5,170.125,165.05,159.2917,169.4887,0.2967,-1.1696,-0.295,11.5512,6.2893,91050.0,0.4064,173.0,176.0,176.0,166.5,147.0,147.0,-0.6613,2.3932,6.0947,-0.2883,-2.3121,-3.9773,-3.9773,14.966,14.966
20240711,1268,漢來美食,TPEx,169.5,170.0,168.0,169.0,82000.0,13815000.0,TPEX_OTC_QUOTES_NO1430_JSON,data/daily_price/daily_price_20240711.csv,169.2,170.125,165.3917,159.3792,169.448,0.0,-0.8798,0.0,13.8047,6.6246,88700.0,0.9245,173.0,176.0,176.0,166.5,147.0,147.0,-0.6613,2.1817,6.0364,-0.2644,-2.3121,-3.9773,-3.9773,14.966,14.966
20240712,1268,漢來美食,TPEx,168.5,169.5,168.5,169.0,19000.0,3210000.0,TPEX_OTC_QUOTES_NO1430_JSON,data/daily_price/daily_price_20240712.csv,168.9,170.075,165.7417,159.4833,169.4106,0.0,-0.8798,-0.5882,14.1892,7.9872,83800.0,0.2267,173.0,176.0,176.0,166.5,147.0,147.0,-0.6321,1.9659,5.9672,-0.2424,-2.3121,-3.9773,-3.9773,14.966,14.966
20240715,1268,漢來美食,TPEx,169.0,169.5,168.0,169.0,33000.0,5578000.0,TPEX_OTC_QUOTES_NO1430_JSON,data/daily_price/daily_price_20240715.csv,168.9,170.025,166.075,159.5875,169.3764,0.0,0.0,-0.5882,13.4228,7.9872,83100.0,0.3971,173.0,176.0,176.0,166.5,147.0,147.0,-0.6029,1.7613,5.898,-0.2222,-2.3121,-3.9773,-3.9773,14.966,14.966
20240716,1268,漢來美食,TPEx,168.5,170.0,167.5,170.0,103000.0,17408000.0,TPEX_OTC_QUOTES_NO1430_JSON,data/daily_price/daily_price_20240716.csv,169.2,170.075,166.4333,159.7,169.4284,0.5917,0.8902,0.5917,14.4781,8.6262,85000.0,1.2118,173.0,176.0,176.0,166.5,147.5,147.0,-0.0441,2.143,6.4496,0.3374,-1.7341,-3.4091,-3.4091,15.2542,15.6463
20240717,1268,漢來美食,TPEx,170.0,171.0,170.0,170.5,88000.0,14986500.0,TPEX_OTC_QUOTES_NO1430_JSON,data/daily_price/daily_price_20240717.csv,169.5,170.075,166.8083,159.8,169.5177,0.2941,0.8876,0.0,15.2027,7.571,83500.0,1.0539,173.0,176.0,176.0,166.5,148.5,147.0,0.2499,2.2131,6.6959,0.5795,-1.4451,-3.125,-3.125,14.8148,15.9864
20240718,1268,漢來美食,TPEx,170.5,172.0,170.0,170.0,120000.0,20515000.0,TPEX_OTC_QUOTES_NO1430_JSON,data/daily_price/daily_price_20240718.csv,169.7,170.075,167.1583,159.925,169.5579,-0.2933,0.5917,0.0,14.094,9.6774,82100.0,1.4616,173.0,176.0,176.0,166.5,149.0,147.0,-0.0441,1.7,6.2998,0.2608,-1.7341,-3.4091,-3.4091,14.094,15.6463
20240719,1268,漢來美食,TPEx,170.0,170.0,168.0,168.0,63000.0,10614500.0,TPEX_OTC_QUOTES_NO1430_JSON,data/daily_price/daily_price_20240719.csv,169.5,169.925,167.4333,160.0708,169.4281,-1.1765,-0.5917,-1.7544,10.8911,11.6279,74750.0,0.8428,172.5,176.0,176.0,166.5,152.0,147.0,-1.1329,0.3384,4.9535,-0.8429,-2.6087,-4.5455,-4.5455,10.5263,14.2857
20240722,1268,漢來美食,TPEx,168.0,168.5,163.5,165.5,182000.0,30121500.0,TPEX_OTC_QUOTES_NO1430_JSON,data/daily_price/daily_price_20240722.csv,168.8,169.625,167.65,160.1875,169.1007,-1.4881,-2.071,-3.4985,8.5246,9.2409,79400.0,2.2922,172.5,176.0,176.0,163.5,153.5,147.0,-2.4318,-1.2824,3.3164,-2.1293,-4.058,-5.9659,-5.9659,7.8176,12.585
20240723,1268,漢來美食,TPEx,166.5,168.0,165.5,168.0,78000.0,13051500.0,TPEX_OTC_QUOTES_NO1430_JSON,data/daily_price/daily_price_20240723.csv,168.4,169.45,167.8667,160.3125,169.009,1.5106,-1.1765,-2.0408,8.3871,9.8039,78650.0,0.9917,172.5,176.0,176.0,163.5,153.5,147.0,-0.8557,0.0794,4.7953,-0.597,-2.6087,-4.5455,-4.5455,9.4463,14.2857
20240726,1268,漢來美食,TPEx,165.0,166.5,163.0,165.0,142000.0,23386500.0,TPEX_OTC_QUOTES_NO1430_JSON,data/daily_price/daily_price_20240726.csv,167.3,169.175,168.025,160.4208,168.6749,-1.7857,-3.2258,-3.2258,6.1093,8.5526,81800.0,1.7359,172.5,176.0,176.0,163.0,154.0,147.0,-2.4679,-1.8003,2.8545,-2.1787,-4.3478,-6.25,-6.25,7.1429,12.2449
20240729,1268,漢來美食,TPEx,167.5,167.5,165.0,165.0,36000.0,5978000.0,TPEX_OTC_QUOTES_NO1430_JSON,data/daily_price/daily_price_20240729.csv,166.3,168.975,168.175,160.5292,168.3687,0.0,-2.9412,-2.3669,5.7692,8.5526,80650.0,0.4464,172.5,176.0,176.0,163.0,156.0,147.0,-2.3524,-1.8879,2.7851,-2.0008,-4.3478,-6.25,-6.25,5.7692,12.2449
20240730,1268,漢來美食,TPEx,165.0,165.5,164.0,165.0,41000.0,6740000.0,TPEX_OTC_QUOTES_NO1430_JSON,data/daily_price/daily_price_20240730.csv,165.7,168.75,168.3083,160.6083,168.0879,0.0,-1.7857,-2.6549,5.0955,6.1093,77250.0,0.5307,172.5,176.0,176.0,163.0,156.5,147.0,-2.2222,-1.9656,2.7344,-1.8371,-4.3478,-6.25,-6.25,5.4313,12.2449
20240731,1268,漢來美食,TPEx,165.0,166.0,165.0,165.0,16000.0,2647000.0,TPEX_OTC_QUOTES_NO1430_JSON,data/daily_price/daily_price_20240731.csv,165.6,168.475,168.425,160.7,167.8306,0.0,-0.3021,-3.2258,4.4304,7.1429,74000.0,0.2162,172.5,176.0,176.0,163.0,157.5,147.0,-2.0626,-2.0335,2.6758,-1.6866,-4.3478,-6.25,-6.25,4.7619,12.2449
20240801,1268,漢來美食,TPEx,167.0,168.0,166.5,168.0,25000.0,4183000.0,TPEX_OTC_QUOTES_NO1430_JSON,data/daily_price/daily_price_20240801.csv,165.6,168.275,168.5917,160.8167,167.8447,1.8182,0.0,-2.3256,6.3291,9.0909,66500.0,0.3759,172.0,176.0,176.0,163.0,158.0,147.0,-0.1634,-0.3509,4.4668,0.0925,-2.3256,-4.5455,-4.5455,6.3291,14.2857
20240802,1268,漢來美食,TPEx,166.0,166.0,164.0,164.0,66000.0,10892000.0,TPEX_OTC_QUOTES_NO1430_JSON,data/daily_price/daily_price_20240802.csv,165.4,167.925,168.65,160.8875,167.5243,-2.381,-0.6061,-4.0936,2.1807,5.4662,68050.0,0.9699,172.0,176.0,176.0,163.0,159.5,147.0,-2.3374,-2.7572,1.9346,-2.1038,-4.6512,-6.8182,-6.8182,2.8213,11.5646
20240805,1268,漢來美食,TPEx,161.5,163.5,151.0,152.0,245000.0,37939500.0,TPEX_OTC_QUOTES_NO1430_JSON,data/daily_price/daily_price_20240805.csv,162.8,167.0,168.4667,160.8792,166.2306,-7.3171,-7.8788,-10.8504,-6.7485,-0.6536,78950.0,3.1032,172.0,176.0,176.0,151.0,151.0,147.0,-8.982,-9.7744,-5.5192,-8.5608,-11.6279,-13.6364,-13.6364,0.6623,3.4014
20240806,1268,漢來美食,TPEx,154.0,158.0,146.0,158.0,114000.0,17278500.0,TPEX_OTC_QUOTES_NO1430_JSON,data/daily_price/daily_price_20240806.csv,161.4,166.375,168.4,160.9292,165.5448,3.9474,-4.2424,-7.3314,-2.4691,3.9474,82600.0,1.3801,172.0,176.0,176.0,146.0,146.0,146.0,-5.0338,-6.1758,-1.8202,-4.5575,-8.1395,-10.2273,-10.2273,8.2192,8.2192
20240807,1268,漢來美食,TPEx,156.0,162.5,156.0,161.0,127000.0,20297000.0,TPEX_OTC_QUOTES_NO1430_JSON,data/daily_price/daily_price_20240807.csv,160.6,165.975,168.225,160.9917,165.166,1.8987,-2.4242,-4.7337,-6.1224,4.886,85200.0,1.4906,172.0,176.0,176.0,146.0,146.0,146.0,-2.9974,-4.2948,0.0052,-2.5223,-6.3953,-8.5227,-8.5227,10.274,10.274
20240808,1268,漢來美食,TPEx,158.0,159.5,158.0,158.5,41000.0,6510000.0,TPEX_OTC_QUOTES_NO1430_JSON,data/daily_price/daily_price_20240808.csv,158.7,165.475,168.05,161.0375,164.6105,-1.5528,-5.6548,-5.9347,-6.213,3.5948,82900.0,0.4946,172.0,173.0,176.0,146.0,146.0,146.0,-4.2151,-5.6828,-1.5757,-3.7121,-7.8488,-8.3815,-9.9432,8.5616,8.5616
20240809,1268,漢來美食,TPEx,158.5,160.0,156.0,158.0,244000.0,38367000.0,TPEX_OTC_QUOTES_NO1430_JSON,data/daily_price/daily_price_20240809.csv,157.5,164.925,167.9,161.0542,164.0596,-0.3155,-3.6585,-6.5089,-5.3892,1.2821,93250.0,2.6166,172.0,173.0,176.0,146.0,146.0,146.0,-4.1989,-5.8964,-1.8964,-3.6936,-8.1395,-8.6705,-10.2273,8.2192,8.2192
20240812,1268,漢來美食,TPEx,157.5,161.5,157.5,160.5,94000.0,15054000.0,TPEX_OTC_QUOTES_NO1430_JSON,data/daily_price/daily_price_20240812.csv,159.2,164.5,167.8083,161.1167,163.763,1.5823,5.5921,-5.0296,-3.3133,4.902,93850.0,1.0016,172.0,173.0,176.0,146.0,146.0,146.0,-2.4316,-4.3552,-0.3827,-1.9925,-6.686,-7.2254,-8.8068,9.9315,9.9315
20240813,1268,漢來美食,TPEx,160.5,162.0,160.0,160.0,49000.0,7882000.0,TPEX_OTC_QUOTES_NO1430_JSON,data/daily_price/daily_price_20240813.csv,159.6,164.05,167.6917,161.1708,163.4494,-0.3115,1.2658,-5.3254,-4.1916,4.2345,95350.0,0.5139,172.0,173.0,176.0,146.0,146.0,146.0,-2.4688,-4.5868,-0.7265,-2.1104,-6.9767,-7.5145,-9.0909,9.589,9.589
20240814,1268,漢來美食,TPEx,160.0,162.0,160.0,160.5,29000.0,4675000.0,TPEX_OTC_QUOTES_NO1430_JSON,data/daily_price/daily_price_20240814.csv,159.5,163.625,167.55,161.225,163.2036,0.3125,-0.3106,-5.0296,-5.0296,4.2208,95150.0,0.3048,172.0,173.0,176.0,146.0,146.0,146.0,-1.9099,-4.2077,-0.4497,-1.6566,-6.686,-7.2254,-8.8068,9.9315,9.9315
20240815,1268,漢來美食,TPEx,159.5,161.0,158.5,158.5,54000.0,8607500.0,TPEX_OTC_QUOTES_NO1430_JSON,data/daily_price/daily_price_20240815.csv,159.5,163.05,167.3667,161.2708,162.8117,-1.2461,0.0,-6.7647,-6.4897,3.5948,92700.0,0.5825,172.0,173.0,176.0,146.0,146.0,146.0,-2.7906,-5.2977,-1.7181,-2.6483,-7.8488,-8.3815,-9.9432,8.5616,8.5616
20240816,1268,漢來美食,TPEx,158.5,161.0,158.5,159.5,63000.0,10067000.0,TPEX_OTC_QUOTES_NO1430_JSON,data/daily_price/daily_price_20240816.csv,159.8,162.5,167.1917,161.3292,162.5357,0.6309,0.9494,-6.4516,-6.1765,4.5902,91450.0,0.6889,172.0,173.0,176.0,146.0,146.0,146.0,-1.8462,-4.6005,-1.1338,-1.8677,-7.2674,-7.8035,-9.375,9.2466,9.2466
20240819,1268,漢來美食,TPEx,160.0,160.0,157.0,157.5,40000.0,6328000.0,TPEX_OTC_QUOTES_NO1430_JSON,data/daily_price/daily_price_20240819.csv,159.2,161.875,166.9833,161.3708,162.1161,-1.2539,-1.8692,-7.3529,-7.3529,3.2787,87450.0,0.4574,170.0,173.0,176.0,146.0,146.0,146.0,-2.7027,-5.6792,-2.3987,-2.8474,-7.3529,-8.9595,-10.5114,7.8767,7.8767
20240820,1268,漢來美食,TPEx,158.5,158.5,156.5,157.0,26000.0,4091500.0,TPEX_OTC_QUOTES_NO1430_JSON,data/daily_price/daily_price_20240820.csv,158.6,161.325,166.775,161.4125,161.6897,-0.3175,-1.875,-6.5476,-7.3746,3.2895,85600.0,0.3037,168.5,173.0,176.0,146.0,146.0,146.0,-2.6809,-5.8612,-2.7337,-2.9004,-6.8249,-9.2486,-10.7955,7.5342,7.5342
20240821,1268,漢來美食,TPEx,157.0,159.0,157.0,158.0,87000.0,13740000.0,TPEX_OTC_QUOTES_NO1430_JSON,data/daily_price/daily_price_20240821.csv,158.1,160.95,166.575,161.4458,161.3822,0.6369,-1.5576,-4.5317,-7.0588,2.5974,80850.0,1.0761,168.0,173.0,176.0,146.0,146.0,146.0,-1.8329,-5.1478,-2.1344,-2.0958,-5.9524,-8.6705,-10.2273,8.2192,8.2192
20240822,1268,漢來美食,TPEx,158.0,158.5,158.0,158.5,12000.0,1898500.0,TPEX_OTC_QUOTES_NO1430_JSON,data/daily_price/daily_price_20240822.csv,158.1,160.475,166.4,161.4958,161.1421,0.3165,0.0,-5.6548,-6.213,3.9344,77550.0,0.1547,168.0,173.0,176.0,146.0,146.0,146.0,-1.2307,-4.7476,-1.8551,-1.6396,-5.6548,-8.3815,-9.9432,8.5616,8.5616
20240823,1268,漢來美食,TPEx,159.0,159.0,158.0,158.5,13000.0,2061000.0,TPEX_OTC_QUOTES_NO1430_JSON,data/daily_price/daily_price_20240823.csv,157.9,160.15,166.2167,161.5292,160.9219,0.0,-0.627,-3.9394,-6.4897,2.589,71100.0,0.1828,168.0,173.0,176.0,146.0,146.0,146.0,-1.0303,-4.6425,-1.8753,-1.505,-5.6548,-8.3815,-9.9432,8.5616,8.5616
20240826,1268,漢來美食,TPEx,160.0,160.5,159.0,159.0,33000.0,5276500.0,TPEX_OTC_QUOTES_NO1430_JSON,data/daily_price/daily_price_20240826.csv,158.2,159.85,166.0583,161.6042,160.7617,0.3155,0.9524,-3.6364,-5.638,6.0,70950.0,0.4651,168.0,173.0,176.0,146.0,146.0,146.0,-0.5317,-4.2505,-1.6114,-1.0959,-5.3571,-8.0925,-9.6591,8.9041,8.9041
20240827,1268,漢來美食,TPEx,159.0,160.0,158.5,159.5,23000.0,3662500.0,TPEX_OTC_QUOTES_NO1430_JSON,data/daily_price/daily_price_20240827.csv,158.7,159.575,165.9333,161.675,160.6566,0.3145,1.5924,-3.3333,-4.491,5.6291,70050.0,0.3283,168.0,173.0,176.0,146.0,146.0,146.0,-0.047,-3.8771,-1.3453,-0.7199,-5.0595,-7.8035,-9.375,9.2466,9.2466
20240828,1268,漢來美食,TPEx,159.5,160.0,159.0,159.0,14000.0,2231500.0,TPEX_OTC_QUOTES_NO1430_JSON,data/daily_price/daily_price_20240828.csv,158.9,159.275,165.8083,161.7458,160.5185,-0.3135,0.6329,-3.6364,-4.5045,5.6478,69950.0,0.2001,168.0,173.0,176.0,146.0,146.0,146.0,-0.1727,-4.1061,-1.6976,-0.946,-5.3571,-8.0925,-9.6591,8.9041,8.9041
20240829,1268,漢來美食,TPEx,158.5,160.0,158.0,159.0,40000.0,6375000.0,TPEX_OTC_QUOTES_NO1430_JSON,data/daily_price/daily_price_20240829.csv,159.0,158.825,165.675,161.8042,160.392,0.0,0.3155,-5.3571,-4.7904,4.6053,70700.0,0.5658,166.0,173.0,176.0,146.0,146.0,146.0,0.1102,-4.029,-1.7331,-0.8679,-4.2169,-8.0925,-9.6591,8.9041,8.9041
20240830,1268,漢來美食,TPEx,160.0,160.0,159.5,160.0,60000.0,9595500.0,TPEX_OTC_QUOTES_NO1430_JSON,data/daily_price/daily_price_20240830.csv,159.3,158.625,165.5333,161.875,160.3593,0.6289,0.9464,-2.439,-5.0445,5.6106,70400.0,0.8523,163.5,173.0,176.0,146.0,146.0,146.0,0.8668,-3.3427,-1.1583,-0.2241,-2.1407,-7.5145,-9.0909,9.589,9.589
20240902,1268,漢來美食,TPEx,160.0,161.5,159.5,160.5,72000.0,11555500.0,TPEX_OTC_QUOTES_NO1430_JSON,data/daily_price/daily_price_20240902.csv,159.6,159.05,165.4,161.9458,160.371,0.3125,0.9434,5.5921,-4.7478,5.5921,61750.0,1.166,162.5,173.0,176.0,146.0,146.0,146.0,0.9117,-2.9625,-0.8928,0.0804,-1.2308,-7.2254,-8.8068,9.9315,9.9315
20240903,1268,漢來美食,TPEx,160.5,161.5,160.0,160.0,56000.0,9004000.0,TPEX_OTC_QUOTES_NO1430_JSON,data/daily_price/daily_price_20240903.csv,159.7,159.15,165.2583,162.0,160.3401,-0.3115,0.3135,1.2658,-5.0445,4.2345,58850.0,0.9516,162.5,173.0,176.0,156.0,146.0,146.0,0.5341,-3.1819,-1.2346,-0.2121,-1.5385,-7.5145,-9.0909,9.589,9.589
20240904,1268,漢來美食,TPEx,159.0,159.0,153.5,154.0,278000.0,43242500.0,TPEX_OTC_QUOTES_NO1430_JSON,data/daily_price/daily_price_20240904.csv,158.7,158.8,165.0,162.0,159.8118,-3.75,-3.1447,-4.3478,-9.1445,0.0,66400.0,4.1867,162.0,173.0,176.0,153.5,146.0,146.0,-3.0227,-6.6667,-4.9383,-3.6366,-4.9383,-10.9827,-12.5,5.4795,5.4795
20240905,1268,漢來美食,TPEx,155.5,158.0,153.5,154.5,261000.0,40542500.0,TPEX_OTC_QUOTES_NO1430_JSON,data/daily_price/daily_price_20240905.csv,157.8,158.6,164.7417,162.0042,159.3691,0.3247,-2.8302,-2.5237,-9.1176,0.3247,77400.0,3.3721,162.0,173.0,176.0,153.5,146.0,146.0,-2.5851,-6.2168,-4.6321,-3.0553,-4.6296,-10.6936,-12.2159,5.8219,5.8219
20240906,1268,漢來美食,TPEx,154.0,158.5,153.5,158.5,94000.0,14675500.0,TPEX_OTC_QUOTES_NO1430_JSON,data/daily_price/daily_price_20240906.csv,157.5,158.625,164.5583,162.0417,159.2967,2.589,-0.9375,0.3165,-6.4897,2.9221,69900.0,1.3448,162.0,173.0,176.0,153.5,146.0,146.0,-0.0788,-3.6816,-2.1857,-0.5001,-2.1605,-8.3815,-9.9432,8.5616,8.5616
20240909,1268,漢來美食,TPEx,148.0,152.0,147.0,152.0,136000.0,20370000.0,TPEX_OTC_QUOTES_NO1430_JSON,data/daily_price/daily_price_20240909.csv,155.8,158.2,164.275,162.0333,158.6886,-4.1009,-5.296,-5.296,-10.0592,-0.6536,72000.0,1.8889,162.0,173.0,176.0,147.0,146.0,146.0,-3.9191,-7.4722,-6.1921,-4.2149,-6.1728,-12.1387,-13.6364,4.1096,4.1096
20240910,1268,漢來美食,TPEx,151.0,152.5,149.5,149.5,103000.0,15513500.0,TPEX_OTC_QUOTES_NO1430_JSON,data/daily_price/daily_price_20240910.csv,153.7,157.675,163.9333,162.0,157.9229,-1.6447,-6.5625,-6.5625,-12.0588,-2.6059,74700.0,1.3788,162.0,173.0,176.0,147.0,146.0,146.0,-5.1847,-8.8044,-7.716,-5.3336,-7.716,-13.5838,-15.0568,2.3973,2.3973
20240911,1268,漢來美食,TPEx,150.0,150.5,149.0,150.0,62000.0,9286000.0,TPEX_OTC_QUOTES_NO1430_JSON,data/daily_price/daily_price_20240911.csv,152.9,157.15,163.6,161.9833,157.2627,0.3344,-2.5974,-6.5421,-11.7647,-1.3158,76350.0,0.812,161.5,173.0,176.0,147.0,146.0,146.0,-4.5498,-8.313,-7.3979,-4.6182,-7.1207,-13.2948,-14.7727,2.7397,2.7397
20240912,1268,漢來美食,TPEx,151.0,151.5,149.5,150.5,88000.0,13229000.0,TPEX_OTC_QUOTES_NO1430_JSON,data/daily_price/daily_price_20240912.csv,152.1,156.75,163.2917,161.9708,156.6991,0.3333,-2.589,-5.0473,-10.9467,-0.9868,78050.0,1.1275,161.5,173.0,176.0,147.0,146.0,146.0,-3.9872,-7.8336,-7.082,-3.9561,-6.8111,-13.0058,-14.4886,3.0822,3.0822
20240913,1268,漢來美食,TPEx,151.0,152.0,150.0,150.0,48000.0,7239500.0,TPEX_OTC_QUOTES_NO1430_JSON,data/daily_price/daily_price_20240913.csv,150.4,156.275,162.95,161.9375,156.1409,-0.3322,-5.3628,-5.9561,-12.0235,-2.5974,77300.0,0.621,161.5,173.0,176.0,147.0,146.0,146.0,-4.0154,-7.9472,-7.3717,-3.9329,-7.1207,-13.2948,-14.7727,2.7397,2.7397
20240916,1268,漢來美食,TPEx,150.5,150.5,149.5,149.5,27000.0,4044500.0,TPEX_OTC_QUOTES_NO1430_JSON,data/daily_price/daily_price_20240916.csv,149.9,155.875,162.6083,161.8958,155.5875,-0.3333,-1.6447,-5.0794,-12.0588,-3.2362,76650.0,0.3523,161.5,173.0,176.0,147.0,146.0,146.0,-4.0898,-8.0613,-7.6567,-3.9126,-7.4303,-13.5838,-15.0568,2.3973,2.3973
20240918,1268,漢來美食,TPEx,149.5,150.0,148.5,149.0,67000.0,10001500.0,TPEX_OTC_QUOTES_NO1430_JSON,data/daily_price/daily_price_20240918.csv,149.8,155.475,162.2417,161.85,155.0385,-0.3344,-0.3344,-5.0955,-12.8655,-3.5599,78700.0,0.8513,161.5,172.5,176.0,147.0,146.0,146.0,-4.1647,-8.1617,-7.9395,-3.8948,-7.7399,-13.6232,-15.3409,2.0548,2.0548
20240919,1268,漢來美食,TPEx,148.5,150.5,148.5,150.0,33000.0,4957000.0,TPEX_OTC_QUOTES_NO1430_JSON,data/daily_price/daily_price_20240919.csv,149.8,155.075,161.8833,161.8167,154.6186,0.6711,0.0,-5.0633,-12.5364,-2.5974,76000.0,0.4342,161.5,172.5,176.0,147.0,146.0,146.0,-3.2726,-7.3407,-7.3025,-2.9871,-7.1207,-13.0435,-14.7727,2.7397,2.7397
20240920,1268,漢來美食,TPEx,151.0,151.5,150.0,150.0,34000.0,5130500.0,TPEX_OTC_QUOTES_NO1430_JSON,data/daily_price/daily_price_20240920.csv,149.7,154.65,161.525,161.7833,154.2337,0.0,-0.3322,-5.3628,-12.5364,-2.5974,77100.0,0.441,161.5,172.5,176.0,147.0,146.0,146.0,-3.0068,-7.1351,-7.2834,-2.745,-7.1207,-13.0435,-14.7727,2.7397,2.7397
20240923,1268,漢來美食,TPEx,150.5,150.5,150.0,150.5,8000.0,1203000.0,TPEX_OTC_QUOTES_NO1430_JSON,data/daily_price/daily_price_20240923.csv,149.8,154.25,161.1917,161.7542,153.9226,0.3333,0.3333,-5.0473,-11.7302,-2.2727,76850.0,0.1041,161.5,172.5,176.0,147.0,146.0,146.0,-2.4311,-6.6329,-6.9576,-2.2236,-6.8111,-12.7536,-14.4886,3.0822,3.0822
20240924,1268,漢來美食,TPEx,150.5,150.5,150.0,150.0,13000.0,1953500.0,TPEX_OTC_QUOTES_NO1430_JSON,data/daily_price/daily_price_20240924.csv,149.9,153.8,160.875,161.7208,153.5957,-0.3322,0.3344,-5.6604,-11.2426,-2.5974,75850.0,0.1714,161.5,172.5,176.0,147.0,146.0,146.0,-2.4707,-6.7599,-7.2476,-2.341,-7.1207,-13.0435,-14.7727,2.7397,2.7397
20240925,1268,漢來美食,TPEx,150.5,150.5,149.0,150.5,48000.0,7186000.0,TPEX_OTC_QUOTES_NO1430_JSON,data/daily_price/daily_price_20240925.csv,150.2,153.35,160.5583,161.675,153.3377,0.3333,1.0067,-5.6426,-11.2094,-3.5256,77100.0,0.6226,161.5,172.5,176.0,147.0,146.0,146.0,-1.8585,-6.2646,-6.912,-1.8506,-6.8111,-12.7536,-14.4886,3.0822,3.0822
20240926,1268,漢來美食,TPEx,151.0,151.5,150.5,150.5,28000.0,4223000.0,TPEX_OTC_QUOTES_NO1430_JSON,data/daily_price/daily_price_20240926.csv,150.3,152.925,160.225,161.6417,153.1013,0.0,0.3333,-5.3459,-11.7302,-2.589,77800.0,0.3599,161.5,172.5,176.0,147.0,146.0,146.0,-1.5857,-6.0696,-6.8928,-1.699,-6.8111,-12.7536,-14.4886,3.0822,3.0822
20240927,1268,漢來美食,TPEx,151.5,151.5,150.5,150.5,20000.0,3018500.0,TPEX_OTC_QUOTES_NO1430_JSON,data/daily_price/daily_price_20240927.csv,150.4,152.5,159.8667,161.6167,152.8845,0.0,0.3333,-5.3459,-12.5,-1.9544,76800.0,0.2604,161.5,172.0,176.0,147.0,146.0,146.0,-1.3115,-5.859,-6.8784,-1.5597,-6.8111,-12.5,-14.4886,3.0822,3.0822
20240930,1268,漢來美食,TPEx,151.5,151.5,150.0,150.5,33000.0,4970000.0,TPEX_OTC_QUOTES_NO1430_JSON,data/daily_price/daily_price_20240930.csv,150.4,152.025,159.525,161.5958,152.6858,0.0,0.0,-5.9375,-11.9883,-1.634,75450.0,0.4374,161.5,172.0,176.0,147.0,146.0,146.0,-1.0031,-5.6574,-6.8664,-1.4316,-6.8111,-12.5,-14.4886,3.0822,3.0822
20241001,1268,漢來美食,TPEx,150.5,152.0,149.0,151.0,99000.0,14914500.0,TPEX_OTC_QUOTES_NO1430_JSON,data/daily_price/daily_price_20241001.csv,150.6,151.55,159.2,161.5708,152.5453,0.3322,0.6667,-5.919,-11.437,-1.9481,76800.0,1.2891,161.5,172.0,176.0,147.0,146.0,146.0,-0.3629,-5.1508,-6.5425,-1.013,-6.5015,-12.2093,-14.2045,3.4247,3.4247
20241004,1268,漢來美食,TPEx,151.5,151.5,149.5,150.0,62000.0,9318000.0,TPEX_OTC_QUOTES_NO1430_JSON,data/daily_price/daily_price_20241004.csv,150.5,151.05,158.8583,161.5375,152.3332,-0.6623,-0.3322,-6.25,-12.0235,-2.5974,77100.0,0.8042,159.0,172.0,176.0,147.0,146.0,146.0,-0.6951,-5.5762,-7.1423,-1.5316,-5.6604,-12.7907,-14.7727,2.7397,2.7397
20241007,1268,漢來美食,TPEx,150.5,151.5,150.5,150.5,35000.0,5284000.0,TPEX_OTC_QUOTES_NO1430_JSON,data/daily_price/daily_price_20241007.csv,150.5,150.875,158.55,161.5208,152.1804,0.3333,0.0,-2.2727,-10.9467,-1.3115,64950.0,0.5389,158.5,172.0,176.0,147.0,146.0,146.0,-0.2486,-5.0773,-6.8232,-1.1042,-5.0473,-12.5,-14.4886,3.0822,3.0822
20241008,1268,漢來美食,TPEx,150.5,151.0,149.5,149.5,36000.0,5409500.0,TPEX_OTC_QUOTES_NO1430_JSON,data/daily_price/daily_price_20241008.csv,150.3,150.625,158.2333,161.4958,151.9571,-0.6645,-0.6645,-3.2362,-11.276,-1.9672,53700.0,0.6704,158.5,172.0,176.0,147.0,146.0,146.0,-0.7469,-5.5193,-7.428,-1.6169,-5.6782,-13.0814,-15.0568,2.3973,2.3973
20241009,1268,漢來美食,TPEx,150.0,151.0,150.0,150.0,39000.0,5864500.0,TPEX_OTC_QUOTES_NO1430_JSON,data/daily_price/daily_price_20241009.csv,150.2,150.2,157.9167,161.4833,151.794,0.3344,-0.3322,-5.3628,-11.2426,-0.9901,50950.0,0.7655,152.5,172.0,176.0,147.0,146.0,146.0,-0.1332,-5.0132,-7.1112,-1.1818,-1.6393,-12.7907,-14.7727,2.7397,2.7397
20241011,1268,漢來美食,TPEx,152.0,153.5,151.5,152.5,115000.0,17525000.0,TPEX_OTC_QUOTES_NO1430_JSON,data/daily_price/daily_price_20241011.csv,150.5,150.225,157.6417,161.5167,151.8528,1.6667,0.9934,0.3289,-9.7633,2.6936,49900.0,2.3046,153.5,172.0,176.0,148.5,146.0,146.0,1.5144,-3.2616,-5.5825,0.4262,-0.6515,-11.3372,-13.3523,4.4521,4.4521
20241014,1268,漢來美食,TPEx,153.0,153.0,151.5,151.5,14000.0,2131500.0,TPEX_OTC_QUOTES_NO1430_JSON,data/daily_price/daily_price_20241014.csv,150.8,150.325,157.35,161.5458,151.8234,-0.6557,1.0,1.3378,-10.355,2.3649,45450.0,0.308,153.5,172.0,176.0,148.5,146.0,146.0,0.7816,-3.7178,-6.2186,-0.213,-1.3029,-11.9186,-13.9205,3.7671,3.7671
20241015,1268,漢來美食,TPEx,152.0,153.0,152.0,152.5,48000.0,7330000.0,TPEX_OTC_QUOTES_NO1430_JSON,data/daily_price/daily_price_20241015.csv,151.2,150.45,157.075,161.575,151.8798,0.6601,1.3289,1.6667,-9.7633,2.349,44750.0,1.0726,153.5,172.0,176.0,148.5,146.0,146.0,1.3626,-2.9126,-5.6166,0.4084,-0.6515,-11.3372,-13.3523,4.4521,4.4521
20241016,1268,漢來美食,TPEx,152.5,153.5,152.0,153.0,24000.0,3674000.0,TPEX_OTC_QUOTES_NO1430_JSON,data/daily_price/daily_price_20241016.csv,151.9,150.575,156.7917,161.6125,151.9731,0.3279,2.3411,1.6611,-10.0,3.0303,41550.0,0.5776,153.5,172.0,176.0,148.5,146.0,146.0,1.6105,-2.4183,-5.3291,0.6757,-0.3257,-11.0465,-13.0682,4.7945,4.7945
20241017,1268,漢來美食,TPEx,154.0,155.5,154.0,155.0,38000.0,5879000.0,TPEX_OTC_QUOTES_NO1430_JSON,data/daily_price/daily_price_20241017.csv,152.9,150.825,156.5333,161.6708,152.2254,1.3072,3.3333,3.3333,-9.0909,4.7297,41050.0,0.9257,155.5,172.0,176.0,148.5,146.0,146.0,2.7681,-0.9796,-4.1262,1.8227,-0.3215,-9.8837,-11.9318,6.1644,6.1644
20241018,1268,漢來美食,TPEx,155.0,156.0,154.0,154.5,41000.0,6370000.0,TPEX_OTC_QUOTES_NO1430_JSON,data/daily_price/daily_price_20241018.csv,153.3,151.075,156.275,161.7167,152.4149,-0.3226,1.3115,3.3445,-9.1176,3.6913,41750.0,0.982,156.0,170.0,176.0,148.5,146.0,146.0,2.2671,-1.1358,-4.4625,1.368,-0.9615,-9.1176,-12.2159,5.8219,5.8219
20241021,1268,漢來美食,TPEx,155.5,156.0,155.0,155.0,34000.0,5290500.0,TPEX_OTC_QUOTES_NO1430_JSON,data/daily_price/daily_price_20241021.csv,154.0,151.375,156.0583,161.7458,152.6304,0.3236,2.3102,4.0268,-7.7381,2.3102,40100.0,0.8479,156.0,168.5,176.0,148.5,146.0,146.0,2.3947,-0.6782,-4.1706,1.5525,-0.641,-8.0119,-11.9318,6.1644,6.1644
20241022,1268,漢來美食,TPEx,155.5,155.5,155.0,155.0,14000.0,2171500.0,TPEX_OTC_QUOTES_NO1430_JSON,data/daily_price/daily_price_20241022.csv,154.5,151.625,155.8833,161.7667,152.8278,0.0,1.6393,3.3333,-6.3444,1.6393,39150.0,0.3576,156.0,168.0,176.0,149.0,146.0,146.0,2.2259,-0.5667,-4.183,1.4213,-0.641,-7.7381,-11.9318,6.1644,6.1644
20241023,1268,漢來美食,TPEx,154.5,155.5,154.5,155.0,13000.0,2015000.0,TPEX_OTC_QUOTES_NO1430_JSON,data/daily_price/daily_price_20241023.csv,154.9,151.875,155.6667,161.7667,153.0088,0.0,1.3072,3.3333,-7.7381,0.0,38100.0,0.3412,156.0,168.0,176.0,149.0,146.0,146.0,2.0576,-0.4283,-4.183,1.3013,-0.641,-7.7381,-11.9318,6.1644,6.1644
20241024,1268,漢來美食,TPEx,155.5,156.0,154.5,155.0,38000.0,5902500.0,TPEX_OTC_QUOTES_NO1430_JSON,data/daily_price/daily_price_20241024.csv,154.9,152.1,155.5,161.7625,153.1748,0.0,0.0,2.99,-6.0606,-0.3215,39600.0,0.9596,156.0,168.0,176.0,149.0,146.0,146.0,1.9066,-0.3215,-4.1805,1.1916,-0.641,-7.7381,-11.9318,6.1644,6.1644
20241025,1268,漢來美食,TPEx,155.0,155.5,154.5,154.5,23000.0,3561500.0,TPEX_OTC_QUOTES_NO1430_JSON,data/daily_price/daily_price_20241025.csv,154.9,152.325,155.325,161.75,153.2852,-0.3226,0.0,3.0,-6.3636,-0.9615,40100.0,0.5736,156.0,168.0,176.0,149.0,146.0,146.0,1.4279,-0.5311,-4.4822,0.7925,-0.9615,-8.0357,-12.2159,5.8219,5.8219
20241028,1268,漢來美食,TPEx,154.5,155.0,154.5,155.0,24000.0,3710500.0,TPEX_OTC_QUOTES_NO1430_JSON,data/daily_price/daily_price_20241028.csv,154.9,152.55,155.1583,161.7333,153.4281,0.3236,0.0,2.99,-6.0606,-1.2739,38900.0,0.617,156.0,168.0,176.0,149.0,146.0,146.0,1.606,-0.102,-4.1632,1.0245,-0.641,-7.7381,-11.9318,6.1644,6.1644
20241029,1268,漢來美食,TPEx,154.0,155.0,154.0,154.5,13000.0,2008000.0,TPEX_OTC_QUOTES_NO1430_JSON,data/daily_price/daily_price_20241029.csv,154.8,152.75,154.9833,161.7042,153.5174,-0.3226,-0.3226,2.6578,-6.3636,-2.2152,38150.0,0.3408,156.0,168.0,176.0,149.0,146.0,146.0,1.1457,-0.3119,-4.4552,0.64,-0.9615,-8.0357,-12.2159,5.8219,5.8219
20241030,1268,漢來美食,TPEx,154.5,154.5,154.0,154.0,9000.0,1387000.0,TPEX_OTC_QUOTES_NO1430_JSON,data/daily_price/daily_price_20241030.csv,154.6,152.925,154.75,161.6708,153.5576,-0.3236,-0.6452,2.3256,-8.3333,-2.5316,37600.0,0.2394,156.0,166.0,176.0,149.0,146.0,146.0,0.703,-0.4847,-4.7447,0.2881,-1.2821,-7.2289,-12.5,5.4795,5.4795
20241101,1268,漢來美食,TPEx,154.0,154.5,153.0,153.5,42000.0,6445000.0,TPEX_OTC_QUOTES_NO1430_JSON,data/daily_price/daily_price_20241101.csv,154.3,153.075,154.575,161.6125,153.5528,-0.3247,-0.9677,1.9934,-6.4024,-4.3614,38050.0,1.1038,156.0,163.5,176.0,149.0,146.0,146.0,0.2776,-0.6955,-5.0197,-0.0344,-1.6026,-6.1162,-12.7841,5.137,5.137
20241104,1268,漢來美食,TPEx,154.0,154.5,153.5,153.5,20000.0,3075500.0,TPEX_OTC_QUOTES_NO1430_JSON,data/daily_price/daily_price_20241104.csv,154.1,153.2,154.6,161.5333,153.5484,0.0,-0.6472,1.6556,0.9868,-5.8282,34100.0,0.5865,156.0,162.5,176.0,149.5,146.0,146.0,0.1958,-0.7115,-4.9732,-0.0315,-1.6026,-5.5385,-12.7841,5.137,5.137
20241105,1268,漢來美食,TPEx,153.5,154.0,153.0,153.5,22000.0,3374000.0,TPEX_OTC_QUOTES_NO1430_JSON,data/daily_price/daily_price_20241105.csv,153.8,153.375,154.525,161.4625,153.5444,0.0,-0.9677,2.3333,-2.8481,-5.2469,32100.0,0.6854,156.0,162.5,176.0,149.5,147.0,146.0,0.0815,-0.6633,-4.9315,-0.0289,-1.6026,-5.5385,-12.7841,4.4218,5.137
20241106,1268,漢來美食,TPEx,154.0,154.5,153.5,153.5,14000.0,2154000.0,TPEX_OTC_QUOTES_NO1430_JSON,data/daily_price/daily_price_20241106.csv,153.6,153.525,154.4,161.3125,153.5407,0.0,-0.6472,1.9934,-4.6584,-10.4956,31050.0,0.4509,156.0,162.0,176.0,149.5,147.0,146.0,-0.0163,-0.5829,-4.8431,-0.0265,-1.6026,-5.2469,-12.7841,4.4218,5.137
20241107,1268,漢來美食,TPEx,154.0,156.0,154.0,155.0,116000.0,18011500.0,TPEX_OTC_QUOTES_NO1430_JSON,data/daily_price/daily_price_20241107.csv,153.8,153.8,154.3417,161.1958,153.6623,0.9772,0.6494,3.6789,-2.2082,-8.284,35050.0,3.3096,156.0,162.0,173.0,150.0,147.0,146.0,0.7802,0.4265,-3.8437,0.8705,-0.641,-4.321,-10.4046,5.4422,6.1644
20241108,1268,漢來美食,TPEx,153.0,154.0,152.5,153.0,209000.0,32013500.0,TPEX_OTC_QUOTES_NO1430_JSON,data/daily_price/daily_price_20241108.csv,153.7,153.95,154.2583,161.0792,153.6071,-1.2903,-0.3257,2.0,-3.1646,-8.3832,43550.0,4.7991,156.0,162.0,173.0,151.5,147.0,146.0,-0.6171,-0.8157,-5.0156,-0.3952,-1.9231,-5.5556,-11.5607,4.0816,4.7945
20241111,1268,漢來美食,TPEx,152.0,153.5,150.5,153.5,92000.0,13968500.0,TPEX_OTC_QUOTES_NO1430_JSON,data/daily_price/daily_price_20241111.csv,153.7,154.0,154.1417,160.975,153.5982,0.3268,0.0,0.6557,-4.3614,-7.5301,42400.0,2.1698,156.0,162.0,173.0,150.5,147.0,146.0,-0.3247,-0.4163,-4.6436,-0.0639,-1.6026,-5.2469,-11.2717,4.4218,5.137
20241112,1268,漢來美食,TPEx,152.5,153.5,151.5,152.5,71000.0,10805000.0,TPEX_OTC_QUOTES_NO1430_JSON,data/daily_price/daily_price_20241112.csv,153.5,154.05,154.0167,160.8542,153.5067,-0.6515,-0.6515,0.6601,-4.6875,-8.6826,45250.0,1.5691,156.0,162.0,173.0,150.5,147.0,146.0,-1.0062,-0.9847,-5.1936,-0.6558,-2.2436,-5.8642,-11.8497,3.7415,4.4521
20241113,1268,漢來美食,TPEx,151.5,153.0,151.5,152.0,12000.0,1827000.0,TPEX_OTC_QUOTES_NO1430_JSON,data/daily_price/daily_price_20241113.csv,153.2,154.025,153.875,160.7125,153.3811,-0.3279,-0.9772,-0.3279,-5.296,-10.0592,43450.0,0.2762,156.0,161.5,173.0,150.5,147.0,146.0,-1.3147,-1.2185,-5.4212,-0.9004,-2.5641,-5.8824,-12.1387,3.4014,4.1096
20241114,1268,漢來美食,TPEx,153.0,153.0,151.0,151.0,26000.0,3939500.0,TPEX_OTC_QUOTES_NO1430_JSON,data/daily_price/daily_price_20241114.csv,152.4,153.925,153.75,160.5583,153.1827,-0.6579,-2.5806,-1.3072,-4.7319,-10.9145,43550.0,0.597,156.0,161.5,173.0,150.5,147.0,146.0,-1.9003,-1.7886,-5.9532,-1.4249,-3.2051,-6.5015,-12.7168,2.7211,3.4247
20241115,1268,漢來美食,TPEx,151.0,152.0,150.5,150.5,65000.0,9809000.0,TPEX_OTC_QUOTES_NO1430_JSON,data/daily_price/daily_price_20241115.csv,151.9,153.7,153.6,160.3958,152.9591,-0.3311,-1.634,-2.9032,-5.6426,-11.4706,44900.0,1.4477,156.0,161.5,173.0,150.5,147.0,146.0,-2.082,-2.0182,-6.1696,-1.6077,-3.5256,-6.8111,-13.0058,2.381,3.0822
20241118,1268,漢來美食,TPEx,150.0,151.5,150.0,150.0,35000.0,5271000.0,TPEX_OTC_QUOTES_NO1430_JSON,data/daily_price/daily_price_20241118.csv,151.2,153.475,153.475,160.2292,152.7125,-0.3322,-2.2801,-2.9126,-4.7619,-11.7647,44600.0,0.7848,156.0,161.5,173.0,150.0,147.0,146.0,-2.2642,-2.2642,-6.3841,-1.7762,-3.8462,-7.1207,-13.2948,2.0408,2.7397
20241119,1268,漢來美食,TPEx,151.0,151.0,150.0,150.0,11000.0,1654500.0,TPEX_OTC_QUOTES_NO1430_JSON,data/daily_price/daily_price_20241119.csv,150.7,153.225,153.3583,160.0667,152.4865,0.0,-1.6393,-3.2258,-4.4586,-11.5044,43450.0,0.2532,156.0,161.5,173.0,150.0,147.0,146.0,-2.1047,-2.1899,-6.289,-1.6306,-3.8462,-7.1207,-13.2948,2.0408,2.7397
20241120,1268,漢來美食,TPEx,150.5,151.0,150.0,151.0,14000.0,2106500.0,TPEX_OTC_QUOTES_NO1430_JSON,data/daily_price/daily_price_20241120.csv,150.5,153.025,153.2417,159.9083,152.3626,0.6667,-0.6579,-2.5806,-4.4304,-11.1765,43450.0,0.3222,156.0,161.5,173.0,150.0,147.0,146.0,-1.3233,-1.4628,-5.5709,-0.8943,-3.2051,-6.5015,-12.7168,2.7211,3.4247
20241121,1268,漢來美食,TPEx,150.5,151.5,150.0,150.5,35000.0,5274000.0,TPEX_OTC_QUOTES_NO1430_JSON,data/daily_price/daily_price_20241121.csv,150.4,152.8,153.1083,159.7542,152.2074,-0.3311,-0.3311,-2.9032,-5.0473,-10.9467,44550.0,0.7856,156.0,161.5,173.0,150.0,147.0,146.0,-1.5052,-1.7036,-5.7928,-1.1218,-3.5256,-6.8111,-13.0058,2.381,3.0822
20241122,1268,漢來美食,TPEx,151.5,152.0,150.5,151.0,42000.0,6368500.0,TPEX_OTC_QUOTES_NO1430_JSON,data/daily_price/daily_price_20241122.csv,150.5,152.6,152.9833,159.6,152.1068,0.3322,0.3322,-2.5806,-4.7319,-10.9145,44750.0,0.9385,156.0,161.5,173.0,150.0,147.0,146.0,-1.0485,-1.2964,-5.3885,-0.7276,-3.2051,-6.5015,-12.7168,2.7211,3.4247
20241125,1268,漢來美食,TPEx,151.0,152.0,150.5,151.0,54000.0,8160500.0,TPEX_OTC_QUOTES_NO1430_JSON,data/daily_price/daily_price_20241125.csv,150.7,152.425,152.85,159.4542,152.0146,0.0,0.6667,-2.2654,-5.0314,-10.3858,46300.0,1.1663,156.0,161.5,173.0,150.0,147.0,146.0,-0.9349,-1.2103,-5.3019,-0.6674,-3.2051,-6.5015,-12.7168,2.7211,3.4247
20241126,1268,漢來美食,TPEx,150.5,151.0,150.5,150.5,6000.0,903500.0,TPEX_OTC_QUOTES_NO1430_JSON,data/daily_price/daily_price_20241126.csv,150.8,152.2,152.7,159.3167,151.8883,-0.3311,0.3333,-2.9032,-5.6426,-9.8802,45400.0,0.1322,156.0,161.5,173.0,150.0,147.0,146.0,-1.117,-1.4407,-5.5341,-0.9141,-3.5256,-6.8111,-13.0058,2.381,3.0822
20241127,1268,漢來美食,TPEx,150.5,150.5,149.0,149.0,32000.0,4796500.0,TPEX_OTC_QUOTES_NO1430_JSON,data/daily_price/daily_price_20241127.csv,150.4,151.925,152.5333,159.1708,151.6476,-0.9967,-1.3245,-3.5599,-6.2893,-10.5105,46350.0,0.6904,156.0,161.5,173.0,149.0,147.0,146.0,-1.9253,-2.3164,-6.3899,-1.7459,-4.4872,-7.7399,-13.8728,1.3605,2.0548
20241128,1268,漢來美食,TPEx,149.0,150.0,147.5,149.0,73000.0,10864000.0,TPEX_OTC_QUOTES_NO1430_JSON,data/daily_price/daily_price_20241128.csv,150.1,151.675,152.3667,159.0208,151.427,0.0,-0.9967,-3.2468,-6.2893,-10.7784,49550.0,1.4733,156.0,161.5,173.0,147.5,147.0,146.0,-1.7636,-2.2096,-6.3016,-1.6028,-4.4872,-7.7399,-13.8728,1.3605,2.0548
20241129,1268,漢來美食,TPEx,148.0,150.0,148.0,149.0,6000.0,895000.0,TPEX_OTC_QUOTES_NO1430_JSON,data/daily_price/daily_price_20241129.csv,149.7,151.45,152.1833,158.8583,151.2248,0.0,-1.3245,-2.9316,-6.875,-11.5727,47750.0,0.1257,156.0,161.5,173.0,147.5,147.0,146.0,-1.6177,-2.0918,-6.2057,-1.4712,-4.4872,-7.7399,-13.8728,1.3605,2.0548
20241202,1268,漢來美食,TPEx,150.5,150.5,149.5,149.5,13000.0,1948000.0,TPEX_OTC_QUOTES_NO1430_JSON,data/daily_price/daily_price_20241202.csv,149.4,151.25,152.0,158.7,151.081,0.3356,-0.9934,-2.6059,-6.8536,-11.276,47400.0,0.2743,156.0,161.5,173.0,147.5,147.0,146.0,-1.157,-1.6447,-5.7971,-1.0465,-4.1667,-7.4303,-13.5838,1.7007,2.3973
20241203,1268,漢來美食,TPEx,149.5,151.5,149.5,150.0,102000.0,15386500.0,TPEX_OTC_QUOTES_NO1430_JSON,data/daily_price/daily_price_20241203.csv,149.3,151.075,151.8333,158.5458,150.9909,0.3344,-0.3322,-2.2801,-6.25,-10.9792,51400.0,1.9844,156.0,159.0,173.0,147.5,147.0,146.0,-0.7116,-1.2075,-5.3901,-0.6563,-3.8462,-5.6604,-13.2948,2.0408,2.7397
20241204,1268,漢來美食,TPEx,150.0,151.5,150.0,150.0,94000.0,14157000.0,TPEX_OTC_QUOTES_NO1430_JSON,data/daily_price/daily_price_20241204.csv,149.5,150.9,151.7667,158.3833,150.9084,0.0,0.6711,-2.2801,-2.5974,-11.5044,55400.0,1.6968,156.0,158.5,173.0,147.5,147.0,146.0,-0.5964,-1.1641,-5.2931,-0.6019,-3.8462,-5.3628,-13.2948,2.0408,2.7397
20241205,1268,漢來美食,TPEx,150.0,151.0,150.0,150.0,44000.0,6610500.0,TPEX_OTC_QUOTES_NO1430_JSON,data/daily_price/daily_price_20241205.csv,149.7,150.65,151.6917,158.2167,150.8327,0.0,0.6711,-3.2258,-2.9126,-11.7647,51800.0,0.8494,154.0,158.5,173.0,147.5,147.0,146.0,-0.4315,-1.1152,-5.1933,-0.552,-2.5974,-5.3628,-13.2948,2.0408,2.7397
20241206,1268,漢來美食,TPEx,150.0,150.5,149.5,150.0,48000.0,7201500.0,TPEX_OTC_QUOTES_NO1430_JSON,data/daily_price/daily_price_20241206.csv,149.9,150.5,151.55,158.0542,150.7633,0.0,0.6711,-1.9608,-5.3628,-11.5044,43750.0,1.0971,153.5,156.0,173.0,147.5,147.0,146.0,-0.3322,-1.0228,-5.0958,-0.5063,-2.2801,-3.8462,-13.2948,2.0408,2.7397
20241209,1268,漢來美食,TPEx,150.5,151.0,150.5,150.5,13000.0,1960000.0,TPEX_OTC_QUOTES_NO1430_JSON,data/daily_price/daily_price_20241209.csv,150.1,150.35,151.525,157.9,150.7413,0.3333,0.6689,-1.9544,-0.9868,-10.9467,39800.0,0.3266,153.5,156.0,173.0,147.5,147.5,146.0,0.0998,-0.6765,-4.6865,-0.1601,-1.9544,-3.5256,-13.0058,2.0339,3.0822
20241210,1268,漢來美食,TPEx,150.5,150.5,150.5,150.5,2000.0,301000.0,TPEX_OTC_QUOTES_NO1430_JSON,data/daily_price/daily_price_20241210.csv,150.2,150.25,151.5417,157.7375,150.7212,0.0,0.3333,-1.3115,0.6689,-11.4706,36350.0,0.055,153.0,156.0,173.0,147.5,147.5,146.0,0.1664,-0.6874,-4.5883,-0.1468,-1.634,-3.5256,-13.0058,2.0339,3.0822
20241211,1268,漢來美食,TPEx,150.0,151.0,150.0,150.5,56000.0,8436000.0,TPEX_OTC_QUOTES_NO1430_JSON,data/daily_price/daily_price_20241211.csv,150.3,150.175,151.55,157.575,150.7028,0.0,0.3333,-0.9868,0.3333,-11.4706,38550.0,1.4527,153.0,156.0,173.0,147.5,147.5,146.0,0.2164,-0.6928,-4.4899,-0.1346,-1.634,-3.5256,-13.0058,2.0339,3.0822
20241212,1268,漢來美食,TPEx,150.5,151.0,150.5,150.5,16000.0,2409000.0,TPEX_OTC_QUOTES_NO1430_JSON,data/daily_price/daily_price_20241212.csv,150.4,150.15,151.55,157.4208,150.6859,0.0,0.3333,-0.3311,0.0,-10.9467,38050.0,0.4205,152.0,156.0,173.0,147.5,147.5,146.0,0.2331,-0.6928,-4.3964,-0.1234,-0.9868,-3.5256,-13.0058,2.0339,3.0822
20241213,1268,漢來美食,TPEx,150.5,150.5,150.0,150.0,12000.0,1803000.0,TPEX_OTC_QUOTES_NO1430_JSON,data/daily_price/daily_price_20241213.csv,150.4,150.125,151.55,157.25,150.6287,-0.3322,0.0,-0.3322,0.0,-12.0235,35400.0,0.339,152.0,156.0,173.0,147.5,147.5,146.0,-0.0833,-1.0228,-4.6105,-0.4174,-1.3158,-3.8462,-13.2948,1.6949,2.7397
20241216,1268,漢來美食,TPEx,150.0,151.0,150.0,150.0,28000.0,4210500.0,TPEX_OTC_QUOTES_NO1430_JSON,data/daily_price/daily_price_20241216.csv,150.3,150.125,151.5583,157.0833,150.5763,0.0,-0.3322,0.0,0.3344,-11.7647,35050.0,0.7989,152.0,156.0,173.0,147.5,147.5,146.0,-0.0833,-1.0282,-4.5093,-0.3828,-1.3158,-3.8462,-13.2948,1.6949,2.7397
20241217,1268,漢來美食,TPEx,150.0,150.5,149.5,149.5,29000.0,4346500.0,TPEX_OTC_QUOTES_NO1430_JSON,data/daily_price/daily_price_20241217.csv,150.1,150.1,151.5667,156.9042,150.4866,-0.3333,-0.6645,-0.3333,0.3356,-12.5731,35950.0,0.8067,152.0,156.0,172.5,147.5,147.5,146.0,-0.3997,-1.3635,-4.7189,-0.6556,-1.6447,-4.1667,-13.3333,1.3559,2.3973
20241218,1268,漢來美食,TPEx,150.0,150.5,149.5,149.5,26000.0,3898500.0,TPEX_OTC_QUOTES_NO1430_JSON,data/daily_price/daily_price_20241218.csv,149.9,150.025,151.5583,156.7208,150.4044,0.0,-0.6645,-0.9934,-0.3333,-12.828,36550.0,0.7114,152.0,156.0,172.5,147.5,147.5,146.0,-0.3499,-1.3581,-4.6074,-0.6013,-1.6447,-4.1667,-13.3333,1.3559,2.3973
20241219,1268,漢來美食,TPEx,149.0,150.0,148.5,149.0,29000.0,4328500.0,TPEX_OTC_QUOTES_NO1430_JSON,data/daily_price/daily_price_20241219.csv,149.6,149.95,151.5417,156.5333,150.2874,-0.3344,-0.9967,-0.9967,-0.6667,-13.1195,36250.0,0.8,152.0,156.0,172.5,147.5,147.5,146.0,-0.6335,-1.6772,-4.8126,-0.8566,-1.9737,-4.4872,-13.6232,1.0169,2.0548
20241220,1268,漢來美食,TPEx,150.0,150.0,148.5,148.5,23000.0,3427000.0,TPEX_OTC_QUOTES_NO1430_JSON,data/daily_price/daily_price_20241220.csv,149.3,149.825,151.5083,156.35,150.1384,-0.3356,-1.0,-1.6556,-1.3289,-12.9032,35300.0,0.6516,152.0,156.0,172.5,147.5,147.5,146.0,-0.8844,-1.9856,-5.0208,-1.0913,-2.3026,-4.8077,-13.913,0.678,1.7123
20241223,1268,漢來美食,TPEx,148.5,150.5,148.5,150.0,46000.0,6893000.0,TPEX_OTC_QUOTES_NO1430_JSON,data/daily_price/daily_price_20241223.csv,149.3,149.775,151.5083,156.1917,150.1269,1.0101,0.0,-0.6623,0.0,-11.2426,34900.0,1.3181,151.5,156.0,172.5,147.5,147.5,146.0,0.1502,-0.9955,-3.9641,-0.0845,-0.9901,-3.8462,-13.0435,1.6949,2.7397
20241224,1268,漢來美食,TPEx,149.5,150.5,148.5,149.5,55000.0,8234500.0,TPEX_OTC_QUOTES_NO1430_JSON,data/daily_price/daily_price_20241224.csv,149.3,149.725,151.4917,156.025,150.0747,-0.3333,0.0,-0.6645,-0.6645,-11.7994,37350.0,1.4726,151.5,156.0,172.5,147.5,147.5,146.0,-0.1503,-1.3147,-4.182,-0.3829,-1.3201,-4.1667,-13.3333,1.3559,2.3973
20241225,1268,漢來美食,TPEx,149.5,150.0,149.5,150.0,15000.0,2247000.0,TPEX_OTC_QUOTES_NO1430_JSON,data/daily_price/daily_price_20241225.csv,149.4,149.775,151.4833,155.8542,150.0684,0.3344,0.3344,0.6711,-0.3322,-12.0235,36500.0,0.411,151.5,156.0,172.5,147.5,147.5,146.0,0.1502,-0.9792,-3.7562,-0.0456,-0.9901,-3.8462,-13.0435,1.6949,2.7397
20241226,1268,漢來美食,TPEx,150.0,150.0,148.5,149.0,63000.0,9402000.0,TPEX_OTC_QUOTES_NO1430_JSON,data/daily_price/daily_price_20241226.csv,149.4,149.775,151.4583,155.6625,149.9794,-0.6667,0.0,0.0,-0.9967,-13.3721,36000.0,1.75,151.5,156.0,172.0,148.0,147.5,146.0,-0.5174,-1.6231,-4.2801,-0.653,-1.6502,-4.4872,-13.3721,1.0169,2.0548
20241227,1268,漢來美食,TPEx,148.5,150.0,148.0,148.5,43000.0,6395500.0,TPEX_OTC_QUOTES_NO1430_JSON,data/daily_price/daily_price_20241227.csv,149.4,149.75,151.425,155.475,149.8561,-0.3356,0.0,-0.3356,-1.3289,-13.1579,37850.0,1.1361,151.5,156.0,172.0,148.0,147.5,146.0,-0.8347,-1.9316,-4.4863,-0.9049,-1.9802,-4.8077,-13.6628,0.678,1.7123
20241230,1268,漢來美食,TPEx,149.5,150.5,148.5,150.5,85000.0,12733500.0,TPEX_OTC_QUOTES_NO1430_JSON,data/daily_price/daily_price_20241230.csv,149.5,149.8,151.4167,155.3083,149.9098,1.3468,0.3333,0.6689,-0.3311,-11.7302,41450.0,2.0507,151.5,156.0,172.0,148.0,147.5,146.0,0.4673,-0.6054,-3.096,0.3937,-0.6601,-3.5256,-12.5,2.0339,3.0822
20241231,1268,漢來美食,TPEx,149.0,151.0,149.0,151.0,94000.0,14128000.0,TPEX_OTC_QUOTES_NO1430_JSON,data/daily_price/daily_price_20241231.csv,149.8,149.85,151.4333,155.1458,150.0006,0.3322,1.0033,0.6667,0.6667,-11.437,41050.0,2.2899,151.5,156.0,172.0,148.0,147.5,146.0,0.7674,-0.2862,-2.6722,0.6662,-0.33,-3.2051,-12.2093,2.3729,3.4247
20250102,1268,漢來美食,TPEx,150.0,151.0,149.0,149.0,71000.0,10650000.0,TPEX_OTC_QUOTES_NO1430_JSON,data/daily_price/daily_price_20250102.csv,149.6,149.8,151.4083,154.9792,149.9172,-1.3245,-0.6667,-0.6667,-0.9967,-11.8343,39900.0,1.7794,151.0,156.0,172.0,148.0,147.5,146.0,-0.534,-1.5906,-3.858,-0.6118,-1.3245,-4.4872,-13.3721,1.0169,2.0548
20250103,1268,漢來美食,TPEx,150.0,150.0,148.5,149.0,51000.0,7597500.0,TPEX_OTC_QUOTES_NO1430_JSON,data/daily_price/daily_price_20250103.csv,149.6,149.75,151.4,154.8167,149.8408,0.0,0.0,-0.6667,-0.3344,-11.5727,40250.0,1.2671,151.0,156.0,172.0,148.0,147.5,146.0,-0.5008,-1.5852,-3.7571,-0.5611,-1.3245,-4.4872,-13.3721,1.0169,2.0548
20250106,1268,漢來美食,TPEx,150.5,150.5,148.5,149.5,70000.0,10454500.0,TPEX_OTC_QUOTES_NO1430_JSON,data/daily_price/daily_price_20250106.csv,149.8,149.725,151.3917,154.6542,149.8124,0.3356,0.6734,-0.3333,-0.3333,-11.5385,41350.0,1.6929,151.0,156.0,172.0,148.0,147.5,146.0,-0.1503,-1.2495,-3.3327,-0.2085,-0.9934,-4.1667,-13.0814,1.3559,2.3973
20250107,1268,漢來美食,TPEx,149.0,149.0,148.5,148.5,57000.0,8478000.0,TPEX_OTC_QUOTES_NO1430_JSON,data/daily_price/daily_price_20250107.csv,149.4,149.625,151.325,154.4833,149.703,-0.6689,-1.3289,-1.3289,-2.623,-12.1302,43550.0,1.3088,151.0,156.0,172.0,148.0,147.5,146.0,-0.7519,-1.8668,-3.8731,-0.8036,-1.6556,-4.8077,-13.6628,0.678,1.7123
20250108,1268,漢來美食,TPEx,149.0,149.5,148.0,149.0,43000.0,6388500.0,TPEX_OTC_QUOTES_NO1430_JSON,data/daily_price/daily_price_20250108.csv,149.0,149.55,151.2833,154.3167,149.6445,0.3367,-1.3245,-0.9967,-1.6502,-11.8343,45600.0,0.943,151.0,156.0,172.0,148.0,147.5,146.0,-0.3678,-1.5093,-3.4453,-0.4307,-1.3245,-4.4872,-13.3721,1.0169,2.0548
20250109,1268,漢來美食,TPEx,150.0,150.0,148.5,150.0,45000.0,6707500.0,TPEX_OTC_QUOTES_NO1430_JSON,data/daily_price/daily_price_20250109.csv,149.2,149.525,151.2417,154.1583,149.6741,0.6711,0.6711,-0.3322,-1.6393,-11.2426,45050.0,0.9989,151.0,156.0,172.0,148.0,147.5,146.0,0.3177,-0.821,-2.6974,0.2178,-0.6623,-3.8462,-12.7907,1.6949,2.7397
20250110,1268,漢來美食,TPEx,150.5,151.5,148.5,148.5,69000.0,10355000.0,TPEX_OTC_QUOTES_NO1430_JSON,data/daily_price/daily_price_20250110.csv,149.1,149.425,151.1667,153.9792,149.5762,-1.0,-0.3356,-1.3289,-2.9412,-12.6471,47700.0,1.4465,151.5,156.0,172.0,148.0,147.5,146.0,-0.619,-1.7641,-3.5584,-0.7195,-1.9802,-4.8077,-13.6628,0.678,1.7123
20250113,1268,漢來美食,TPEx,148.0,149.0,147.5,147.5,33000.0,4884500.0,TPEX_OTC_QUOTES_NO1430_JSON,data/daily_price/daily_price_20250113.csv,148.7,149.3,151.0417,153.7875,149.4032,-0.6734,-1.3378,-1.6667,-4.8387,-13.4897,48750.0,0.6769,151.5,156.0,172.0,147.5,147.5,146.0,-1.2056,-2.3448,-4.0884,-1.2739,-2.6403,-5.4487,-14.2442,0.0,1.0274
20250114,1268,漢來美食,TPEx,148.5,148.5,147.5,147.5,13000.0,1922500.0,TPEX_OTC_QUOTES_NO1430_JSON,data/daily_price/daily_price_20250114.csv,148.5,149.175,150.925,153.6,149.2446,0.0,-0.6734,-1.6667,-4.5307,-13.2353,48000.0,0.2708,151.5,156.0,170.0,147.5,147.5,146.0,-1.1228,-2.2693,-3.9714,-1.169,-2.6403,-5.4487,-13.2353,0.0,1.0274
20250115,1268,漢來美食,TPEx,149.5,151.0,149.0,150.5,62000.0,9319500.0,TPEX_OTC_QUOTES_NO1430_JSON,data/daily_price/daily_price_20250115.csv,148.8,149.225,150.85,153.4542,149.3492,2.0339,1.0067,0.6689,-2.9032,-10.4167,49650.0,1.2487,151.5,156.0,168.5,147.5,147.5,146.0,0.8544,-0.232,-1.9251,0.7705,-0.6601,-3.5256,-10.6825,2.0339,3.0822
20250116,1268,漢來美食,TPEx,151.0,151.0,149.5,149.5,12000.0,1801000.0,TPEX_OTC_QUOTES_NO1430_JSON,data/daily_price/daily_price_20250116.csv,148.7,149.225,150.7583,153.3208,149.3618,-0.6645,-0.3333,0.0,-3.5484,-9.6677,48950.0,0.2451,151.5,156.0,168.0,147.5,147.5,146.0,0.1843,-0.8347,-2.4921,0.0925,-1.3201,-4.1667,-11.0119,1.3559,2.3973
20250117,1268,漢來美食,TPEx,150.5,153.0,150.0,152.0,68000.0,10313500.0,TPEX_OTC_QUOTES_NO1430_JSON,data/daily_price/daily_price_20250117.csv,149.4,149.375,150.7083,153.1875,149.5816,1.6722,2.3569,2.0134,-1.9355,-9.5238,50900.0,1.336,153.0,156.0,168.0,147.5,147.5,146.0,1.7573,0.8571,-0.7752,1.6167,-0.6536,-2.5641,-9.5238,3.0508,4.1096
20250120,1268,漢來美食,TPEx,153.0,153.5,152.0,152.0,10000.0,1526500.0,TPEX_OTC_QUOTES_NO1430_JSON,data/daily_price/daily_price_20250120.csv,150.3,149.55,150.6583,153.0792,149.7832,0.0,3.0508,2.3569,-1.9355,-7.8788,50250.0,0.199,153.5,156.0,168.0,147.5,147.5,146.0,1.6382,0.8905,-0.705,1.48,-0.9772,-2.5641,-9.5238,3.0508,4.1096
20250121,1268,漢來美食,TPEx,153.0,153.0,152.0,152.0,14000.0,2131000.0,TPEX_OTC_QUOTES_NO1430_JSON,data/daily_price/daily_price_20250121.csv,151.2,149.65,150.6167,152.9708,149.9679,0.0,3.0508,1.3333,-1.6181,-7.8788,48650.0,0.2878,153.5,156.0,168.0,147.5,147.5,146.0,1.5703,0.9184,-0.6347,1.355,-0.9772,-2.5641,-9.5238,3.0508,4.1096
20250122,1268,漢來美食,TPEx,152.5,153.0,151.5,152.5,37000.0,5632500.0,TPEX_OTC_QUOTES_NO1430_JSON,data/daily_price/daily_price_20250122.csv,151.6,149.8,150.575,152.8667,150.1789,0.3289,1.3289,2.0067,-1.6129,-7.5758,47750.0,0.7749,153.5,156.0,168.0,147.5,147.5,146.0,1.8024,1.2784,-0.2399,1.5455,-0.6515,-2.2436,-9.2262,3.3898,4.4521
20250203,1268,漢來美食,TPEx,152.5,153.0,151.0,152.5,30000.0,4572000.0,TPEX_OTC_QUOTES_NO1430_JSON,data/daily_price/daily_price_20250203.csv,152.2,149.925,150.5417,152.7625,150.3723,0.0,2.0067,1.6667,-1.2945,-7.5758,48500.0,0.6186,153.5,156.0,168.0,147.5,147.5,146.0,1.7175,1.3009,-0.1718,1.4149,-0.6515,-2.2436,-9.2262,3.3898,4.4521
20250204,1268,漢來美食,TPEx,152.5,152.5,151.5,151.5,12000.0,1827500.0,TPEX_OTC_QUOTES_NO1430_JSON,data/daily_price/daily_price_20250204.csv,152.1,150.05,150.5,152.625,150.4663,-0.6557,-0.3289,1.6779,-1.6234,-9.8214,45950.0,0.2612,153.5,156.0,166.0,147.5,147.5,146.0,0.9663,0.6645,-0.7371,0.687,-1.3029,-2.8846,-8.7349,2.7119,3.7671
20250205,1268,漢來美食,TPEx,151.5,152.0,151.5,151.5,18000.0,2729000.0,TPEX_OTC_QUOTES_NO1430_JSON,data/daily_price/daily_price_20250205.csv,152.0,150.2,150.4667,152.5208,150.5525,0.0,-0.3289,2.0202,-1.3029,-7.622,44700.0,0.4027,153.5,156.0,163.5,147.5,147.5,146.0,0.8655,0.6868,-0.6693,0.6294,-1.3029,-2.8846,-7.3394,2.7119,3.7671
20250206,1268,漢來美食,TPEx,152.0,152.5,152.0,152.5,17000.0,2590500.0,TPEX_OTC_QUOTES_NO1430_JSON,data/daily_price/daily_price_20250206.csv,152.1,150.3,150.45,152.525,150.7148,0.6601,0.3289,1.3289,-0.6515,0.3289,41300.0,0.4116,153.5,156.0,162.5,147.5,147.5,146.0,1.4637,1.3626,-0.0164,1.1845,-0.6515,-2.2436,-6.1538,3.3898,4.4521
20250207,1268,漢來美食,TPEx,153.0,154.5,153.0,154.0,36000.0,5530000.0,TPEX_OTC_QUOTES_NO1430_JSON,data/daily_price/daily_price_20250207.csv,152.4,150.45,150.4583,152.4917,150.9885,0.9836,0.9836,1.9868,0.3257,-2.5316,38400.0,0.9375,154.5,156.0,162.5,147.5,147.5,147.0,2.3596,2.3539,0.9891,1.9945,-0.3236,-1.2821,-5.2308,4.4068,4.7619
20250210,1268,漢來美食,TPEx,154.0,155.5,153.5,153.5,117000.0,18065500.0,TPEX_OTC_QUOTES_NO1430_JSON,data/daily_price/daily_price_20250210.csv,152.6,150.675,150.4583,152.4292,151.1978,-0.3247,0.6557,3.0201,0.0,-4.6584,40700.0,2.8747,155.5,156.0,162.0,147.5,147.5,147.0,1.8749,2.0216,0.7025,1.5226,-1.2862,-1.6026,-5.2469,4.0678,4.4218
20250211,1268,漢來美食,TPEx,155.0,155.0,153.0,153.5,90000.0,13882000.0,TPEX_OTC_QUOTES_NO1430_JSON,data/daily_price/daily_price_20250211.csv,153.0,150.9,150.4333,152.3875,151.3897,0.0,1.3201,3.0201,-0.9677,-3.1546,42650.0,2.1102,155.5,155.5,162.0,147.5,147.5,147.0,1.723,2.0386,0.73,1.394,-1.2862,-1.2862,-5.2469,4.0678,4.4218
20250212,1268,漢來美食,TPEx,154.0,154.0,152.5,152.5,25000.0,3821000.0,TPEX_OTC_QUOTES_NO1430_JSON,data/daily_price/daily_price_20250212.csv,153.2,151.05,150.425,152.3417,151.4822,-0.6515,0.6601,2.0067,-0.3268,-3.481,40400.0,0.6188,155.5,155.5,162.0,147.5,147.5,147.0,0.9599,1.3794,0.1039,0.6719,-1.9293,-1.9293,-5.8642,3.3898,3.7415
20250213,1268,漢來美食,TPEx,152.0,152.5,151.5,152.0,10000.0,1521000.0,TPEX_OTC_QUOTES_NO1430_JSON,data/daily_price/daily_price_20250213.csv,153.1,151.225,150.4,152.2708,151.5253,-0.3279,-0.3279,2.3569,-0.9772,-5.296,38050.0,0.2628,155.5,155.5,162.0,147.5,147.5,147.0,0.5125,1.0638,-0.1779,0.3133,-2.2508,-2.2508,-6.1728,3.0508,3.4014
20250214,1268,漢來美食,TPEx,152.5,152.5,152.0,152.5,16000.0,2438000.0,TPEX_OTC_QUOTES_NO1430_JSON,data/daily_price/daily_price_20250214.csv,152.8,151.4,150.4,152.2083,151.6066,0.3289,-0.974,2.349,0.0,-4.6875,36700.0,0.436,155.5,155.5,162.0,147.5,147.5,147.0,0.7266,1.3963,0.1916,0.5893,-1.9293,-1.9293,-5.8642,3.3898,3.7415
20250217,1268,漢來美食,TPEx,152.0,153.5,152.0,152.5,21000.0,3206500.0,TPEX_OTC_QUOTES_NO1430_JSON,data/daily_price/daily_price_20250217.csv,152.6,151.525,150.4083,152.1417,151.681,0.0,-0.6515,1.6667,0.3289,-4.9844,35500.0,0.5915,155.5,155.5,161.5,147.5,147.5,147.0,0.6435,1.3907,0.2355,0.5399,-1.9293,-1.9293,-5.5728,3.3898,3.7415
20250218,1268,漢來美食,TPEx,152.5,152.5,151.5,151.5,13000.0,1973500.0,TPEX_OTC_QUOTES_NO1430_JSON,data/daily_price/daily_price_20250218.csv,152.2,151.675,150.4167,152.0833,151.6659,-0.6557,-1.3029,2.0202,0.3311,-4.4164,32700.0,0.3976,155.5,155.5,161.5,147.5,147.5,147.0,-0.1154,0.7202,-0.3836,-0.1094,-2.5723,-2.5723,-6.192,2.7119,3.0612
20250219,1268,漢來美食,TPEx,152.0,152.0,151.0,151.0,8000.0,1211500.0,TPEX_OTC_QUOTES_NO1430_JSON,data/daily_price/daily_price_20250219.csv,151.9,151.85,150.425,152.0125,151.6104,-0.33,-0.9836,2.3729,0.3322,-5.3292,31450.0,0.2544,155.5,155.5,161.5,147.5,147.5,147.0,-0.5598,0.3823,-0.6661,-0.4026,-2.8939,-2.8939,-6.5015,2.3729,2.7211
20250220,1268,漢來美食,TPEx,151.5,152.5,151.5,152.0,23000.0,3496000.0,TPEX_OTC_QUOTES_NO1430_JSON,data/daily_price/daily_price_20250220.csv,151.9,152.075,150.4583,151.9667,151.6429,0.6623,0.0,3.0508,1.3333,-3.4921,31950.0,0.7199,155.5,155.5,161.5,149.0,147.5,147.0,-0.0493,1.0246,0.0219,0.2355,-2.2508,-2.2508,-5.8824,3.0508,3.4014
20250221,1268,漢來美食,TPEx,153.0,153.0,152.5,152.5,12000.0,1835000.0,TPEX_OTC_QUOTES_NO1430_JSON,data/daily_price/daily_price_20250221.csv,151.9,152.175,150.5,151.9292,151.7143,0.3289,0.0,1.3289,1.6667,-2.8662,29450.0,0.4075,155.5,155.5,161.5,149.5,147.5,147.0,0.2136,1.3289,0.3757,0.5179,-1.9293,-1.9293,-5.5728,3.3898,3.7415
20250224,1268,漢來美食,TPEx,153.0,153.0,152.5,152.5,25000.0,3824500.0,TPEX_OTC_QUOTES_NO1430_JSON,data/daily_price/daily_price_20250224.csv,151.9,152.325,150.525,151.8833,151.7798,0.0,0.0,2.0067,0.9934,-3.481,30100.0,0.8306,155.5,155.5,161.5,150.0,147.5,147.0,0.1149,1.3121,0.406,0.4745,-1.9293,-1.9293,-5.5728,3.3898,3.7415
20250225,1268,漢來美食,TPEx,152.0,152.5,151.0,152.0,24000.0,3643500.0,TPEX_OTC_QUOTES_NO1430_JSON,data/daily_price/daily_price_20250225.csv,152.0,152.325,150.55,151.8292,151.7981,-0.3279,0.33,0.0,0.9967,-4.1009,27900.0,0.8602,155.5,155.5,161.5,151.0,147.5,147.0,-0.2134,0.9631,0.1125,0.133,-2.2508,-2.2508,-5.8824,3.0508,3.4014
20250226,1268,漢來美食,TPEx,151.0,153.0,151.0,152.5,23000.0,3509000.0,TPEX_OTC_QUOTES_NO1430_JSON,data/daily_price/daily_price_20250226.csv,152.3,152.35,150.575,151.7792,151.8566,0.3289,0.9934,0.3289,0.9934,-3.7855,28550.0,0.8056,155.5,155.5,161.5,151.0,147.5,147.0,0.0985,1.2784,0.4749,0.4237,-1.9293,-1.9293,-5.5728,3.3898,3.7415
20250227,1268,漢來美食,TPEx,153.5,155.5,153.5,154.0,100000.0,15438500.0,TPEX_OTC_QUOTES_NO1430_JSON,data/daily_price/daily_price_20250227.csv,152.7,152.45,150.625,151.7375,152.0352,0.9836,1.3158,1.3158,1.9868,-3.1447,32850.0,3.0441,155.5,155.5,161.5,151.0,147.5,147.0,1.0167,2.2407,1.4911,1.2923,-0.9646,-0.9646,-4.644,4.4068,4.7619
20250303,1268,漢來美食,TPEx,154.0,154.0,152.5,153.0,101000.0,15462500.0,TPEX_OTC_QUOTES_NO1430_JSON,data/daily_price/daily_price_20250303.csv,152.8,152.475,150.6667,151.6833,152.1156,-0.6494,0.3279,0.3279,1.6611,-4.0752,36050.0,2.8017,155.5,155.5,161.5,151.0,147.5,147.0,0.3443,1.5487,0.868,0.5814,-1.6077,-1.6077,-5.2632,3.7288,4.0816
20250304,1268,漢來美食,TPEx,153.5,153.5,153.0,153.5,66000.0,10107000.0,TPEX_OTC_QUOTES_NO1430_JSON,data/daily_price/daily_price_20250304.csv,153.0,152.525,150.7417,151.6375,152.231,0.3268,0.6557,0.6557,3.0201,-3.4591,37850.0,1.7437,155.5,155.5,161.5,151.0,147.5,147.0,0.6392,1.8298,1.2283,0.8336,-1.2862,-1.2862,-4.9536,4.0678,4.4218
20250305,1268,漢來美食,TPEx,153.5,153.5,152.5,153.0,64000.0,9809500.0,TPEX_OTC_QUOTES_NO1430_JSON,data/daily_price/daily_price_20250305.csv,153.2,152.6,150.8083,151.5875,152.2951,-0.3257,0.6579,0.9901,2.6846,-3.7736,40450.0,1.5822,155.5,155.5,161.5,151.0,147.5,147.0,0.2621,1.4533,0.9318,0.4629,-1.6077,-1.6077,-5.2632,3.7288,4.0816
20250306,1268,漢來美食,TPEx,154.0,154.5,153.5,154.0,107000.0,16474000.0,TPEX_OTC_QUOTES_NO1430_JSON,data/daily_price/daily_price_20250306.csv,153.5,152.725,150.8917,151.5375,152.4372,0.6536,0.9836,1.6502,3.3557,-3.75,44900.0,2.3831,155.5,155.5,161.5,151.0,147.5,147.0,0.8348,2.06,1.625,1.0252,-0.9646,-0.9646,-4.644,4.4068,4.7619
20250307,1268,漢來美食,TPEx,154.0,154.0,153.0,153.0,36000.0,5520000.0,TPEX_OTC_QUOTES_NO1430_JSON,data/daily_price/daily_price_20250307.csv,153.3,152.75,150.95,151.475,152.4841,-0.6494,-0.6494,0.3279,2.3411,-4.6729,45850.0,0.7852,155.5,155.5,161.5,151.0,147.5,147.0,0.1637,1.3581,1.0068,0.3384,-1.6077,-1.6077,-5.2632,3.7288,4.0816
20250310,1268,漢來美食,TPEx,152.5,153.5,152.5,153.5,49000.0,7502000.0,TPEX_OTC_QUOTES_NO1430_JSON,data/daily_price/daily_price_20250310.csv,153.4,152.725,151.0083,151.4208,152.5687,0.3268,0.3268,-0.3247,2.3333,-4.0625,46500.0,1.0538,155.5,155.5,159.0,151.0,147.5,147.0,0.5074,1.65,1.3731,0.6104,-1.2862,-1.2862,-3.4591,4.0678,4.4218
20250311,1268,漢來美食,TPEx,151.0,151.5,150.0,150.5,100000.0,15074000.0,TPEX_OTC_QUOTES_NO1430_JSON,data/daily_price/daily_price_20250311.csv,152.8,152.575,151.0167,151.3917,152.3963,-1.9544,-1.9544,-1.9544,0.3333,-2.2727,45650.0,2.1906,155.5,155.5,158.5,150.0,147.5,147.0,-1.36,-0.3421,-0.589,-1.2443,-3.2154,-3.2154,-5.0473,2.0339,2.381
20250312,1268,漢來美食,TPEx,151.5,152.5,151.5,151.5,21000.0,3188000.0,TPEX_OTC_QUOTES_NO1430_JSON,data/daily_price/daily_price_20250312.csv,152.5,152.475,151.0417,151.3667,152.3216,0.6645,-0.9804,-1.3029,1.0,-1.9417,42200.0,0.4976,155.5,155.5,158.5,150.0,147.5,147.0,-0.6394,0.3034,0.0881,-0.5394,-2.5723,-2.5723,-4.4164,2.7119,3.0612
20250313,1268,漢來美食,TPEx,152.5,152.5,150.5,150.5,29000.0,4395500.0,TPEX_OTC_QUOTES_NO1430_JSON,data/daily_price/daily_price_20250313.csv,151.8,152.375,151.05,151.3,152.1698,-0.6601,-2.2727,-1.3115,0.3333,-5.0473,42400.0,0.684,155.5,155.5,156.0,150.0,147.5,147.0,-1.2305,-0.3641,-0.5288,-1.0974,-3.2154,-3.2154,-3.5256,2.0339,2.381
20250314,1268,漢來美食,TPEx,150.5,152.0,150.5,151.0,12000.0,1808500.0,TPEX_OTC_QUOTES_NO1430_JSON,data/daily_price/daily_price_20250314.csv,151.4,152.325,151.0583,151.2917,152.0724,0.3322,-1.3072,-0.6579,0.3322,-0.6579,42500.0,0.2824,155.5,155.5,156.0,150.0,147.5,147.5,-0.8699,-0.0386,-0.1928,-0.7052,-2.8939,-2.8939,-3.2051,2.3729,2.3729
20250317,1268,漢來美食,TPEx,151.0,151.5,151.0,151.5,10000.0,1512500.0,TPEX_OTC_QUOTES_NO1430_JSON,data/daily_price/daily_price_20250317.csv,151.0,152.275,151.075,151.3083,152.0247,0.3311,-1.3029,-0.6557,0.6645,1.3378,42200.0,0.237,155.5,155.5,156.0,150.0,147.5,147.5,-0.5089,0.2813,0.1267,-0.3451,-2.5723,-2.5723,-2.8846,2.7119,2.7119
20250318,1268,漢來美食,TPEx,151.5,152.0,151.5,152.0,8000.0,1215500.0,TPEX_OTC_QUOTES_NO1430_JSON,data/daily_price/daily_price_20250318.csv,151.3,152.25,151.1,151.325,152.0226,0.33,0.9967,-0.3279,0.9967,1.3333,41550.0,0.1925,155.5,155.5,156.0,150.0,147.5,147.5,-0.1642,0.5956,0.4461,-0.0149,-2.2508,-2.2508,-2.5641,3.0508,3.0508
20250319,1268,漢來美食,TPEx,152.0,152.0,151.0,151.0,10000.0,1514500.0,TPEX_OTC_QUOTES_NO1430_JSON,data/daily_price/daily_price_20250319.csv,151.2,152.225,151.1083,151.3292,151.9374,-0.6579,-0.33,-0.33,0.3322,0.3322,41400.0,0.2415,155.5,155.5,156.0,150.0,147.5,147.5,-0.8047,-0.0717,-0.2175,-0.617,-2.8939,-2.8939,-3.2051,2.3729,2.3729
20250320,1268,漢來美食,TPEx,152.0,152.0,151.0,151.0,18000.0,2727000.0,TPEX_OTC_QUOTES_NO1430_JSON,data/daily_price/daily_price_20250320.csv,151.3,152.225,151.125,151.3375,151.8593,0.0,0.3322,0.0,0.6667,0.6667,41900.0,0.4296,155.5,155.5,156.0,150.0,147.5,147.5,-0.8047,-0.0827,-0.223,-0.5658,-2.8939,-2.8939,-3.2051,2.3729,2.3729
20250321,1268,漢來美食,TPEx,151.0,151.5,151.0,151.0,12000.0,1812500.0,TPEX_OTC_QUOTES_NO1430_JSON,data/daily_price/daily_price_20250321.csv,151.3,152.175,151.1417,151.35,151.7877,0.0,0.0,-0.6579,0.6667,1.0033,41350.0,0.2902,155.5,155.5,156.0,150.0,147.5,147.5,-0.7721,-0.0937,-0.2313,-0.5189,-2.8939,-2.8939,-3.2051,2.3729,2.3729
20250324,1268,漢來美食,TPEx,151.0,153.5,151.0,153.5,32000.0,4866000.0,TPEX_OTC_QUOTES_NO1430_JSON,data/daily_price/daily_price_20250324.csv,151.7,152.225,151.2083,151.3875,151.9304,1.6556,1.3201,0.6557,2.6756,3.0201,42350.0,0.7556,155.5,155.5,156.0,150.0,147.5,147.5,0.8376,1.5156,1.3954,1.0331,-1.2862,-1.2862,-1.6026,4.0678,4.0678
20250325,1268,漢來美食,TPEx,152.5,153.0,152.5,152.5,19000.0,2903000.0,TPEX_OTC_QUOTES_NO1430_JSON,data/daily_price/daily_price_20250325.csv,151.8,152.225,151.2583,151.4083,151.9778,-0.6515,0.3289,0.0,2.0067,1.6667,42050.0,0.4518,155.5,155.5,156.0,150.0,147.5,147.5,0.1807,0.8209,0.721,0.3436,-1.9293,-1.9293,-2.2436,3.3898,3.3898
20250326,1268,漢來美食,TPEx,152.0,153.0,151.0,152.0,44000.0,6674500.0,TPEX_OTC_QUOTES_NO1430_JSON,data/daily_price/daily_price_20250326.csv,152.0,152.225,151.3083,151.425,151.9797,-0.3279,0.6623,0.0,2.0134,1.3333,43050.0,1.0221,155.5,155.5,156.0,150.0,147.5,147.5,-0.1478,0.4571,0.3797,0.0134,-2.2508,-2.2508,-2.5641,3.0508,3.0508
20250327,1268,漢來美食,TPEx,152.0,152.0,152.0,152.0,3000.0,456000.0,TPEX_OTC_QUOTES_NO1430_JSON,data/daily_price/daily_price_20250327.csv,152.2,152.2,151.3667,151.4375,151.9814,0.0,0.6623,-0.3279,2.3569,0.9967,42050.0,0.0713,155.5,155.5,156.0,150.0,147.5,147.5,-0.1314,0.4184,0.3714,0.0123,-2.2508,-2.2508,-2.5641,3.0508,3.0508
20250328,1268,漢來美食,TPEx,151.5,151.5,150.0,150.5,70000.0,10516500.0,TPEX_OTC_QUOTES_NO1430_JSON,data/daily_price/daily_price_20250328.csv,152.1,152.025,151.375,151.4417,151.8579,-0.9868,-0.3311,-2.2727,0.3333,0.3333,40550.0,1.7263,154.5,155.5,156.0,150.0,147.5,147.5,-1.0031,-0.578,-0.6218,-0.8942,-2.589,-3.2154,-3.5256,2.0339,2.0339
20250331,1268,漢來美食,TPEx,149.0,149.0,147.5,147.5,37000.0,5478500.0,TPEX_OTC_QUOTES_NO1430_JSON,data/daily_price/daily_price_20250331.csv,150.9,151.75,151.3417,151.4167,151.4948,-1.9934,-3.9088,-3.5948,-1.3378,-1.9934,37350.0,0.9906,154.5,155.5,156.0,147.5,147.5,147.5,-2.8007,-2.5384,-2.5867,-2.6369,-4.5307,-5.1447,-5.4487,0.0,0.0
20250401,1268,漢來美食,TPEx,150.0,150.0,148.5,148.5,18000.0,2678500.0,TPEX_OTC_QUOTES_NO1430_JSON,data/daily_price/daily_price_20250401.csv,150.1,151.5,151.3167,151.4,151.2452,0.678,-2.623,-3.2573,-1.0,-1.3289,34950.0,0.515,154.5,155.5,156.0,147.5,147.5,147.5,-1.9802,-1.8614,-1.9155,-1.8151,-3.8835,-4.5016,-4.8077,0.678,0.678
20250402,1268,漢來美食,TPEx,149.5,149.5,148.0,148.5,18000.0,2675000.0,TPEX_OTC_QUOTES_NO1430_JSON,data/daily_price/daily_price_20250402.csv,149.4,151.275,151.3083,151.3833,151.0164,0.0,-2.3026,-2.9412,-0.3356,-1.3289,32650.0,0.5513,154.5,155.5,156.0,147.5,147.5,147.5,-1.8344,-1.856,-1.9047,-1.6663,-3.8835,-4.5016,-4.8077,0.678,0.678
20250407,1268,漢來美食,otc,168.0,168.5,167.5,168.5,22839.0,3837251.0,,data/daily_price/20250407.csv,152.7,152.0,151.6417,151.5333,152.4734,13.468,10.8553,9.4156,13.468,11.9601,28441.95,0.803,168.5,168.5,168.5,147.5,147.5,147.5,10.8553,11.1172,11.1967,10.5111,0.0,0.0,0.0,14.2373,14.2373
20251103,1268,漢來美食,TPEX,160.0,161.0,160.0,160.0,26000.0,,,data/daily_price/20251103.csv,154.6,152.35,151.8,151.6083,153.1006,-5.0445,6.3123,4.5752,6.3123,5.9603,27941.95,0.9305,168.5,168.5,168.5,147.5,147.5,147.5,5.0213,5.4018,5.5351,4.5064,-5.0445,-5.0445,-5.0445,8.4746,8.4746
20251104,1268,漢來美食,TPEX,160.0,162.0,160.0,160.5,43000.0,,,data/daily_price/20251104.csv,157.2,152.7,151.9583,151.6958,153.7172,0.3125,8.8136,4.5603,6.2914,7.0,27641.95,1.5556,168.5,168.5,168.5,147.5,147.5,147.5,5.1081,5.6211,5.8038,4.4125,-4.7478,-4.7478,-4.7478,8.8136,8.8136
20251105,1268,漢來美食,TPEX,159.5,160.0,158.5,160.0,30000.0,,,data/daily_price/20251105.csv,159.5,153.175,152.1417,151.775,154.2408,-0.3115,7.7441,6.3123,7.3826,6.3123,24141.95,1.2427,168.5,168.5,168.5,147.5,147.5,147.5,4.4557,5.1651,5.4192,3.7339,-5.0445,-5.0445,-5.0445,8.4746,8.4746
20251106,1268,漢來美食,TPEX,161.0,164.0,161.0,164.0,72000.0,,,data/daily_price/20251106.csv,162.6,153.8,152.3917,151.8958,155.0541,2.5,10.4377,8.2508,10.0671,9.699,26691.95,2.6974,168.5,168.5,168.5,147.5,147.5,147.5,6.632,7.6174,7.9687,5.7696,-2.6706,-2.6706,-2.6706,11.1864,11.1864
20251107,1268,漢來美食,TPEX,162.5,163.0,161.0,163.0,57000.0,,,data/daily_price/20251107.csv,161.5,154.425,152.6167,152.0042,155.7162,-0.6098,-3.2641,8.3056,9.0301,8.6667,28091.95,2.0291,168.5,168.5,168.5,147.5,147.5,147.5,5.5529,6.8035,7.2339,4.6776,-3.2641,-3.2641,-3.2641,10.5085,10.5085
20251110,1268,漢來美食,TPEX,163.0,163.0,159.5,160.0,55000.0,,,data/daily_price/20251110.csv,161.5,154.875,152.8083,152.0667,156.0732,-1.8405,0.0,5.9603,7.7441,4.918,30241.95,1.8187,168.5,168.5,168.5,147.5,147.5,147.5,3.3091,4.7063,5.217,2.516,-5.0445,-5.0445,-5.0445,8.4746,8.4746
20251111,1268,漢來美食,TPEX,160.0,160.0,159.0,159.0,11000.0,,,data/daily_price/20251111.csv,161.2,155.25,152.975,152.1292,156.3171,-0.625,-0.9346,4.9505,6.7114,4.9505,30291.95,0.3631,168.5,168.5,168.5,147.5,147.5,147.5,2.4155,3.9386,4.5164,1.7163,-5.638,-5.638,-5.638,7.7966,7.7966
20251112,1268,漢來美食,TPEX,160.0,160.0,158.0,158.5,54000.0,,,data/daily_price/20251112.csv,160.9,155.575,153.1167,152.1792,156.499,-0.3145,-0.9375,4.2763,5.6667,3.9344,32591.95,1.6569,168.5,168.5,168.5,147.5,147.5,147.5,1.8801,3.5158,4.1535,1.2786,-5.9347,-5.9347,-5.9347,7.4576,7.4576
20251113,1268,漢來美食,TPEX,158.0,159.5,158.0,158.0,27000.0,,,data/daily_price/20251113.csv,159.7,155.925,153.275,152.2208,156.6241,-0.3155,-3.6585,4.6358,6.3973,3.268,33441.95,0.8074,168.5,168.5,168.5,147.5,147.5,147.5,1.3308,3.0827,3.7966,0.8785,-6.2315,-6.2315,-6.2315,7.1186,7.1186
20251114,1268,漢來美食,TPEX,157.0,159.0,157.0,157.5,22000.0,,,data/daily_price/20251114.csv,158.6,156.25,153.4417,152.2417,156.6971,-0.3165,-3.3742,4.3046,6.7797,1.6129,33641.95,0.6539,168.5,168.5,168.5,147.5,147.5,147.5,0.8,2.6449,3.4539,0.5124,-6.5282,-6.5282,-6.5282,6.7797,6.7797
20251117,1268,漢來美食,TPEX,158.5,159.0,156.0,157.5,68000.0,,,data/daily_price/20251117.csv,158.1,156.575,153.6083,152.2667,156.764,0.0,-1.5625,4.3046,6.7797,1.9417,36441.95,1.866,168.5,168.5,168.5,147.5,147.5,147.5,0.5908,2.5335,3.437,0.4695,-6.5282,-6.5282,-6.5282,6.7797,6.7797
20251118,1268,漢來美食,TPEX,157.0,158.0,155.5,157.5,49000.0,,,data/daily_price/20251118.csv,157.8,156.775,153.725,152.2875,156.8253,0.0,-0.9434,2.6059,4.6512,1.6129,37291.95,1.314,168.5,168.5,168.5,147.5,147.5,147.5,0.4624,2.4557,3.4228,0.4302,-6.5282,-6.5282,-6.5282,6.7797,6.7797
20251119,1268,漢來美食,TPEX,158.0,158.5,156.0,156.0,27000.0,,,data/daily_price/20251119.csv,157.3,156.95,153.8333,152.2958,156.7566,-0.9524,-1.5773,2.2951,4.3478,0.6452,37691.95,0.7163,168.5,168.5,168.5,147.5,147.5,147.5,-0.6053,1.4085,2.4322,-0.4826,-7.4184,-7.4184,-7.4184,5.7627,5.7627
20251120,1268,漢來美食,TPEX,158.0,158.0,157.0,157.0,18000.0,,,data/daily_price/20251120.csv,157.1,157.2,153.9167,152.3125,156.7768,0.641,-0.6329,3.2895,3.2895,1.2903,36391.95,0.4946,168.5,168.5,168.5,147.5,147.5,147.5,-0.1272,2.0032,3.0776,0.1423,-6.8249,-6.8249,-6.8249,6.4407,6.4407
20251121,1268,漢來美食,TPEX,156.5,157.0,156.5,156.5,7000.0,,,data/daily_price/20251121.csv,156.9,157.425,153.9917,152.325,156.7538,-0.3185,-0.6349,2.9605,2.9605,0.9677,36591.95,0.1913,168.5,168.5,168.5,147.5,147.5,147.5,-0.5876,1.6289,2.7409,-0.1619,-7.1217,-7.1217,-7.1217,6.1017,6.1017
20251124,1268,漢來美食,TPEX,156.5,158.0,156.5,157.0,44000.0,,,data/daily_price/20251124.csv,156.8,157.75,154.075,152.3458,156.7743,0.3195,-0.3175,4.3189,3.2895,1.6181,35291.95,1.2467,168.5,168.5,168.5,147.5,147.5,147.5,-0.4754,1.8984,3.055,0.144,-6.8249,-6.8249,-6.8249,6.4407,6.4407
20251125,1268,漢來美食,TPEX,157.0,158.0,156.5,158.0,47000.0,,,data/daily_price/20251125.csv,156.9,158.275,154.1667,152.3708,156.8764,0.6369,0.3175,7.1186,3.6066,1.9355,35791.95,1.3131,168.5,168.5,168.5,148.0,147.5,147.5,-0.1737,2.4865,3.6944,0.7162,-6.2315,-6.2315,-6.2315,7.1186,7.1186
20251126,1268,漢來美食,TPEX,158.5,159.0,157.5,158.0,15000.0,,,data/daily_price/20251126.csv,157.3,158.75,154.2583,152.4,156.9701,0.0,1.2821,6.3973,3.6066,2.2654,35641.95,0.4209,168.5,168.5,168.5,148.0,147.5,147.5,-0.4724,2.4256,3.6745,0.6561,-6.2315,-6.2315,-6.2315,7.1186,7.1186
20251127,1268,漢來美食,TPEX,158.0,158.0,157.5,157.5,8000.0,,,data/daily_price/20251127.csv,157.4,159.2,154.3583,152.4292,157.0142,-0.3165,0.3185,6.0606,3.9604,2.2727,35141.95,0.2276,168.5,168.5,168.5,155.5,147.5,147.5,-1.0678,2.0353,3.3267,0.3094,-6.5282,-6.5282,-6.5282,6.7797,6.7797
20251128,1268,漢來美食,TPEX,158.0,159.0,157.5,158.0,15000.0,,,data/daily_price/20251128.csv,157.7,158.675,154.4667,152.4667,157.0964,0.3175,0.9585,-6.2315,4.2904,2.9316,34750.0,0.4317,164.0,168.5,168.5,155.5,147.5,147.5,-0.4254,2.2874,3.6292,0.5752,-3.6585,-6.2315,-6.2315,7.1186,7.1186
20251201,1268,漢來美食,TPEX,157.5,159.0,157.5,158.5,33000.0,,,data/daily_price/20251201.csv,158.0,158.6,154.5667,152.5083,157.2133,0.3165,0.9554,-0.9375,3.9344,3.2573,35100.0,0.9402,164.0,168.5,168.5,155.5,147.5,147.5,-0.0631,2.5447,3.9287,0.8184,-3.3537,-5.9347,-5.9347,7.4576,7.4576
20251202,1268,漢來美食,TPEX,159.0,159.5,158.5,159.0,21000.0,,,data/daily_price/20251202.csv,158.2,158.525,154.65,152.5542,157.3622,0.3155,0.6329,-0.9346,3.2468,3.5831,34000.0,0.6176,164.0,168.5,168.5,155.5,147.5,147.5,0.2996,2.8128,4.2253,1.0408,-3.0488,-5.638,-5.638,7.7966,7.7966
20251203,1268,漢來美食,TPEX,159.5,159.5,158.0,158.5,12000.0,,,data/daily_price/20251203.csv,158.3,158.45,154.7333,152.5958,157.457,-0.3145,0.3165,-0.9375,3.2573,3.2573,33100.0,0.3625,164.0,168.5,168.5,155.5,147.5,147.5,0.0316,2.4343,3.8692,0.6624,-3.3537,-5.9347,-5.9347,7.4576,7.4576
20251204,1268,漢來美食,TPEX,159.0,159.5,158.0,158.0,12000.0,,,data/daily_price/20251204.csv,158.4,158.15,154.8083,152.6208,157.5023,-0.3155,0.3175,-3.6585,2.9316,1.9355,30100.0,0.3987,163.0,168.5,168.5,155.5,147.5,147.5,-0.0948,2.0617,3.5245,0.316,-3.0675,-6.2315,-6.2315,7.1186,7.1186
20251205,1268,漢來美食,TPEX,159.0,159.0,157.5,158.0,16000.0,,,data/daily_price/20251205.csv,158.4,157.9,154.9,152.6625,157.5438,0.0,0.0,-3.0675,3.6066,3.268,28050.0,0.5704,163.0,168.5,168.5,155.5,147.5,147.5,0.0633,2.0013,3.4963,0.2896,-3.0675,-6.2315,-6.2315,7.1186,7.1186
20251208,1268,漢來美食,TPEX,158.0,159.0,158.0,159.0,36000.0,,,data/daily_price/20251208.csv,158.5,157.85,155.0167,152.7083,157.6651,0.6329,0.3155,-0.625,4.6053,3.5831,27100.0,1.3284,160.0,168.5,168.5,155.5,147.5,147.5,0.7285,2.5696,4.1201,0.8467,-0.625,-5.638,-5.638,7.7966,7.7966
20251209,1268,漢來美食,TPEX,159.5,159.5,159.0,159.0,26000.0,,,data/daily_price/20251209.csv,158.5,157.85,155.125,152.7625,157.7764,0.0,0.0,0.0,4.2623,4.2623,27850.0,0.9336,160.0,168.5,168.5,155.5,147.5,147.5,0.7285,2.498,4.0831,0.7756,-0.625,-5.638,-5.638,7.7966,7.7966
20251210,1268,漢來美食,TPEX,158.0,159.0,158.0,159.0,9000.0,,,data/daily_price/20251210.csv,158.6,157.875,155.2333,152.8208,157.8783,0.0,0.3155,0.3155,4.2623,4.6053,25600.0,0.3516,159.5,168.5,168.5,155.5,147.5,147.5,0.7126,2.4265,4.0434,0.7105,-0.3135,-5.638,-5.638,7.7966,7.7966
20251211,1268,漢來美食,TPEX,159.0,159.5,158.0,158.5,29000.0,,,data/daily_price/20251211.csv,158.7,157.9,155.35,152.8833,157.9301,-0.3145,0.3165,0.3165,4.6205,4.9669,25700.0,1.1284,159.5,168.5,168.5,155.5,147.5,147.5,0.38,2.0277,3.6738,0.3608,-0.627,-5.9347,-5.9347,7.4576,7.4576
20251212,1268,漢來美食,TPEX,159.5,159.5,157.5,158.0,41000.0,,,data/daily_price/20251212.csv,158.7,157.925,155.4667,152.9458,157.936,-0.3155,0.0,0.3175,4.6358,4.9834,26650.0,1.5385,159.5,168.5,168.5,155.5,147.5,147.5,0.0475,1.6295,3.3045,0.0406,-0.9404,-6.2315,-6.2315,7.1186,7.1186
20251215,1268,漢來美食,TPEX,157.0,159.5,157.0,159.0,21000.0,,,data/daily_price/20251215.csv,158.7,158.0,155.5833,153.0208,158.0246,0.6329,0.0,0.9524,4.6053,6.0,24300.0,0.8642,159.5,168.5,168.5,155.5,147.5,147.5,0.6329,2.196,3.9074,0.6172,-0.3135,-5.638,-5.638,7.7966,7.7966
20251216,1268,漢來美食,TPEX,158.0,160.0,157.5,160.0,32000.0,,,data/daily_price/20251216.csv,158.9,158.125,155.7083,153.1042,158.1892,0.6289,0.6289,1.5873,4.918,6.6667,23450.0,1.3646,160.0,168.5,168.5,156.0,147.5,147.5,1.1858,2.7562,4.504,1.1447,0.0,-5.0445,-5.0445,8.4746,8.4746
20251217,1268,漢來美食,TPEX,159.5,160.5,159.5,160.0,22000.0,,,data/daily_price/20251217.csv,159.1,158.325,155.8333,153.1792,158.3401,0.0,0.6289,2.5641,4.918,5.9603,23200.0,0.9483,160.5,168.5,168.5,156.5,147.5,147.5,1.058,2.6738,4.4528,1.0483,-0.3115,-5.0445,-5.0445,8.4746,8.4746
20251218,1268,漢來美食,TPEX,160.5,160.5,158.5,159.0,10000.0,,,data/daily_price/20251218.csv,159.2,158.425,155.95,153.25,158.3951,-0.625,0.3155,1.2739,4.6053,5.6478,22800.0,0.4386,160.5,168.5,168.5,156.5,147.5,147.5,0.3629,1.9558,3.752,0.3819,-0.9346,-5.638,-5.638,7.7966,7.7966
20251219,1268,漢來美食,TPEX,159.0,159.5,159.0,159.0,6000.0,,,data/daily_price/20251219.csv,159.4,158.55,156.0583,153.3167,158.4455,0.0,0.6329,1.5974,4.2623,5.298,22750.0,0.2637,160.5,168.5,168.5,156.5,147.5,147.5,0.2838,1.885,3.7069,0.3499,-0.9346,-5.638,-5.638,7.7966,7.7966
20251222,1268,漢來美食,TPEX,159.0,159.5,159.0,159.0,8000.0,,,data/daily_price/20251222.csv,159.4,158.65,156.1417,153.3833,158.4917,0.0,0.0,1.2739,3.2468,5.298,20950.0,0.3819,160.5,168.5,168.5,156.5,147.5,147.5,0.2206,1.8306,3.6618,0.3207,-0.9346,-5.638,-5.638,7.7966,7.7966
20251223,1268,漢來美食,TPEX,159.0,159.0,158.5,158.5,24000.0,,,data/daily_price/20251223.csv,159.1,158.675,156.2333,153.45,158.4924,-0.3145,-0.9375,0.3165,3.5948,5.3156,19800.0,1.2121,160.5,168.5,168.5,157.0,147.5,147.5,-0.1103,1.4508,3.291,0.0048,-1.2461,-5.9347,-5.9347,7.4576,7.4576
20251224,1268,漢來美食,TPEX,159.0,160.0,158.5,159.5,44000.0,,,data/daily_price/20251224.csv,159.0,158.75,156.3333,153.5375,158.5764,0.6309,-0.3125,0.9494,3.9088,7.047,21250.0,2.0706,160.5,168.5,168.5,157.0,147.5,147.5,0.4724,2.0256,3.8834,0.5824,-0.6231,-5.3412,-5.3412,8.1356,8.1356
20251226,1268,漢來美食,TPEX,159.0,159.5,158.5,159.5,18000.0,,,data/daily_price/20251226.csv,159.1,158.85,156.4417,153.625,158.6534,0.0,0.3145,1.2698,4.2484,7.047,21750.0,0.8276,160.5,168.5,168.5,157.0,147.5,147.5,0.4092,1.9549,3.8242,0.5336,-0.6231,-5.3412,-5.3412,8.1356,8.1356
20251229,1268,漢來美食,TPEX,158.5,159.5,158.5,159.0,13000.0,,,data/daily_price/20251229.csv,159.1,158.9,156.525,153.7083,158.6822,-0.3135,0.0,0.6329,3.2468,6.7114,21650.0,0.6005,160.5,168.5,168.5,157.0,147.5,147.5,0.0629,1.5812,3.4427,0.2002,-0.9346,-5.638,-5.638,7.7966,7.7966
20251230,1268,漢來美食,TPEX,159.5,159.5,158.5,158.5,11000.0,,,data/daily_price/20251230.csv,159.0,158.9,156.6167,153.7833,158.6671,-0.3145,-0.3145,0.0,3.5948,6.0201,20550.0,0.5353,160.5,168.5,168.5,157.0,147.5,147.5,-0.2517,1.2025,3.0671,-0.1053,-1.2461,-5.9347,-5.9347,7.4576,7.4576
20251231,1268,漢來美食,TPEX,159.0,159.5,158.5,159.5,35000.0,,,data/daily_price/20251231.csv,159.2,158.925,156.7167,153.8625,158.7365,0.6309,0.6309,0.3145,3.9088,6.3333,21250.0,1.6471,160.5,168.5,168.5,157.0,147.5,147.5,0.3618,1.776,3.664,0.481,-0.6231,-5.3412,-5.3412,8.1356,8.1356
20260102,1268,漢來美食,TPEX,159.0,160.5,159.0,160.0,32000.0,,,data/daily_price/20260102.csv,159.3,159.0,156.875,153.9458,158.8418,0.3135,0.3135,0.9464,6.3123,6.6667,22250.0,1.4382,160.5,168.5,168.5,157.0,147.5,147.5,0.6289,1.992,3.9327,0.7292,-0.3115,-5.0445,-5.0445,8.4746,8.4746
20260105,1268,漢來美食,TPEX,160.5,160.5,159.0,159.0,11000.0,,,data/daily_price/20260105.csv,159.2,159.05,157.0,154.0208,158.855,-0.625,-0.3135,0.6329,4.9505,6.0,22200.0,0.4955,160.5,168.5,168.5,157.0,147.5,147.5,-0.0314,1.2739,3.2328,0.0913,-0.9346,-5.638,-5.638,7.7966,7.7966
20260106,1268,漢來美食,TPEX,159.0,160.0,158.5,158.5,32000.0,,,data/daily_price/20260106.csv,159.1,159.075,157.1333,154.0917,158.8254,-0.3145,-0.3145,0.3165,5.3156,5.6667,23000.0,1.3913,160.5,168.5,168.5,157.0,147.5,147.5,-0.3615,0.8697,2.8609,-0.2049,-1.2461,-5.9347,-5.9347,7.4576,7.4576
20260107,1268,漢來美食,TPEX,158.5,158.5,158.5,158.5,20000.0,,,data/daily_price/20260107.csv,159.1,159.05,157.2583,154.1583,158.7983,0.0,0.0,-0.3145,4.9669,5.3156,22200.0,0.9009,160.5,168.5,168.5,157.0,147.5,147.5,-0.3458,0.7896,2.8164,-0.1878,-1.2461,-5.9347,-5.9347,7.4576,7.4576
20260108,1268,漢來美食,TPEX,158.5,159.0,158.0,158.5,9000.0,,,data/daily_price/20260108.csv,158.9,159.025,157.375,154.225,158.7734,0.0,-0.627,-0.3145,4.6205,5.3156,21350.0,0.4215,160.5,168.5,168.5,157.0,147.5,147.5,-0.3301,0.7149,2.7719,-0.1722,-1.2461,-5.9347,-5.9347,7.4576,7.4576
20260109,1268,漢來美食,TPEX,158.5,159.5,158.0,159.5,20000.0,,,data/daily_price/20260109.csv,158.8,159.05,157.5,154.3,158.834,0.6309,-0.3125,0.3145,4.9342,5.9801,21900.0,0.9132,160.5,168.5,168.5,157.0,147.5,147.5,0.2829,1.2698,3.3701,0.4193,-0.6231,-5.3412,-5.3412,8.1356,8.1356
20260112,1268,漢來美食,TPEX,158.5,161.0,158.0,161.0,73000.0,,,data/daily_price/20260112.csv,159.2,159.175,157.6667,154.3875,159.0145,0.9404,1.2579,1.5773,6.6225,6.9767,24100.0,3.029,161.0,168.5,168.5,157.0,147.5,147.5,1.1465,2.1142,4.2831,1.2487,0.0,-4.451,-4.451,9.1525,9.1525
20260113,1268,漢來美食,TPEX,160.0,162.0,160.0,161.5,52000.0,,,data/daily_price/20260113.csv,159.8,159.35,157.8417,154.4833,159.2216,0.3106,1.8927,2.2152,6.9536,7.6667,24650.0,2.1095,162.0,168.5,168.5,157.0,147.5,147.5,1.3492,2.3177,4.542,1.431,-0.3086,-4.1543,-4.1543,9.4915,9.4915
20260114,1268,漢來美食,TPEX,160.5,163.5,160.5,163.0,76000.0,,,data/daily_price/20260114.csv,160.7,159.55,158.0417,154.5917,159.5365,0.9288,2.8391,2.5157,7.947,8.6667,27400.0,2.7737,163.5,168.5,168.5,157.5,147.5,147.5,2.1623,3.1374,5.4391,2.171,-0.3058,-3.2641,-3.2641,10.5085,10.5085
20260115,1268,漢來美食,TPEX,161.5,163.0,161.0,162.0,85000.0,,,data/daily_price/20260115.csv,161.4,159.65,158.1833,154.6958,159.7417,-0.6135,2.2082,1.25,5.5375,8.3612,30050.0,2.8286,163.5,168.5,168.5,158.0,147.5,147.5,1.472,2.4128,4.7216,1.4137,-0.9174,-3.8576,-3.8576,9.8305,9.8305
20260116,1268,漢來美食,TPEX,162.5,162.5,160.5,162.5,54000.0,,,data/daily_price/20260116.csv,162.0,159.775,158.35,154.8042,159.9716,0.3086,1.8809,1.5625,6.5574,8.6957,31650.0,1.7062,163.5,168.5,168.5,158.0,147.5,147.5,1.7055,2.6208,4.9713,1.5805,-0.6116,-3.5608,-3.5608,10.1695,10.1695
20260119,1268,漢來美食,TPEX,161.5,163.0,161.5,162.5,31000.0,,,data/daily_price/20260119.csv,162.3,159.95,158.525,154.9167,160.1823,0.0,0.9317,2.2013,6.9079,9.0604,32700.0,0.948,163.5,168.5,168.5,158.0,147.5,147.5,1.5942,2.5075,4.8951,1.4469,-0.6116,-3.5608,-3.5608,10.1695,10.1695
20260120,1268,漢來美食,TPEX,162.5,163.0,161.5,162.5,68000.0,,,data/daily_price/20260120.csv,162.5,160.125,158.7,155.0333,160.3754,0.0,0.6192,2.2013,6.9079,9.4276,35800.0,1.8994,163.5,168.5,168.5,158.0,147.5,147.5,1.4832,2.3945,4.8162,1.3247,-0.6116,-3.5608,-3.5608,10.1695,10.1695
20260121,1268,漢來美食,TPEX,163.0,163.0,161.5,161.5,27000.0,,,data/daily_price/20260121.csv,162.2,160.25,158.8833,155.1292,160.4692,-0.6154,-0.9202,1.5723,7.309,7.6667,36750.0,0.7347,163.5,168.5,168.5,158.0,147.5,147.5,0.78,1.6469,4.1068,0.6424,-1.2232,-4.1543,-4.1543,9.4915,9.4915
20260122,1268,漢來美食,TPEX,161.5,162.5,161.0,162.5,36000.0,,,data/daily_price/20260122.csv,162.3,160.45,159.1333,155.2375,160.6384,0.6192,0.3086,2.5237,10.1695,8.6957,37350.0,0.9639,163.5,168.5,168.5,158.0,148.0,147.5,1.2777,2.1156,4.6783,1.1589,-0.6116,-3.5608,-3.5608,9.7973,10.1695
20260123,1268,漢來美食,TPEX,161.5,161.5,161.5,161.5,3000.0,,,data/daily_price/20260123.csv,162.1,160.55,159.35,155.3333,160.7102,-0.6154,-0.6154,1.2539,8.7542,7.6667,35300.0,0.085,163.5,168.5,168.5,158.0,148.0,147.5,0.5917,1.3492,3.97,0.4914,-1.2232,-4.1543,-4.1543,9.1216,9.4915
20260126,1268,漢來美食,TPEX,161.5,161.5,161.0,161.5,16000.0,,,data/daily_price/20260126.csv,161.9,160.65,159.5667,155.4375,160.776,0.0,-0.6154,1.2539,8.7542,8.3893,35200.0,0.4545,163.5,168.5,168.5,158.0,155.5,147.5,0.5291,1.2116,3.9003,0.4503,-1.2232,-4.1543,-4.1543,3.8585,9.4915
20260127,1268,漢來美食,TPEX,162.5,162.5,160.5,162.0,37000.0,,,data/daily_price/20260127.csv,161.8,160.8,159.4583,155.55,160.878,0.3096,-0.3077,1.8868,-3.8576,9.0909,36400.0,1.0165,163.5,164.0,168.5,158.0,155.5,147.5,0.7463,1.5939,4.1466,0.6974,-0.9174,-1.2195,-3.8576,4.1801,9.8305
20260128,1268,漢來美食,TPEX,161.0,162.0,160.5,160.5,15000.0,,,data/daily_price/20260128.csv,161.6,160.9,159.4667,155.6333,160.8465,-0.9259,-0.6192,1.2618,0.3125,6.6445,36600.0,0.4098,163.5,164.0,168.5,158.0,155.5,147.5,-0.2486,0.648,3.127,-0.2154,-1.8349,-2.1341,-4.7478,3.2154,8.8136
20260129,1268,漢來美食,TPEX,160.0,160.5,158.5,159.5,12000.0,,,data/daily_price/20260129.csv,161.0,160.9,159.45,155.7042,160.7343,-0.6231,-1.8462,0.0,-0.6231,5.6291,35450.0,0.3385,163.5,164.0,168.5,158.0,155.5,147.5,-0.8701,0.0314,2.4378,-0.7679,-2.4465,-2.7439,-5.3412,2.5723,8.1356
20260130,1268,漢來美食,TPEX,159.0,159.5,158.0,158.0,42000.0,,,data/daily_price/20260130.csv,160.3,160.8,159.4167,155.7792,160.5064,-0.9404,-2.1672,-1.25,-1.25,6.0403,35950.0,1.1683,163.5,164.0,168.5,158.0,155.5,147.5,-1.7413,-0.8887,1.4256,-1.5616,-3.3639,-3.6585,-6.2315,1.6077,7.1186
20260202,1268,漢來美食,TPEX,158.0,158.5,157.0,158.0,21000.0,,,data/daily_price/20260202.csv,159.6,160.75,159.3167,155.8542,160.2976,0.0,-2.1672,-0.6289,-3.6585,6.0403,36450.0,0.5761,163.5,163.5,168.5,157.0,155.5,147.5,-1.7107,-0.8264,1.3768,-1.4333,-3.3639,-3.3639,-6.2315,1.6077,7.1186
20260203,1268,漢來美食,TPEX,158.5,159.5,158.0,159.5,38000.0,,,data/daily_price/20260203.csv,159.1,160.8,159.2583,155.9375,160.2311,0.9494,-1.5432,0.6309,-2.1472,6.689,36750.0,1.034,163.5,163.5,168.5,157.0,155.5,147.5,-0.8085,0.1517,2.2846,-0.4563,-2.4465,-2.4465,-5.3412,2.5723,8.1356
20260204,1268,漢來美食,TPEX,160.0,160.0,159.0,159.5,10000.0,,,data/daily_price/20260204.csv,158.9,160.85,159.25,156.0292,160.1702,0.0,-0.6231,0.6309,-0.3125,7.4074,36250.0,0.2759,163.5,163.5,168.5,157.0,155.5,147.5,-0.8393,0.157,2.2245,-0.4184,-2.4465,-2.4465,-5.3412,2.5723,8.1356
20260205,1268,漢來美食,TPEX,159.5,161.0,158.5,161.0,35000.0,,,data/daily_price/20260205.csv,159.2,160.975,159.2833,156.1292,160.2393,0.9404,0.9404,1.5773,1.2579,8.0537,37550.0,0.9321,163.5,163.5,168.5,157.0,155.5,147.5,0.0155,1.0777,3.1197,0.4747,-1.5291,-1.5291,-4.451,3.537,9.1525
20260206,1268,漢來美食,TPEX,161.0,161.5,159.0,161.0,31000.0,,,data/daily_price/20260206.csv,159.8,161.05,159.325,156.2208,160.3027,0.0,1.8987,0.9404,1.5773,7.3333,38100.0,0.8136,163.5,163.5,168.5,157.0,155.5,147.5,-0.031,1.0513,3.0592,0.435,-1.5291,-1.5291,-4.451,3.537,9.1525
20260209,1268,漢來美食,TPEX,162.0,162.0,160.5,161.5,12000.0,,,data/daily_price/20260209.csv,160.5,161.075,159.3833,156.3292,160.4025,0.3106,2.2152,0.3106,2.2152,8.7542,35050.0,0.3424,163.5,163.5,168.5,157.0,155.5,147.5,0.2639,1.328,3.3077,0.6842,-1.2232,-1.2232,-4.1543,3.8585,9.4915
20260210,1268,漢來美食,TPEX,162.0,162.5,160.5,161.5,22000.0,,,data/daily_price/20260210.csv,160.9,161.075,159.45,156.4458,160.494,0.0,1.2539,0.0,2.5397,9.4915,33550.0,0.6557,163.5,163.5,168.5,157.0,155.5,147.5,0.2639,1.2857,3.2306,0.6268,-1.2232,-1.2232,-4.1543,3.8585,9.4915
20260211,1268,漢來美食,TPEX,160.0,162.0,160.0,161.0,38000.0,,,data/daily_price/20260211.csv,161.2,160.975,159.5083,156.5583,160.5361,-0.3096,0.9404,-1.227,2.2222,9.1525,31650.0,1.2006,163.0,163.5,168.5,157.0,155.5,147.5,0.0155,0.9352,2.8371,0.289,-1.227,-1.5291,-4.451,3.537,9.1525
20260223,1268,漢來美食,TPEX,162.0,162.5,161.0,161.5,29000.0,,,data/daily_price/20260223.csv,161.3,160.95,159.575,156.65,160.6164,0.3106,0.3106,-0.3086,2.5397,7.309,28850.0,1.0052,163.0,163.5,168.5,157.0,156.0,147.5,0.3417,1.2063,3.0961,0.5501,-0.9202,-1.2232,-4.1543,3.5256,9.4915
20260224,1268,漢來美食,TPEX,160.0,161.5,160.0,161.5,23000.0,,,data/daily_price/20260224.csv,161.4,160.9,159.6667,156.75,160.6901,0.0,0.3106,-0.6154,3.5256,8.0268,27300.0,0.8425,163.0,163.5,168.5,157.0,156.5,147.5,0.3729,1.1482,3.0303,0.504,-0.9202,-1.2232,-4.1543,3.1949,9.4915
20260225,1268,漢來美食,TPEX,162.0,162.0,160.0,160.0,22000.0,,,data/daily_price/20260225.csv,161.1,160.775,159.7167,156.8167,160.6326,-0.9288,-0.9288,-1.5385,1.9108,5.2632,26850.0,0.8194,163.0,163.5,168.5,157.0,156.5,147.5,-0.482,0.1774,2.03,-0.3938,-1.8405,-2.1407,-5.0445,2.2364,8.4746
20260226,1268,漢來美食,TPEX,161.5,162.0,160.5,160.5,14000.0,,,data/daily_price/20260226.csv,160.9,160.675,159.7833,156.8875,160.6215,0.3125,-0.6192,-1.2308,2.5559,5.5921,24150.0,0.5797,163.0,163.5,168.5,157.0,156.5,147.5,-0.1089,0.4485,2.3026,-0.0757,-1.5337,-1.8349,-4.7478,2.5559,8.8136
20260302,1268,漢來美食,TPEX,160.0,160.5,160.0,160.5,20000.0,,,data/daily_price/20260302.csv,160.8,160.625,159.8417,156.9583,160.6114,0.0,-0.3106,-0.6192,2.2293,5.5921,23800.0,0.8403,162.5,163.5,168.5,157.0,156.5,147.5,-0.0778,0.4119,2.2564,-0.0694,-1.2308,-1.8349,-4.7478,2.5559,8.8136
20260303,1268,漢來美食,TPEX,159.5,161.5,159.5,160.5,21000.0,,,data/daily_price/20260303.csv,160.6,160.525,159.8833,157.025,160.6021,0.0,-0.6192,-1.2308,1.5823,5.2459,23050.0,0.9111,162.5,163.5,168.5,157.0,157.0,147.5,-0.0156,0.3857,2.213,-0.0636,-1.2308,-1.8349,-4.7478,2.2293,8.8136
20260304,1268,漢來美食,TPEX,159.5,159.5,157.0,159.5,68000.0,,,data/daily_price/20260304.csv,160.2,160.425,159.9083,157.0833,160.5103,-0.6231,-1.2384,-1.2384,0.9494,4.5902,26300.0,2.5856,162.5,163.5,168.5,157.0,157.0,147.5,-0.5766,-0.2554,1.5385,-0.6294,-1.8462,-2.4465,-5.3412,1.5924,8.1356
20260305,1268,漢來美食,TPEX,159.5,161.5,159.5,159.5,31000.0,,,data/daily_price/20260305.csv,160.1,160.325,159.9417,157.15,160.4261,0.0,-0.3125,-1.2384,1.2698,5.2805,27050.0,1.146,162.5,163.5,168.5,157.0,157.0,147.5,-0.5146,-0.2761,1.4954,-0.5773,-1.8462,-2.4465,-5.3412,1.5924,8.1356
20260306,1268,漢來美食,TPEX,161.5,162.5,161.0,161.5,45000.0,,,data/daily_price/20260306.csv,160.3,160.3,160.0,157.2333,160.5156,1.2539,0.6231,-0.3086,2.2152,6.6007,27450.0,1.6393,162.5,163.5,168.5,157.0,157.0,147.5,0.7486,0.9375,2.7136,0.6133,-0.6154,-1.2232,-4.1543,2.8662,9.4915
20260309,1268,漢來美食,TPEX,158.0,158.5,155.5,158.0,76000.0,,,data/daily_price/20260309.csv,159.8,160.175,159.9917,157.2792,160.3059,-2.1672,-1.5576,-1.5576,-0.3155,3.6066,30500.0,2.4918,162.5,163.5,168.5,155.5,155.5,147.5,-1.3579,-1.2449,0.4583,-1.4385,-2.7692,-3.3639,-6.2315,1.6077,7.1186
20260310,1268,漢來美食,TPEX,160.0,160.0,158.5,158.5,11000.0,,,data/daily_price/20260310.csv,159.4,160.125,159.9833,157.3167,160.1554,0.3165,-1.2461,-0.627,-0.3145,2.9221,30450.0,0.3612,162.5,163.5,168.5,155.5,155.5,147.5,-1.0148,-0.9272,0.7522,-1.0337,-2.4615,-3.0581,-5.9347,1.9293,7.4576
20260311,1268,漢來美食,TPEX,160.0,160.0,159.0,159.0,22000.0,,,data/daily_price/20260311.csv,159.3,160.175,159.9917,157.3625,160.0592,0.3155,-0.3135,0.6329,0.3155,3.5831,29450.0,0.747,162.5,163.5,168.5,155.5,155.5,147.5,-0.7336,-0.6198,1.0406,-0.6617,-2.1538,-2.7523,-5.638,2.2508,7.7966
20260312,1268,漢來美食,TPEX,159.5,159.5,158.0,159.0,33000.0,,,data/daily_price/20260312.csv,159.2,160.225,160.0083,157.4083,159.9709,0.0,-0.3135,0.6329,0.6329,3.5831,30050.0,1.0982,162.5,163.5,168.5,155.5,155.5,147.5,-0.7645,-0.6302,1.0112,-0.6069,-2.1538,-2.7523,-5.638,2.2508,7.7966
20260313,1268,漢來美食,TPEX,159.0,159.5,158.0,158.5,29000.0,,,data/daily_price/20260313.csv,158.6,160.175,160.0167,157.4583,159.8483,-0.3145,-1.8576,-0.627,0.3165,3.9344,29600.0,0.9797,162.5,163.5,168.5,155.5,155.5,147.5,-1.0457,-0.9478,0.6616,-0.8435,-2.4615,-3.0581,-5.9347,1.9293,7.4576
20260316,1268,漢來美食,TPEX,159.5,159.5,158.0,159.5,19000.0,,,data/daily_price/20260316.csv,158.9,160.175,160.025,157.5208,159.8193,0.6309,0.9494,0.0,0.3145,4.9342,30050.0,0.6323,162.5,163.5,168.5,155.5,155.5,147.5,-0.4214,-0.3281,1.2564,-0.1998,-1.8462,-2.4465,-5.3412,2.5723,8.1356
20260317,1268,漢來美食,TPEX,159.0,160.0,158.5,159.5,12000.0,,,data/daily_price/20260317.csv,159.1,160.1,160.0333,157.5792,159.7927,0.0,0.6309,-0.9317,0.3145,4.5902,28900.0,0.4152,162.5,163.5,168.5,155.5,155.5,147.5,-0.3748,-0.3333,1.219,-0.1832,-1.8462,-2.4465,-5.3412,2.5723,8.1356
20260318,1268,漢來美食,TPEX,160.0,160.0,158.0,158.5,28000.0,,,data/daily_price/20260318.csv,159.0,159.975,160.025,157.6292,159.685,-0.627,-0.3145,-1.5528,-0.3145,3.9344,28750.0,0.9739,162.5,163.5,168.5,155.5,155.5,147.5,-0.922,-0.953,0.5525,-0.7421,-2.4615,-3.0581,-5.9347,1.9293,7.4576
20260319,1268,漢來美食,TPEX,158.0,158.0,157.0,157.5,22000.0,,,data/daily_price/20260319.csv,158.7,159.775,160.0083,157.6792,159.5029,-0.6309,-0.9434,-2.4768,-0.6309,3.9604,29250.0,0.7521,162.5,163.5,168.5,155.5,155.5,147.5,-1.4239,-1.5676,-0.1136,-1.2557,-3.0769,-3.6697,-6.5282,1.2862,6.7797
20260320,1268,漢來美食,TPEX,157.0,158.5,156.5,158.5,16000.0,,,data/daily_price/20260320.csv,158.7,159.625,160.0167,157.7417,159.4193,0.6349,0.0,-1.8576,0.3165,4.9669,28950.0,0.5527,162.5,163.5,168.5,155.5,155.5,147.5,-0.7048,-0.9478,0.4807,-0.5767,-2.4615,-3.0581,-5.9347,1.9293,7.4576
20260323,1268,漢來美食,TPEX,156.0,156.5,155.5,155.5,24000.0,,,data/daily_price/20260323.csv,157.9,159.35,159.9583,157.7708,159.0927,-1.8927,-2.5078,-3.4161,-2.2013,2.3026,28250.0,0.8496,162.5,163.5,168.5,155.5,155.5,147.5,-2.4161,-2.7872,-1.4393,-2.2582,-4.3077,-4.893,-7.7151,0.0,5.4237
20260324,1268,漢來美食,TPEX,157.5,158.0,156.5,156.5,11000.0,,,data/daily_price/20260324.csv,157.3,159.1,159.9,157.8042,158.8766,0.6431,-1.8809,-3.096,-2.1875,2.623,27350.0,0.4022,162.5,163.5,168.5,155.5,155.5,147.5,-1.6342,-2.1263,-0.8264,-1.4959,-3.6923,-4.2813,-7.1217,0.6431,6.1017
20260325,1268,漢來美食,TPEX,158.0,158.5,156.5,157.5,15000.0,,,data/daily_price/20260325.csv,157.1,158.9,159.8583,157.8458,158.7619,0.639,-0.6309,-2.4768,-1.5625,3.2787,26950.0,0.5566,162.5,163.5,168.5,155.5,155.5,147.5,-0.8811,-1.4753,-0.2191,-0.7949,-3.0769,-3.6697,-6.5282,1.2862,6.7797
20260326,1268,漢來美食,TPEX,157.5,158.0,157.5,157.5,3000.0,,,data/daily_price/20260326.csv,157.1,158.775,159.8333,157.8917,158.6568,0.0,0.0,-1.5625,-0.9434,3.6184,26000.0,0.1154,162.5,163.5,168.5,155.5,155.5,147.5,-0.803,-1.4599,-0.2481,-0.7291,-3.0769,-3.6697,-6.5282,1.2862,6.7797
20260327,1268,漢來美食,TPEX,158.5,158.5,156.0,156.5,24000.0,,,data/daily_price/20260327.csv,156.7,158.575,159.7917,157.925,158.477,-0.6349,-1.2618,-2.4922,-1.5723,2.623,26500.0,0.9057,162.5,163.5,168.5,155.5,155.5,147.5,-1.3085,-2.06,-0.9023,-1.2475,-3.6923,-4.2813,-7.1217,0.6431,6.1017
20260330,1268,漢來美食,TPEX,155.5,156.5,155.5,156.5,4000.0,,,data/daily_price/20260330.csv,156.9,158.375,159.75,157.9458,158.3123,0.0,0.6431,-2.4922,-1.5723,1.6234,25700.0,0.1556,162.5,163.5,168.5,155.5,155.5,147.5,-1.1839,-2.0344,-0.9154,-1.1447,-3.6923,-4.2813,-7.1217,0.6431,6.1017
20260331,1268,漢來美食,TPEX,156.0,157.0,155.0,156.0,45000.0,,,data/daily_price/20260331.csv,156.8,158.15,159.7083,157.9708,158.1196,-0.3195,-0.3195,-2.8037,-1.5773,1.9608,26900.0,1.6729,162.5,163.5,168.5,155.0,155.0,147.5,-1.3595,-2.3219,-1.2476,-1.3405,-4.0,-4.5872,-7.4184,0.6452,5.7627
20260401,1268,漢來美食,TPEX,157.5,158.5,156.5,157.5,61000.0,,,data/daily_price/20260401.csv,156.8,158.05,159.675,158.0042,158.068,0.9615,0.0,-1.2539,-1.2539,2.6059,26550.0,2.2976,162.5,163.5,168.5,155.0,155.0,147.5,-0.348,-1.3621,-0.3191,-0.3593,-3.0769,-3.6697,-6.5282,1.6129,6.7797
20260402,1268,漢來美食,TPEX,158.0,158.0,156.5,157.0,8000.0,,,data/daily_price/20260402.csv,156.7,157.925,159.6333,158.0375,157.979,-0.3175,-0.3175,-1.5674,-1.5674,2.6144,25400.0,0.315,162.5,163.5,168.5,155.0,155.0,147.5,-0.5857,-1.6496,-0.6565,-0.6197,-3.3846,-3.9755,-6.8249,1.2903,6.4407
20260407,1268,漢來美食,TPEX,156.0,157.5,156.0,157.0,4000.0,,,data/daily_price/20260407.csv,156.8,157.7,159.6,158.0625,157.8974,0.0,0.3195,-2.7864,-1.2579,1.9481,23350.0,0.1713,160.0,163.5,168.5,155.0,155.0,147.5,-0.4439,-1.6291,-0.6722,-0.5683,-1.875,-3.9755,-6.8249,1.2903,6.4407
20260408,1268,漢來美食,TPEX,157.0,157.5,156.5,157.0,4000.0,,,data/daily_price/20260408.csv,156.9,157.65,159.575,158.0958,157.8226,0.0,0.3195,-0.6329,-0.9464,2.6144,19750.0,0.2025,160.0,163.5,168.5,155.0,155.0,147.5,-0.4123,-1.6137,-0.6931,-0.5212,-1.875,-3.9755,-6.8249,1.2903,6.4407
20260409,1268,漢來美食,TPEX,158.0,158.0,157.0,157.0,9000.0,,,data/daily_price/20260409.csv,157.1,157.575,159.5333,158.125,157.754,0.0,0.641,-0.9464,-1.5674,2.2801,19650.0,0.458,160.0,163.5,168.5,155.0,155.0,147.5,-0.3649,-1.588,-0.7115,-0.478,-1.875,-3.9755,-6.8249,1.2903,6.4407
20260410,1268,漢來美食,TPEX,157.5,158.5,157.5,158.5,21000.0,,,data/daily_price/20260410.csv,157.3,157.55,159.5083,158.1917,157.8162,0.9554,0.6349,-0.3145,-0.9375,5.3156,19600.0,1.0714,160.0,163.5,168.5,155.0,155.0,147.5,0.603,-0.6322,0.1949,0.4333,-0.9375,-3.0581,-5.9347,2.2581,7.4576
20260413,1268,漢來美食,TPEX,159.0,159.5,158.0,158.5,30000.0,,,data/daily_price/20260413.csv,157.6,157.525,159.5,158.25,157.8732,0.0,0.9554,-0.3145,-0.3145,4.6205,19450.0,1.5424,160.0,163.5,168.5,155.0,155.0,147.5,0.6189,-0.627,0.158,0.397,-0.9375,-3.0581,-5.9347,2.2581,7.4576
20260414,1268,漢來美食,TPEX,158.5,159.5,158.0,159.0,18000.0,,,data/daily_price/20260414.csv,158.0,157.55,159.5083,158.3208,157.9671,0.3155,1.2739,0.3155,0.3155,5.6478,18900.0,0.9524,160.0,163.5,168.5,155.0,155.0,147.5,0.9203,-0.3187,0.429,0.6539,-0.625,-2.7523,-5.638,2.5806,7.7966
20260415,1268,漢來美食,TPEX,158.0,158.5,158.0,158.5,5000.0,,,data/daily_price/20260415.csv,158.3,157.5,159.5083,158.3833,158.0115,-0.3145,0.9554,-0.627,0.0,4.9669,18200.0,0.2747,160.0,163.5,168.5,155.0,155.0,147.5,0.6349,-0.6322,0.0737,0.3092,-0.9375,-3.0581,-5.9347,2.2581,7.4576
20260416,1268,漢來美食,TPEX,158.0,158.0,157.5,158.0,12000.0,,,data/daily_price/20260416.csv,158.5,157.425,159.5,158.4375,158.0105,-0.3155,0.6369,-0.9404,-0.3155,4.2904,18200.0,0.6593,160.0,163.5,168.5,155.0,155.0,147.5,0.3653,-0.9404,-0.2761,-0.0067,-1.25,-3.3639,-6.2315,1.9355,7.1186
20260417,1268,漢來美食,TPEX,157.5,158.0,157.0,157.5,10000.0,,,data/daily_price/20260417.csv,158.3,157.375,159.4667,158.4833,157.968,-0.3165,-0.6309,-0.6309,-1.2539,3.6184,17300.0,0.578,159.5,163.5,168.5,155.0,155.0,147.5,0.0794,-1.2333,-0.6205,-0.2963,-1.2539,-3.6697,-6.5282,1.6129,6.7797
20260420,1268,漢來美食,TPEX,157.5,157.5,157.0,157.0,10000.0,,,data/daily_price/20260420.csv,158.0,157.35,159.4,158.5333,157.8873,-0.3175,-0.9464,-0.3175,-2.4845,3.9735,16700.0,0.5988,159.5,163.5,168.5,155.0,155.0,147.5,-0.2224,-1.5056,-0.9672,-0.562,-1.5674,-3.9755,-6.8249,1.2903,6.4407
20260421,1268,漢來美食,TPEX,158.0,158.0,157.0,157.0,5000.0,,,data/daily_price/20260421.csv,157.6,157.275,159.325,158.5833,157.8134,0.0,-1.2579,-0.9464,-2.7864,3.9735,16150.0,0.3096,159.5,163.5,168.5,155.0,155.0,147.5,-0.1749,-1.4593,-0.9984,-0.5154,-1.5674,-3.9755,-6.8249,1.2903,6.4407
20260422,1268,漢來美食,TPEX,157.0,157.0,156.5,156.5,8000.0,,,data/daily_price/20260422.csv,157.2,157.325,159.2167,158.6292,157.7039,-0.3185,-1.2618,0.6431,-3.9877,3.6424,15350.0,0.5212,159.5,163.0,168.5,155.0,155.0,147.5,-0.5244,-1.7063,-1.3422,-0.7634,-1.8809,-3.9877,-7.1217,0.9677,6.1017
20260423,1268,漢來美食,TPEX,157.0,157.0,156.0,156.5,14000.0,,,data/daily_price/20260423.csv,156.9,157.325,159.125,158.6542,157.6036,0.0,-0.9494,0.0,-3.3951,1.9544,15500.0,0.9032,159.5,163.0,168.5,155.0,155.0,147.5,-0.5244,-1.6496,-1.3578,-0.7002,-1.8809,-3.9877,-7.1217,0.9677,6.1017
20260424,1268,漢來美食,TPEX,156.5,156.5,155.5,156.0,17000.0,,,data/daily_price/20260424.csv,156.6,157.25,159.0167,158.6833,157.47,-0.3195,-0.9524,-0.9524,-4.0,2.2951,15600.0,1.0897,159.5,163.0,168.5,155.0,155.0,147.5,-0.7949,-1.8971,-1.691,-0.9335,-2.1944,-4.2945,-7.4184,0.6452,5.7627
20260427,1268,漢來美食,TPEX,155.5,155.5,154.5,155.0,21000.0,,,data/daily_price/20260427.csv,156.2,157.125,158.8917,158.7083,157.2641,-0.641,-1.2739,-1.5873,-4.6154,1.9737,16500.0,1.2727,159.5,163.0,168.5,154.5,154.5,147.5,-1.3524,-2.4493,-2.3366,-1.4397,-2.8213,-4.908,-8.0119,0.3236,5.0847
20260428,1268,漢來美食,TPEX,154.5,155.5,154.5,154.5,20000.0,,,data/daily_price/20260428.csv,155.7,157.025,158.7583,158.7292,157.0338,-0.3226,-1.5924,-1.278,-4.9231,1.6447,16300.0,1.227,159.5,163.0,168.5,154.5,154.5,147.5,-1.608,-2.6823,-2.6644,-1.6135,-3.1348,-5.2147,-8.3086,0.0,4.7458
20260429,1268,漢來美食,TPEX,155.0,155.0,154.5,154.5,24000.0,,,data/daily_price/20260429.csv,155.3,156.925,158.6417,158.7625,156.8226,0.0,-1.278,-1.278,-4.3344,2.6578,17300.0,1.3873,159.5,162.5,168.5,154.5,154.5,147.5,-1.5453,-2.6107,-2.6848,-1.4811,-3.1348,-4.9231,-8.3086,0.0,4.7458
20260430,1268,漢來美食,TPEX,156.0,156.0,155.0,155.0,11000.0,,,data/daily_price/20260430.csv,155.0,156.875,158.5167,158.825,156.6708,0.3236,-0.9585,-0.641,-4.6154,5.0847,15600.0,0.7051,159.5,162.5,168.5,154.5,154.5,148.0,-1.1952,-2.2185,-2.4083,-1.0664,-2.8213,-4.6154,-8.0119,0.3236,4.7297
20260504,1268,漢來美食,TPEX,155.0,156.0,154.5,155.5,18000.0,,,data/daily_price/20260504.csv,154.9,156.775,158.4167,158.8833,156.5732,0.3226,-0.3205,-1.2698,-3.7152,4.7138,13450.0,1.3383,159.5,162.5,168.5,154.5,154.5,148.0,-0.8133,-1.8411,-2.1294,-0.6854,-2.5078,-4.3077,-7.7151,0.6472,5.0676
20260505,1268,漢來美食,TPEX,155.0,155.0,153.5,154.5,41000.0,,,data/daily_price/20260505.csv,154.8,156.65,158.3,158.9333,156.4004,-0.6431,-0.3226,-1.5924,-4.3344,4.0404,15100.0,2.7152,159.5,162.5,168.5,153.5,153.5,153.5,-1.3725,-2.4005,-2.7894,-1.2151,-3.1348,-4.9231,-8.3086,0.6515,0.6515
20260506,1268,漢來美食,TPEX,154.5,154.5,154.0,154.5,12000.0,,,data/daily_price/20260506.csv,154.8,156.525,158.175,158.8167,156.2421,0.0,0.0,-1.5924,-4.6296,-8.3086,15500.0,0.7742,159.5,162.5,164.0,153.5,153.5,153.5,-1.2937,-2.3234,-2.718,-1.115,-3.1348,-4.9231,-5.7927,0.6515,0.6515
20260507,1268,漢來美食,TPEX,155.0,155.5,154.5,155.0,24000.0,,,data/daily_price/20260507.csv,154.9,156.425,158.0833,158.775,156.1386,0.3236,0.3236,-1.2739,-3.4268,-3.125,16500.0,1.4545,159.5,162.5,164.0,153.5,153.5,153.5,-0.911,-1.9504,-2.3776,-0.7292,-2.8213,-4.6154,-5.4878,0.9772,0.9772
20260508,1268,漢來美食,TPEX,158.0,160.0,158.0,158.5,117000.0,,,data/daily_price/20260508.csv,155.6,156.5,158.0667,158.7583,156.3353,2.2581,2.2581,0.9554,-0.627,-1.2461,21900.0,5.3425,160.0,162.5,164.0,153.5,153.5,153.5,1.278,0.2741,-0.1627,1.3846,-0.9375,-2.4615,-3.3537,3.2573,3.2573
20260511,1268,漢來美食,TPEX,160.0,160.0,159.0,159.5,93000.0,,,data/daily_price/20260511.csv,156.4,156.55,158.0917,158.7542,156.5991,0.6309,2.5723,0.6309,0.9494,-0.3125,25500.0,3.6471,160.0,162.5,164.0,153.5,153.5,153.5,1.8844,0.8908,0.4698,1.8525,-0.3125,-1.8462,-2.7439,3.9088,3.9088
20260512,1268,漢來美食,TPEX,160.0,160.0,158.5,159.5,37000.0,,,data/daily_price/20260512.csv,157.4,156.6,158.1167,158.7167,156.8408,0.0,3.2362,0.6309,0.9494,-2.7439,25850.0,1.4313,160.0,162.5,163.5,153.5,153.5,153.5,1.8519,0.8749,0.4935,1.6955,-0.3125,-1.8462,-2.4465,3.9088,3.9088
20260513,1268,漢來美食,TPEX,160.0,160.0,159.0,159.0,21000.0,,,data/daily_price/20260513.csv,158.3,156.6,158.1083,158.6833,157.0207,-0.3135,2.9126,0.0,-0.3135,-2.454,26000.0,0.8077,160.0,162.5,163.5,153.5,153.5,153.5,1.5326,0.564,0.1996,1.2605,-0.625,-2.1538,-2.7523,3.5831,3.5831
20260514,1268,漢來美食,TPEX,159.0,159.0,158.5,159.0,18000.0,,,data/daily_price/20260514.csv,159.1,156.625,158.1,158.675,157.1857,0.0,2.5806,0.3155,-0.3135,-0.625,26650.0,0.6754,160.0,162.5,163.5,153.5,153.5,153.5,1.5164,0.5693,0.2048,1.1543,-0.625,-2.1538,-2.7523,3.5831,3.5831
20260515,1268,漢來美食,TPEX,159.5,159.5,158.0,158.0,44000.0,,,data/daily_price/20260515.csv,159.0,156.625,158.05,158.6667,157.2535,-0.6289,-0.3155,0.0,-1.8634,-0.6289,28250.0,1.5575,160.0,162.5,163.5,153.5,153.5,153.5,0.8779,-0.0316,-0.4202,0.4747,-1.25,-2.7692,-3.3639,2.9316,2.9316
20260518,1268,漢來美食,TPEX,158.0,160.0,157.5,159.0,96000.0,,,data/daily_price/20260518.csv,158.9,156.7,158.0167,158.6708,157.3991,0.6329,-0.3135,0.9524,-1.2422,0.3155,32550.0,2.9493,160.0,162.5,163.5,153.5,153.5,153.5,1.4678,0.6223,0.2075,1.0171,-0.625,-2.1538,-2.7523,3.5831,3.5831
20260519,1268,漢來美食,TPEX,159.5,160.5,158.5,159.5,128000.0,,,data/daily_price/20260519.csv,158.9,156.825,157.9833,158.6833,157.5742,0.3145,0.0,1.5924,-1.2384,0.9494,38450.0,3.329,160.5,162.5,163.5,153.5,153.5,153.5,1.7057,0.96,0.5147,1.2222,-0.6231,-1.8462,-2.4465,3.9088,3.9088
20260520,1268,漢來美食,TPEX,160.0,169.0,160.0,168.0,511000.0,,,data/daily_price/20260520.csv,160.7,157.375,158.0917,158.7708,158.443,5.3292,5.6604,7.0064,4.0248,6.6667,63750.0,8.0157,169.0,169.0,169.0,153.5,153.5,153.5,6.7514,6.2675,5.8129,6.0318,-0.5917,-0.5917,-0.5917,9.4463,9.4463
20260521,1268,漢來美食,TPEX,166.0,174.5,166.0,167.5,494000.0,,,data/daily_price/20260521.csv,162.4,157.925,158.2,158.8542,159.1977,-0.2976,5.3459,7.0288,4.0373,6.3492,88050.0,5.6104,174.5,174.5,174.5,153.5,153.5,153.5,6.063,5.8786,5.4426,5.2151,-4.0115,-4.0115,-4.0115,9.1205,9.1205
20260522,1268,漢來美食,TPEx,170.0,171.5,167.5,171.5,170000.0,144099.0,TPEX_OLD_DAILY_JSON,data/daily_price/daily_price_20260522.csv,165.1,158.675,158.3667,158.9708,160.2229,2.3881,8.5443,9.5847,6.192,8.8889,95850.0,1.7736,174.5,174.5,174.5,153.5,153.5,153.5,8.0826,8.293,7.8814,7.0384,-1.7192,-1.7192,-1.7192,11.7264,11.7264
20260525,1268,漢來美食,TPEx,172.0,172.0,167.0,169.5,170000.0,51599.0,TPEX_OLD_DAILY_JSON,data/daily_price/daily_price_20260525.csv,167.2,159.35,158.5,159.0833,160.996,-1.1662,6.6038,8.6538,4.9536,8.6538,103500.0,1.6425,174.5,174.5,174.5,153.5,153.5,153.5,6.3696,6.9401,6.5479,5.2821,-2.8653,-2.8653,-2.8653,10.4235,10.4235
20260526,1268,漢來美食,TPEx,170.5,171.0,167.5,168.5,169000.0,51191.0,TPEX_OLD_DAILY_JSON,data/daily_price/daily_price_20260526.csv,169.0,160.025,158.6417,159.1792,161.6213,-0.59,5.6426,8.7097,5.3125,7.3248,110900.0,1.5239,174.5,174.5,174.5,153.5,153.5,153.5,5.296,6.2142,5.8556,4.256,-3.4384,-3.4384,-3.4384,9.772,9.772
20260527,1268,漢來美食,TPEx,168.5,168.5,166.0,168.5,167000.0,28891.0,TPEX_OLD_DAILY_JSON,data/daily_price/daily_price_20260527.csv,169.1,160.725,158.775,159.2792,162.1946,0.0,0.2976,9.0615,4.9844,7.6677,118250.0,1.4123,174.5,174.5,174.5,153.5,153.5,153.5,4.8375,6.125,5.7891,3.8876,-3.4384,-3.4384,-3.4384,9.772,9.772
20260528,1268,漢來美食,TPEx,167.5,168.5,166.5,168.0,168000.0,21511.0,TPEX_OLD_DAILY_JSON,data/daily_price/daily_price_20260528.csv,169.2,161.4,158.9,159.3708,162.6783,-0.2967,0.2985,8.7379,4.6729,7.0064,125450.0,1.3392,174.5,174.5,174.5,153.5,153.5,153.5,4.0892,5.7269,5.4145,3.2713,-3.7249,-3.7249,-3.7249,9.4463,9.4463
20260529,1268,漢來美食,TPEx,168.0,168.5,167.5,168.5,168000.0,22839.0,TPEX_OLD_DAILY_JSON,data/daily_price/daily_price_20260529.csv,168.6,162.075,159.0333,159.4583,163.1635,0.2976,-1.7493,8.7097,4.9844,6.6456,133300.0,1.2603,174.5,174.5,174.5,153.5,153.5,153.5,3.9642,5.9526,5.6702,3.2707,-3.4384,-3.4384,-3.4384,9.772,9.772
20260601,1268,漢來美食,TPEx,168.5,171.0,168.5,169.0,170000.0,41364.0,TPEX_OLD_DAILY_JSON,data/daily_price/daily_price_20260601.csv,168.5,162.75,159.1917,159.55,163.6499,0.2967,-0.295,8.6817,5.9561,6.962,140900.0,1.2065,174.5,174.5,174.5,153.5,153.5,153.5,3.8402,6.1613,5.9229,3.2693,-3.1519,-3.1519,-3.1519,10.0977,10.0977
20260602,1268,漢來美食,TPEx,169.0,169.5,168.5,169.0,169.0,29392.0,TPEX_OLD_DAILY_CSV,data/daily_price/daily_price_20260602.csv,168.6,163.475,159.35,159.6458,164.0957,0.0,0.2967,9.3851,5.9561,7.3016,138858.45,0.0012,174.5,174.5,174.5,154.0,153.5,153.5,3.3797,6.0559,5.8593,2.9887,-3.1519,-3.1519,-3.1519,10.0977,10.0977
20260603,1268,漢來美食,TPEx,169.0,170.5,169.0,170.5,170000.0,36647.0,TPEX_OLD_DAILY_JSON,data/daily_price/daily_price_20260603.csv,169.0,164.275,159.5,159.75,164.6294,0.8876,1.1869,10.356,5.5728,7.9114,146758.45,1.1584,174.5,174.5,174.5,154.5,153.5,153.5,3.7894,6.8966,6.7293,3.5659,-2.2923,-2.2923,-2.2923,11.0749,11.0749
20260604,1268,漢來美食,TPEx,171.0,171.5,169.5,170.5,170000.0,28618.0,TPEX_OLD_DAILY_JSON,data/daily_price/daily_price_20260604.csv,169.5,165.05,159.7083,159.85,165.1186,0.0,1.4881,10.0,7.9114,7.571,154058.45,1.1035,174.5,174.5,174.5,157.5,153.5,153.5,3.302,6.7571,6.6625,3.2591,-2.2923,-2.2923,-2.2923,11.0749,11.0749
20260605,1268,漢來美食,TPEx,170.5,171.0,169.0,170.5,170000.0,19595.0,TPEX_OLD_DAILY_JSON,data/daily_price/daily_price_20260605.csv,169.9,165.65,159.9083,159.9458,165.5671,0.0,1.1869,7.571,7.571,7.2327,156708.45,1.0848,174.5,174.5,174.5,157.5,153.5,153.5,2.9279,6.6236,6.5986,2.9794,-2.2923,-2.2923,-2.2923,11.0749,11.0749
20260608,1268,漢來美食,TPEx,165.0,167.5,165.0,167.5,25000.0,4159000.0,TPEX_OTC_QUOTES_NO1430_JSON,data/daily_price/daily_price_20260608.csv,169.6,166.05,160.05,160.0208,165.7281,-1.7595,-0.8876,5.0157,5.3459,5.6782,153308.45,0.1631,174.5,174.5,174.5,157.5,153.5,153.5,0.8732,4.6548,4.6739,1.0691,-4.0115,-4.0115,-4.0115,9.1205,9.1205
20260609,1268,漢來美食,TPEx,167.5,170.0,167.5,170.0,20000.0,3386000.0,TPEX_OTC_QUOTES_NO1430_JSON,data/daily_price/daily_price_20260609.csv,169.8,166.575,160.2333,160.1208,166.0841,1.4925,0.5917,6.5831,6.9182,7.5949,152458.45,0.1312,174.5,174.5,174.5,157.5,153.5,153.5,2.0561,6.0953,6.1698,2.3578,-2.5788,-2.5788,-2.5788,10.7492,10.7492
20260610,1268,漢來美食,TPEx,168.0,169.5,167.5,168.5,21000.0,3531500.0,TPEX_OTC_QUOTES_NO1430_JSON,data/daily_price/daily_price_20260610.csv,169.4,167.05,160.4,160.2083,166.2855,-0.8824,-1.173,5.9748,6.3091,6.6456,152458.45,0.1377,174.5,174.5,174.5,157.5,153.5,153.5,0.868,5.0499,5.1756,1.3318,-3.4384,-3.4384,-3.4384,9.772,9.772
20260611,1268,漢來美食,TPEx,168.0,169.0,167.5,167.5,17000.0,2859000.0,TPEX_OTC_QUOTES_NO1430_JSON,data/daily_price/daily_price_20260611.csv,168.8,167.475,160.5333,160.2792,166.3867,-0.5935,-1.7595,5.3459,5.0157,5.3459,152408.45,0.1115,174.5,174.5,174.5,157.5,153.5,153.5,0.0149,4.3397,4.5052,0.6691,-4.0115,-4.0115,-4.0115,9.1205,9.1205
20260612,1268,漢來美食,TPEx,168.0,169.0,168.0,168.0,7000.0,1178000.0,TPEX_OTC_QUOTES_NO1430_JSON,data/daily_price/daily_price_20260612.csv,168.3,167.975,160.675,160.3542,166.5211,0.2985,-1.4663,6.3291,5.3292,5.6604,150558.45,0.0465,174.5,174.5,174.5,157.5,153.5,153.5,0.0149,4.5589,4.7681,0.8881,-3.7249,-3.7249,-3.7249,9.4463,9.4463
20260615,1268,漢來美食,TPEx,167.5,169.5,167.5,169.5,21000.0,3541000.0,TPEX_OTC_QUOTES_NO1430_JSON,data/daily_price/daily_price_20260615.csv,168.7,168.5,160.8583,160.4417,166.7694,0.8929,1.194,6.6038,6.9401,6.6038,146808.45,0.143,174.5,174.5,174.5,158.5,153.5,153.5,0.5935,5.3722,5.6459,1.6374,-2.8653,-2.8653,-2.8653,10.4235,10.4235
20260616,1268,漢來美食,TPEx,169.0,170.0,168.5,169.5,24000.0,4055500.0,TPEX_OTC_QUOTES_NO1430_JSON,data/daily_price/daily_price_20260616.csv,168.6,169.0,161.0583,160.5333,166.9969,0.0,-0.2941,6.2696,7.619,6.9401,141608.45,0.1695,174.5,174.5,174.5,160.0,153.5,153.5,0.2959,5.2414,5.5855,1.4989,-2.8653,-2.8653,-2.8653,10.4235,10.4235
20260617,1268,漢來美食,TPEx,168.5,170.5,168.5,169.0,36000.0,6096000.0,TPEX_OTC_QUOTES_NO1430_JSON,data/daily_price/daily_price_20260617.csv,168.7,169.05,161.2333,160.625,167.1638,-0.295,0.2967,0.5952,6.6246,6.962,117858.45,0.3055,174.5,174.5,174.5,165.0,153.5,153.5,-0.0296,4.817,5.214,1.0984,-3.1519,-3.1519,-3.1519,10.0977,10.0977
20260618,1268,漢來美食,TPEx,170.0,170.5,169.5,169.5,18000.0,3057500.0,TPEX_OTC_QUOTES_NO1430_JSON,data/daily_price/daily_price_20260618.csv,169.1,169.15,161.4667,160.7125,167.3585,0.2959,1.194,1.194,9.0032,6.6038,94058.45,0.1914,172.0,174.5,174.5,165.0,153.5,153.5,0.2069,4.9752,5.4678,1.2796,-1.4535,-2.8653,-2.8653,10.4235,10.4235
20260622,1268,漢來美食,TPEx,170.0,170.0,169.0,170.0,28000.0,4750500.0,TPEX_OTC_QUOTES_NO1430_JSON,data/daily_price/daily_price_20260622.csv,169.5,169.075,161.6917,160.7958,167.5786,0.295,1.1905,-0.8746,8.6262,6.25,86958.45,0.322,172.0,174.5,174.5,165.0,153.5,153.5,0.5471,5.1384,5.7241,1.4449,-1.1628,-2.5788,-2.5788,10.7492,10.7492
20260623,1268,漢來美食,TPEx,170.0,170.0,168.5,169.5,32000.0,5409000.0,TPEX_OTC_QUOTES_NO1430_JSON,data/daily_price/daily_price_20260623.csv,169.5,169.075,161.8917,160.875,167.7387,-0.2941,0.0,0.0,7.619,5.9375,80058.45,0.3997,171.5,174.5,174.5,165.0,153.5,153.5,0.2514,4.6996,5.3613,1.05,-1.1662,-2.8653,-2.8653,10.4235,10.4235
20260624,1268,漢來美食,TPEx,168.5,171.0,168.0,171.0,99000.0,16783500.0,TPEX_OTC_QUOTES_NO1430_JSON,data/daily_price/daily_price_20260624.csv,169.8,169.2,162.1167,160.975,168.0105,0.885,0.885,1.4837,8.5714,7.5472,76558.45,1.2931,171.5,174.5,174.5,165.0,153.5,153.5,1.0638,5.4796,6.2277,1.7793,-0.2915,-2.0057,-2.0057,11.4007,11.4007
20260625,1268,漢來美食,TPEx,171.0,171.0,169.0,170.0,67000.0,11364000.0,TPEX_OTC_QUOTES_NO1430_JSON,data/daily_price/daily_price_20260625.csv,170.0,169.275,162.3417,161.0667,168.1763,-0.5848,0.5917,0.8902,8.6262,6.9182,71558.45,0.9363,171.5,174.5,174.5,165.0,153.5,153.5,0.4283,4.7174,5.5464,1.0844,-0.8746,-2.5788,-2.5788,10.7492,10.7492
20260626,1268,漢來美食,TPEx,170.0,170.0,167.0,167.5,40000.0,6718500.0,TPEX_OTC_QUOTES_NO1430_JSON,data/daily_price/daily_price_20260626.csv,169.6,169.25,162.525,161.1375,168.1199,-1.4706,-1.1799,-0.2976,7.0288,5.3459,65158.45,0.6139,171.5,174.5,174.5,165.0,153.5,153.5,-1.034,3.0611,3.9485,-0.3688,-2.3324,-4.0115,-4.0115,9.1205,9.1205
