date,open,high,low,close,volume,ma5,ema23,ma20,ma60,ma120,return_1d,return_5d,return_20d,volume_ratio,distance_to_ema23_pct,distance_to_ma20_pct,distance_to_high_60_pct
20250820,17.65,17.8,17.35,17.55,186937.0,17.75,18.0674,17.985,18.8975,18.8559,0.0,-1.6807,-3.5714,1.3387,-2.8636,-2.4187,-15.0121
20250821,17.5,17.65,17.45,17.65,82000.0,17.69,18.0326,17.9675,18.8542,18.8432,0.5698,-1.6713,-1.9444,0.5854,-2.1217,-1.7671,-14.3204
20250822,17.55,17.8,17.4,17.4,131600.0,17.59,17.9799,17.9375,18.8075,18.8281,-1.4164,-2.7933,-3.3333,0.923,-3.2252,-2.9965,-15.534
20250825,17.55,18.0,17.5,17.7,134277.0,17.57,17.9566,17.9175,18.7692,18.8165,1.7241,-0.5618,-2.2099,0.9391,-1.4288,-1.2139,-14.0777
20250826,17.55,17.7,17.45,17.45,42001.0,17.55,17.9143,17.885,18.7258,18.8026,-1.4124,-0.5698,-3.5912,0.2955,-2.592,-2.4322,-15.2913
20250827,17.45,17.9,17.4,17.4,105895.0,17.52,17.8715,17.855,18.6825,18.7884,-0.2865,-0.8547,-3.3333,0.7984,-2.6382,-2.5483,-15.534
20250828,17.45,17.5,17.2,17.2,141580.0,17.43,17.8155,17.815,18.63,18.7725,-1.1494,-2.5496,-4.4444,1.0698,-3.455,-3.4521,-16.5049
20250829,17.35,17.35,17.15,17.25,52030.0,17.4,17.7684,17.79,18.5758,18.7574,0.2907,-0.8621,-2.8169,0.4016,-2.9175,-3.0354,-16.2621
20250901,17.2,17.3,17.1,17.3,89530.0,17.32,17.7294,17.755,18.5308,18.7431,0.2899,-2.2599,-3.8889,0.6995,-2.4218,-2.5627,-15.8151
20250902,17.2,17.45,17.15,17.45,86013.0,17.32,17.7061,17.725,18.4817,18.7306,0.8671,0.0,-3.3241,0.6711,-1.4463,-1.5515,-14.6699
20250903,17.4,17.6,17.4,17.55,70087.0,17.35,17.6931,17.695,18.4367,18.7192,0.5731,0.8621,-3.3058,0.5453,-0.8087,-0.8194,-13.3333
20250904,17.55,17.65,17.3,17.3,140197.0,17.37,17.6603,17.65,18.3892,18.7057,-1.4245,0.5814,-4.9451,1.0606,-2.0403,-1.983,-14.1439
20250905,17.4,17.55,17.3,17.35,97000.0,17.39,17.6345,17.605,18.3508,18.6929,0.289,0.5797,-4.9315,0.8174,-1.6131,-1.4485,-13.8958
20250909,17.5,17.6,17.25,17.45,101065.0,17.42,17.6191,17.5675,18.3067,18.6813,0.5764,0.8671,-4.1209,0.8467,-0.9597,-0.6688,-13.3995
20250910,17.4,17.55,17.35,17.45,93060.0,17.42,17.605,17.525,18.2642,18.6699,0.0,0.0,-4.6448,0.7997,-0.8804,-0.428,-13.3995
20250911,17.4,17.45,17.3,17.45,61891.0,17.4,17.5921,17.505,18.2258,18.6587,0.0,-0.5698,-2.2409,0.5733,-0.8077,-0.3142,-12.9676
20250917,17.65,17.8,17.1,17.1,239530.0,17.36,17.5511,17.4625,18.1908,18.6445,-2.0057,-1.1561,-4.7354,2.1257,-2.5701,-2.0759,-14.7132
20250918,17.15,17.4,16.9,16.95,314648.0,17.28,17.501,17.415,18.1533,18.6293,-0.8772,-2.3055,-5.3073,2.6415,-3.1483,-2.6701,-15.4613
20250919,16.95,17.2,16.95,17.05,175452.0,17.2,17.4634,17.3775,18.1233,18.6152,0.59,-2.2923,-4.2135,1.4106,-2.3673,-1.8846,-14.9626
20250922,17.1,17.2,17.0,17.1,54357.0,17.13,17.4331,17.355,18.0833,18.6018,0.2933,-2.0057,-2.5641,0.4531,-1.9108,-1.4693,-14.7132
20250923,17.05,17.15,16.85,16.95,131571.0,17.03,17.3929,17.325,18.0425,18.5873,-0.8772,-2.8653,-3.4188,1.1227,-2.5462,-2.1645,-15.4613
20250924,17.0,17.0,16.75,16.75,77991.0,16.96,17.3393,17.28,17.9933,18.5713,-1.1799,-2.0468,-5.0992,0.6667,-3.3986,-3.0671,-16.4589
20250925,16.85,16.95,16.7,16.9,229317.0,16.95,17.3027,17.255,17.945,18.5569,0.8955,-0.295,-2.8736,1.8816,-2.3273,-2.0574,-15.7107
20250926,16.9,16.9,16.5,16.85,207841.0,16.91,17.265,17.2125,17.9008,18.5423,-0.2959,-1.173,-4.8023,1.6554,-2.4035,-2.106,-15.9601
20250930,16.8,16.85,16.5,16.5,395042.0,16.79,17.2012,17.165,17.8442,18.525,-2.0772,-3.5088,-5.4441,2.7586,-4.0765,-3.8742,-17.7057
20251001,16.65,16.8,16.55,16.7,123102.0,16.74,17.1594,17.13,17.7892,18.5097,1.2121,-1.4749,-4.023,0.8545,-2.6775,-2.5102,-16.5
20251002,16.8,16.95,16.7,16.85,97366.0,16.76,17.1337,17.1125,17.7417,18.4958,0.8982,0.597,-2.0349,0.6864,-1.6556,-1.534,-14.2494
20251003,16.9,16.9,16.75,16.85,93918.0,16.75,17.11,17.0925,17.6958,18.4896,0.0,-0.2959,-2.3188,0.6524,-1.5197,-1.4188,-14.2494
20251007,16.95,16.95,16.65,16.65,74879.0,16.71,17.0717,17.06,17.6475,18.48,-1.1869,-1.1869,-3.7572,0.5228,-2.4701,-2.4033,-14.6154
20251008,16.7,17.1,16.7,17.1,181784.0,16.83,17.074,17.0425,17.6183,18.4729,2.7027,3.6364,-2.0057,1.2282,0.152,0.3374,-9.7625
20251009,17.15,17.45,17.0,17.4,282304.0,16.97,17.1012,17.035,17.5967,18.4696,1.7544,4.1916,-0.8547,1.7798,1.7472,2.1426,-5.9459
20251013,17.4,17.45,16.85,16.85,194619.0,16.97,17.0803,17.0125,17.5792,18.4617,-3.1609,0.0,-2.6012,1.2063,-1.3482,-0.9552,-8.4239
20251014,16.9,17.0,16.6,16.9,314411.0,16.98,17.0652,16.99,17.5575,18.4513,0.2967,0.2967,-2.5937,1.8258,-0.9683,-0.5297,-8.1522
20251016,16.75,16.95,16.7,16.8,96680.0,17.01,17.0431,16.9575,17.5383,18.4446,-0.5917,0.9009,-3.7249,0.5621,-1.4266,-0.9288,-8.6957
20251020,16.6,16.7,16.3,16.6,235704.0,16.91,17.0062,16.915,17.51,18.4358,-1.1905,-2.924,-4.8711,1.3159,-2.3886,-1.8623,-9.7826
20251021,16.5,16.6,16.3,16.3,153224.0,16.69,16.9474,16.8575,17.4767,18.4246,-1.8072,-6.3218,-6.5903,0.8342,-3.8199,-3.3071,-11.413
20251022,16.45,16.6,16.4,16.6,72000.0,16.64,16.9184,16.8325,17.45,18.4183,1.8405,-1.4837,-2.924,0.4107,-1.8821,-1.3813,-9.7826
20251023,16.6,16.65,16.5,16.6,38000.0,16.58,16.8919,16.815,17.4267,18.4121,0.0,-1.7751,-2.0649,0.2353,-1.728,-1.2786,-9.7826
20251027,16.7,17.0,16.55,16.85,168671.0,16.59,16.8884,16.805,17.4075,18.4079,1.506,0.2976,-1.173,1.0467,-0.2273,0.2678,-8.4239
20251028,16.9,16.9,16.55,16.85,106065.0,16.64,16.8852,16.7925,17.3883,18.4033,0.0,1.506,-1.462,0.6478,-0.2084,0.3424,-8.4239
20251029,16.9,16.9,16.5,16.5,96000.0,16.68,16.8531,16.77,17.36,18.3942,-2.0772,1.227,-2.6549,0.5928,-2.0951,-1.61,-10.3261
20251030,16.5,16.6,16.3,16.55,129363.0,16.67,16.8278,16.76,17.3358,18.3842,0.303,-0.3012,-1.194,0.7863,-1.6511,-1.253,-10.0543
20251031,16.55,16.6,16.4,16.6,65255.0,16.67,16.8089,16.745,17.3125,18.37,0.3021,0.0,-1.7751,0.4175,-1.2425,-0.8659,-9.7826
20251103,16.5,16.5,16.25,16.25,84611.0,16.55,16.7623,16.715,17.2817,18.3517,-2.1084,-3.5608,-3.5608,0.5635,-3.0561,-2.7819,-11.6848
20251104,16.25,16.45,16.2,16.45,125551.0,16.47,16.7363,16.7125,17.2542,18.3279,1.2308,-2.3739,-0.303,0.9186,-1.7104,-1.5707,-10.5978
20251105,16.3,16.45,16.05,16.45,187491.0,16.46,16.7124,16.7,17.2283,18.3021,0.0,-0.303,-1.497,1.3402,-1.5701,-1.497,-10.5978
20251106,16.4,16.6,16.35,16.45,131357.0,16.44,16.6905,16.68,17.2025,18.2792,0.0,-0.6042,-2.3739,0.9277,-1.4411,-1.3789,-10.5978
20251107,16.45,16.55,16.45,16.5,48101.0,16.42,16.6747,16.6625,17.1817,18.2558,0.304,-0.6024,-2.0772,0.3453,-1.0474,-0.9752,-10.3261
20251110,16.5,16.65,16.35,16.6,180507.0,16.49,16.6684,16.66,17.1583,18.2358,0.6061,2.1538,-0.3003,1.2484,-0.4106,-0.3601,-9.7826
20251111,16.55,16.7,16.45,16.65,67662.0,16.53,16.6669,16.6375,17.135,18.2133,0.3012,1.2158,-2.6316,0.4872,-0.1014,0.0751,-9.5109
20251112,16.6,16.65,16.35,16.65,494378.0,16.57,16.6655,16.6,17.11,18.1888,0.0,1.2158,-4.3103,3.3073,-0.093,0.3012,-9.5109
20251113,16.65,17.4,16.55,17.1,205428.0,16.7,16.7017,16.6125,17.0917,18.1696,2.7027,3.9514,1.4837,1.3693,2.3848,2.9345,-7.0652
20251114,17.05,17.1,16.85,17.0,208068.0,16.8,16.7266,16.6175,17.0708,18.1492,-0.5848,3.0303,0.5917,1.4379,1.6348,2.3018,-7.6087
20251117,17.05,17.3,16.85,17.05,112550.0,16.89,16.7535,16.63,17.0517,18.1296,0.2941,2.7108,1.4881,0.7735,1.7697,2.5256,-6.8306
20251118,16.9,16.95,16.5,16.5,101083.0,16.86,16.7324,16.625,17.0217,18.1029,-3.2258,-0.9009,-0.6024,0.7284,-1.3888,-0.7519,-9.3407
20251119,16.5,16.5,16.15,16.15,161411.0,16.76,16.6839,16.6175,16.9933,18.0696,-2.1212,-3.003,-0.9202,1.1597,-3.1998,-2.8133,-10.2778
20251120,16.2,16.7,16.2,16.7,102000.0,16.68,16.6852,16.6225,16.9725,18.0358,3.4056,-2.3392,0.6024,0.7251,0.0887,0.4662,-7.2222
20251121,16.65,16.7,16.3,16.45,74852.0,16.57,16.6656,16.615,16.9483,17.9983,-1.497,-3.2353,-0.9036,0.5252,-1.2937,-0.9931,-8.6111
20251124,16.45,16.55,16.4,16.55,37329.0,16.47,16.656,16.6,16.9275,17.9642,0.6079,-2.9326,-1.7804,0.2746,-0.6362,-0.3012,-8.0556
20251125,16.55,16.65,16.45,16.65,132001.0,16.5,16.6555,16.59,16.9125,17.9296,0.6042,0.9091,-1.1869,0.9618,-0.0328,0.3617,-7.5
20251126,16.6,16.7,16.55,16.55,248383.0,16.58,16.6467,16.5925,16.8958,17.8967,-0.6006,2.4768,0.303,1.7145,-0.5808,-0.2561,-8.0556
20251127,16.55,16.65,16.5,16.6,43000.0,16.56,16.6428,16.595,16.8783,17.8662,0.3021,-0.5988,0.3021,0.3059,-0.2571,0.0301,-7.7778
20251128,16.6,16.7,16.55,16.65,128401.0,16.6,16.6434,16.5975,16.8658,17.8367,0.3012,1.2158,0.3012,0.8935,0.0397,0.3163,-7.5
20251201,16.5,16.7,16.4,16.6,120401.0,16.61,16.6398,16.615,16.8475,17.8083,-0.3003,0.3021,2.1538,0.8275,-0.239,-0.0903,-7.2626
20251202,16.6,16.75,16.6,16.7,139798.0,16.62,16.6448,16.6275,16.835,17.7804,0.6024,0.3003,1.5198,0.9561,0.3317,0.436,-6.7039
20251203,16.7,16.9,16.65,16.85,98200.0,16.68,16.6619,16.6475,16.8258,17.7542,0.8982,1.8127,2.4316,0.6928,1.129,1.2164,-5.3371
20251204,16.85,16.9,16.75,16.75,110678.0,16.71,16.6692,16.6625,16.8183,17.7242,-0.5935,0.9036,1.8237,0.7866,0.4845,0.5251,-5.8989
20251205,16.75,16.8,16.5,16.6,201294.0,16.7,16.6635,16.6675,16.8075,17.6917,-0.8955,-0.3003,0.6061,1.3567,-0.3809,-0.405,-6.7416
20251208,16.6,16.7,16.45,16.7,103016.0,16.72,16.6665,16.6725,16.7975,17.6642,0.6024,0.6024,0.6024,0.7129,0.2009,0.1649,-6.1798
20251209,16.7,16.7,16.5,16.6,70600.0,16.7,16.661,16.67,16.7833,17.6325,-0.5988,-0.5988,-0.3003,0.4881,-0.3659,-0.4199,-6.7416
20251210,16.6,16.6,16.45,16.55,104050.0,16.64,16.6517,16.665,16.7667,17.6017,-0.3012,-1.7804,-0.6006,0.8316,-0.6109,-0.6901,-7.0225
20251211,16.55,16.55,16.25,16.55,208612.0,16.6,16.6432,16.6375,16.7542,17.5717,0.0,-1.194,-3.2164,1.6651,-0.5603,-0.5259,-7.0225
20251212,16.55,16.6,16.25,16.3,203101.0,16.54,16.6146,16.6025,16.7367,17.5438,-1.5106,-1.8072,-4.1176,1.6243,-1.8938,-1.822,-8.427
20251215,16.25,16.55,16.15,16.3,136451.0,16.46,16.5884,16.565,16.7175,17.5121,0.0,-2.3952,-4.3988,1.0809,-1.7387,-1.5998,-8.427
20251216,16.25,16.35,16.1,16.3,128420.0,16.4,16.5644,16.555,16.6983,17.4812,0.0,-1.8072,-1.2121,1.0064,-1.5961,-1.5403,-8.427
20251217,16.3,16.5,16.25,16.45,103000.0,16.38,16.5549,16.57,16.6817,17.4538,0.9202,-0.6042,1.8576,0.8261,-0.6334,-0.7242,-7.5843
20251218,16.4,16.45,16.25,16.4,105035.0,16.35,16.5419,16.555,16.67,17.4304,-0.304,-0.9063,-1.7964,0.8414,-0.8581,-0.9363,-6.0172
20251219,16.4,16.5,16.3,16.5,183306.0,16.39,16.5385,16.5575,16.6625,17.4079,0.6098,1.227,0.304,1.4073,-0.2325,-0.3473,-5.4441
20251222,16.55,16.7,16.4,16.55,121000.0,16.44,16.5394,16.5575,16.6542,17.3888,0.303,1.5337,0.0,0.9,0.064,-0.0453,-5.1576
20251223,16.55,16.65,16.4,16.4,70001.0,16.46,16.5278,16.545,16.6425,17.3629,-0.9063,0.6135,-1.5015,0.533,-0.7732,-0.8764,-6.0172
20251224,16.4,16.6,16.35,16.35,57837.0,16.44,16.513,16.535,16.6325,17.3375,-0.3049,-0.6079,-1.2085,0.4748,-0.987,-1.1188,-6.3037
20251226,16.55,16.6,16.4,16.55,52002.0,16.47,16.5161,16.5325,16.6292,17.3112,1.2232,0.9146,-0.3012,0.4253,0.2055,0.1059,-5.1576
20251229,16.5,16.7,16.45,16.7,252418.0,16.51,16.5314,16.535,16.6258,17.2854,0.9063,1.2121,0.3003,1.9649,1.0199,0.9979,-4.298
20251230,16.55,16.7,16.35,16.55,914140.0,16.51,16.5329,16.5325,16.6208,17.2608,-0.8982,0.0,-0.3012,5.4365,0.1032,0.1059,-5.1576
20251231,16.55,16.6,16.3,16.55,403125.0,16.54,16.5344,16.525,16.6217,17.2329,0.0,0.9146,-0.8982,2.2233,0.0946,0.1513,-5.1576
20260102,16.6,16.7,16.25,16.3,451686.0,16.53,16.5148,16.4975,16.615,17.2021,-1.5106,-0.3058,-3.2641,2.2699,-1.3009,-1.1972,-6.5903
20260105,16.3,16.4,16.15,16.15,88294.0,16.45,16.4844,16.4675,16.6033,17.1725,-0.9202,-2.4169,-3.5821,0.4462,-2.0288,-1.928,-7.4499
20260106,16.25,16.35,16.15,16.35,378520.0,16.38,16.4732,16.455,16.595,17.1454,1.2384,-2.0958,-1.506,1.831,-0.7481,-0.6381,-6.3037
20260107,16.35,16.45,16.3,16.3,117035.0,16.33,16.4588,16.435,16.5892,17.1183,-0.3058,-1.5106,-2.3952,0.5642,-0.9648,-0.8214,-6.5903
20260108,16.3,16.4,16.2,16.3,321124.0,16.28,16.4456,16.42,16.5758,17.0971,0.0,-1.5106,-1.8072,1.4599,-0.8851,-0.7308,-6.5903
20260109,16.3,16.45,16.25,16.45,308767.0,16.31,16.4459,16.415,16.56,17.0783,0.9202,0.9202,-0.6042,1.3413,0.0247,0.2132,-5.7307
20260112,16.45,16.55,16.25,16.5,409060.0,16.38,16.4504,16.4125,16.5542,17.0667,0.304,2.1672,-0.3021,1.7029,0.3013,0.5331,-5.1724
20260113,16.5,16.55,16.25,16.55,815227.0,16.42,16.4587,16.425,16.5483,17.0529,0.303,1.2232,1.5337,3.0102,0.5545,0.761,-4.8851
20260114,16.45,16.5,16.3,16.3,481690.0,16.42,16.4455,16.425,16.54,17.0392,-1.5106,0.0,0.0,1.672,-0.8848,-0.761,-6.3218
20260115,16.35,16.45,16.3,16.45,323161.0,16.45,16.4459,16.4325,16.5375,17.0238,0.9202,0.9202,0.9202,1.0851,0.0251,0.1065,-5.4598
20260116,16.4,16.5,16.25,16.5,760452.0,16.46,16.4504,16.435,16.5408,17.0088,0.304,0.304,0.304,2.2996,0.3016,0.3955,-5.1724
20260119,16.35,16.65,16.3,16.55,346505.0,16.47,16.4587,16.4425,16.54,16.995,0.303,0.303,0.9146,1.0109,0.5548,0.6538,-4.8851
20260120,16.55,16.65,16.4,16.5,156525.0,16.46,16.4621,16.4425,16.5383,16.9825,-0.3021,-0.3021,0.0,0.4584,0.23,0.3497,-5.1724
20260121,16.5,16.5,16.3,16.5,544338.0,16.5,16.4653,16.44,16.5325,16.97,0.0,1.227,-0.3021,1.5012,0.2108,0.365,-5.1724
20260122,16.5,16.6,16.3,16.3,136287.0,16.47,16.4515,16.435,16.5233,16.9558,-1.2121,-0.9119,-0.6098,0.3725,-0.921,-0.8214,-6.3218
20260123,16.35,16.4,16.2,16.2,153549.0,16.41,16.4306,16.4275,16.5183,16.9392,-0.6135,-1.8182,-0.9174,0.4142,-1.4032,-1.3849,-6.8966
20260126,16.35,16.45,16.2,16.25,197000.0,16.35,16.4155,16.4125,16.5133,16.9246,0.3086,-1.8127,-1.8127,0.5212,-1.0082,-0.9901,-6.6092
20260127,16.3,16.45,16.25,16.25,88542.0,16.3,16.4017,16.39,16.5075,16.91,0.0,-1.5152,-2.6946,0.2395,-0.925,-0.8542,-6.6092
20260128,16.35,16.4,16.15,16.15,159266.0,16.23,16.3807,16.37,16.5058,16.8938,-0.6154,-2.1212,-2.4169,0.4797,-1.4086,-1.3439,-7.1839
20260129,16.25,16.4,16.2,16.2,111507.0,16.21,16.3657,16.3525,16.5017,16.8779,0.3096,-0.6135,-2.1148,0.3513,-1.0124,-0.9326,-6.8966
20260130,16.3,16.35,16.25,16.25,99371.0,16.22,16.356,16.35,16.4983,16.8633,0.3086,0.3086,-0.3067,0.3314,-0.6483,-0.6116,-6.6092
20260202,16.25,16.3,15.75,15.9,380628.0,16.15,16.318,16.3375,16.4892,16.8458,-2.1538,-2.1538,-1.548,1.2105,-2.5618,-2.6779,-8.6207
20260203,16.15,16.3,15.95,16.15,114060.0,16.13,16.304,16.3275,16.4833,16.8325,1.5723,-0.6154,-1.2232,0.3787,-0.9448,-1.0871,-7.1839
20260204,16.1,16.35,15.95,16.35,160961.0,16.17,16.3079,16.33,16.4792,16.8188,1.2384,1.2384,0.3067,0.5305,0.2584,0.1225,-6.0345
20260205,16.3,16.55,16.15,16.25,128065.0,16.18,16.303,16.3275,16.4725,16.8038,-0.6116,0.3086,-0.3067,0.436,-0.3253,-0.4747,-6.6092
20260206,16.25,16.3,16.1,16.15,123116.0,16.16,16.2903,16.3125,16.4642,16.7871,-0.6154,-0.6154,-1.8237,0.4328,-0.8612,-0.9962,-7.1839
20260209,16.15,16.45,16.1,16.45,233063.0,16.27,16.3036,16.31,16.4533,16.7725,1.8576,3.4591,-0.303,0.8455,0.898,0.8584,-4.9133
20260210,16.25,16.55,16.25,16.45,251170.0,16.33,16.3158,16.305,16.4442,16.7575,0.0,1.8576,-0.6042,1.015,0.8225,0.8893,-4.9133
20260211,16.45,16.55,16.3,16.4,169070.0,16.34,16.3228,16.31,16.4333,16.7425,-0.304,0.3058,0.6135,0.7293,0.4729,0.5518,-3.2448
20260223,16.6,16.7,16.45,16.55,251009.0,16.4,16.3417,16.315,16.4342,16.7279,0.9146,1.8462,0.6079,1.0998,1.2744,1.4404,-2.071
20260224,16.55,16.7,16.35,16.6,221052.0,16.49,16.3633,16.32,16.4417,16.7175,0.3021,2.7864,0.6061,1.0984,1.4467,1.7157,-1.7751
20260225,16.6,16.7,16.35,16.45,145398.0,16.49,16.3705,16.315,16.4375,16.705,-0.9036,0.0,-0.6042,0.7605,0.4857,0.8275,-2.6627
20260226,16.45,16.7,16.35,16.7,198183.0,16.54,16.398,16.325,16.4417,16.695,1.5198,1.5198,1.2121,1.0254,1.842,2.2971,-1.1834
20260302,16.65,16.65,16.35,16.5,171555.0,16.56,16.4065,16.325,16.4408,16.6842,-1.1976,0.6098,0.0,0.9823,0.5702,1.072,-2.3669
20260303,16.35,16.55,16.0,16.05,368866.0,16.46,16.3768,16.3125,16.4308,16.6717,-2.7273,-3.0211,-1.5337,1.9803,-1.9952,-1.6092,-5.0296
20260304,15.85,16.2,15.5,15.5,244193.0,16.24,16.3037,16.2775,16.4133,16.6546,-3.4268,-6.6265,-4.321,1.2798,-4.9295,-4.7765,-8.284
20260305,15.75,16.15,15.6,15.8,234661.0,16.11,16.2617,16.255,16.4,16.6392,1.9355,-3.9514,-2.7692,1.2178,-2.8393,-2.7991,-6.5089
20260306,15.7,16.05,15.7,16.0,185284.0,15.97,16.2399,16.2425,16.3892,16.6275,1.2658,-4.1916,-1.5385,0.938,-1.4773,-1.493,-5.3254
20260309,15.45,15.9,15.0,15.9,450475.0,15.85,16.2116,16.23,16.3775,16.6125,-0.625,-3.6364,-1.548,2.124,-1.922,-2.0333,-5.9172
20260310,15.95,16.1,15.55,15.8,202407.0,15.8,16.1773,16.21,16.3625,16.5988,-0.6289,-1.5576,-2.4691,0.9343,-2.3322,-2.5293,-6.5089
20260311,15.95,16.05,15.8,15.85,148062.0,15.87,16.15,16.19,16.3458,16.5858,0.3165,2.2581,-2.4615,0.6759,-1.8576,-2.1001,-6.213
20260312,15.7,15.85,15.65,15.85,164009.0,15.88,16.125,16.1875,16.3308,16.5746,0.0,0.3165,-0.3145,0.7876,-1.7055,-2.0849,-5.6548
20260313,15.55,15.85,15.55,15.85,217527.0,15.85,16.1021,16.1725,16.3183,16.5629,0.0,-0.9375,-1.8576,1.0193,-1.5656,-1.9941,-5.0898
20260316,15.85,16.05,15.6,15.85,367154.0,15.84,16.0811,16.1475,16.3042,16.5508,0.0,-0.3145,-3.0581,1.6412,-1.437,-1.8424,-5.0898
20260317,15.85,15.85,15.45,15.45,363292.0,15.77,16.0285,16.1075,16.285,16.5342,-2.5237,-2.2152,-4.9231,1.5428,-3.6092,-4.0819,-7.485
20260318,15.65,15.75,15.5,15.7,123000.0,15.74,16.0011,16.085,16.2708,16.5188,1.6181,-0.9464,-2.7864,0.5224,-1.8819,-2.3935,-5.988
20260319,15.5,15.75,15.5,15.6,98230.0,15.69,15.9677,16.0425,16.255,16.5046,-0.6369,-1.5773,-5.1672,0.4295,-2.3027,-2.7583,-6.5868
20260320,15.55,15.55,15.05,15.1,373360.0,15.54,15.8954,15.975,16.235,16.4858,-3.2051,-4.7319,-8.2067,1.5899,-5.0039,-5.4773,-9.5808
20260323,14.95,15.1,14.8,14.9,494425.0,15.35,15.8124,15.9,16.2117,16.4646,-1.3245,-5.9937,-9.1463,1.969,-5.7704,-6.2893,-10.7784
20260324,15.0,15.15,14.7,14.9,159250.0,15.24,15.7364,15.8175,16.1883,16.4433,0.0,-3.5599,-9.9698,0.646,-5.3151,-5.8005,-10.7784
20260325,15.05,15.3,14.95,15.15,190255.0,15.13,15.6875,15.745,16.1667,16.4242,1.6779,-3.5032,-8.7349,0.7766,-3.4265,-3.779,-9.2814
20260326,15.2,15.6,15.1,15.35,155735.0,15.08,15.6594,15.69,16.1492,16.4096,1.3201,-1.6026,-6.6869,0.6344,-1.9758,-2.167,-8.0838
20260327,15.25,15.4,15.25,15.35,15417.0,15.13,15.6336,15.6225,16.13,16.3963,0.0,1.6556,-8.0838,0.0652,-1.8142,-1.7443,-8.0838
20260330,15.0,15.4,14.95,15.4,150024.0,15.23,15.6142,15.5675,16.1108,16.3825,0.3257,3.3557,-6.6667,0.6376,-1.3715,-1.076,-7.7844
20260331,15.25,15.4,15.05,15.3,178251.0,15.31,15.588,15.53,16.0925,16.3675,-0.6494,2.6846,-4.6729,0.7896,-1.8474,-1.481,-8.3832
20260401,15.25,15.35,14.95,14.95,424540.0,15.27,15.5348,15.5025,16.0692,16.3508,-2.2876,-1.3201,-3.5484,1.8083,-3.7645,-3.5639,-10.479
20260402,15.0,15.1,14.4,14.4,422179.0,15.08,15.4402,15.4325,16.0333,16.3312,-3.6789,-6.1889,-8.8608,1.7292,-6.7372,-6.6904,-13.7725
20260407,14.35,14.7,14.35,14.45,168849.0,14.9,15.3577,15.355,15.9958,16.3108,0.3472,-5.8632,-9.6875,0.6939,-5.9105,-5.8938,-13.4731
20260408,14.6,15.0,14.6,15.0,186232.0,14.82,15.3279,15.31,15.97,16.2954,3.8062,-2.5974,-5.6604,0.8093,-2.1393,-2.0248,-10.1796
20260409,15.05,15.4,15.0,15.4,185094.0,14.84,15.3339,15.29,15.9508,16.2862,2.6667,0.6536,-2.5316,0.8074,0.4309,0.7194,-7.7844
20260410,15.4,15.55,15.2,15.2,126766.0,14.89,15.3228,15.2575,15.9325,16.2738,-1.2987,1.6722,-4.1009,0.5556,-0.8012,-0.3769,-8.982
20260413,15.25,15.3,15.05,15.15,169042.0,15.04,15.3084,15.2225,15.9158,16.2596,-0.3289,5.2083,-4.4164,0.74,-1.0345,-0.4763,-9.2814
20260414,15.35,15.55,15.25,15.45,183246.0,15.24,15.3202,15.2025,15.9008,16.2479,1.9802,6.9204,-2.5237,0.8083,0.8475,1.628,-7.485
20260415,15.55,15.75,15.45,15.7,184542.0,15.38,15.3518,15.195,15.8908,16.24,1.6181,4.6667,-0.9464,0.8481,2.268,3.3235,-5.988
20260416,15.75,16.1,15.75,15.95,282835.0,15.49,15.4017,15.22,15.885,16.2304,1.5924,3.5714,3.2362,1.3244,3.5602,4.7963,-4.491
20260417,15.85,16.0,15.5,15.85,175391.0,15.62,15.439,15.2275,15.875,16.2175,-0.627,4.2763,0.9554,0.8113,2.6619,4.088,-5.0898
20260420,15.85,15.9,15.5,15.5,155170.0,15.69,15.4441,15.2225,15.8583,16.2062,-2.2082,2.3102,-0.641,0.7084,0.3619,1.823,-7.1856
20260421,15.7,15.75,15.4,15.6,123043.0,15.72,15.4571,15.2475,15.8425,16.1954,0.6452,0.9709,3.3113,0.5958,0.9245,2.3119,-6.5868
20260422,15.7,15.7,15.05,15.1,153804.0,15.6,15.4273,15.2575,15.8225,16.1812,-3.2051,-3.8217,1.3423,0.8117,-2.1218,-1.0323,-9.5808
20260423,15.1,15.2,14.75,14.75,254798.0,15.36,15.3709,15.25,15.7942,16.1658,-2.3179,-7.5235,-1.0067,1.3116,-4.0394,-3.2787,-11.6766
20260424,14.8,15.0,14.65,14.95,303335.0,15.18,15.3358,15.24,15.7683,16.1546,1.3559,-5.6782,-1.3201,1.5173,-2.5158,-1.9029,-10.479
20260427,15.0,15.0,14.7,14.9,141250.0,15.06,15.2995,15.2175,15.7408,16.1404,-0.3344,-3.871,-2.9316,0.7091,-2.6112,-2.0864,-10.7784
20260428,15.0,15.05,14.85,15.05,67350.0,14.95,15.2787,15.2025,15.7167,16.1275,1.0067,-3.5256,-1.9544,0.3338,-1.4969,-1.0031,-9.8802
20260429,15.15,15.85,15.05,15.6,325891.0,15.05,15.3055,15.2125,15.7017,16.1171,3.6545,3.3113,1.2987,1.5476,1.9242,2.5472,-6.5868
20260430,15.75,15.85,15.0,15.4,250065.0,15.18,15.3134,15.2175,15.6867,16.105,-1.2821,4.4068,0.6536,1.1676,0.5658,1.1993,-7.7844
20260504,15.25,15.4,15.0,15.0,149923.0,15.19,15.2872,15.22,15.6667,16.0925,-2.5974,0.3344,0.3344,0.748,-1.879,-1.4455,-10.1796
20260505,15.1,15.1,14.8,15.05,210950.0,15.22,15.2675,15.2525,15.6467,16.08,0.3333,1.0067,4.5139,1.111,-1.4244,-1.3277,-9.8802
20260506,15.15,15.2,14.95,15.1,115107.0,15.23,15.2535,15.285,15.6275,16.0675,0.3322,0.3322,4.4983,0.6149,-1.0065,-1.2103,-9.5808
20260507,15.05,15.25,14.95,15.1,149079.0,15.13,15.2407,15.29,15.61,16.0579,0.0,-3.2051,0.6667,0.8044,-0.9234,-1.2426,-9.5808
20260508,15.25,15.35,14.85,15.0,125657.0,15.05,15.2207,15.27,15.59,16.0458,-0.6623,-2.5974,-2.5974,0.6891,-1.4498,-1.7682,-10.1796
20260511,15.0,15.35,14.75,15.35,186373.0,15.12,15.2314,15.2775,15.575,16.0367,2.3333,2.3333,0.9868,1.0056,0.7784,0.4746,-8.0838
20260512,15.3,15.3,14.7,15.0,136038.0,15.11,15.2122,15.27,15.56,16.0246,-2.2801,-0.3322,-0.9901,0.7406,-1.3947,-1.7682,-10.1796
20260513,14.85,14.95,14.4,14.4,356078.0,14.97,15.1445,15.2175,15.5308,16.0071,-4.0,-4.6358,-6.7961,1.8514,-4.9158,-5.3721,-13.7725
20260514,14.4,14.55,14.1,14.4,273190.0,14.83,15.0824,15.1525,15.4983,15.9888,0.0,-4.6358,-8.2803,1.3884,-4.5247,-4.9662,-13.7725
20260515,14.4,14.5,14.15,14.2,128463.0,14.67,15.0089,15.065,15.4642,15.9683,-1.3889,-5.3333,-10.9718,0.6795,-5.3895,-5.7418,-14.9701
20260518,14.2,14.35,14.0,14.2,312483.0,14.44,14.9415,14.9825,15.4317,15.9479,0.0,-7.4919,-10.4101,1.5951,-4.9626,-5.2228,-14.9701
20260519,14.2,14.2,14.0,14.2,91195.0,14.28,14.8797,14.9175,15.3942,15.9238,0.0,-5.3333,-8.3871,0.4732,-4.568,-4.8098,-14.9701
20260520,14.1,14.1,13.9,13.9,126193.0,14.18,14.7981,14.8325,15.3517,15.8979,-2.1127,-3.4722,-10.8974,0.6543,-6.0688,-6.2869,-16.7665
20260521,14.0,14.2,13.9,14.2,299326.0,14.14,14.7482,14.7875,15.315,15.8742,2.1583,-1.3889,-5.9603,1.4956,-3.7172,-3.973,-14.9701
20260522,14.0,14.2,14.0,14.2,151760.0,14.14,14.7025,14.76,15.2758,15.855,0.0,0.0,-3.7288,0.7783,-3.418,-3.794,-14.9701
20260525,14.2,14.25,13.9,14.0,505501.0,14.1,14.644,14.7125,15.2325,15.8371,-1.4085,-1.4085,-6.3545,2.4647,-4.3977,-4.8428,-16.1677
20260526,14.0,14.1,13.9,14.0,167868.0,14.06,14.5903,14.6675,15.1917,15.8146,0.0,-1.4085,-6.0403,0.8132,-4.046,-4.5509,-16.1677
20260527,13.95,14.15,13.95,14.1,245168.0,14.1,14.5495,14.62,15.1483,15.795,0.7143,1.4388,-6.3123,1.1386,-3.0892,-3.5568,-15.3153
20260528,14.0,14.05,13.9,14.0,118671.0,14.06,14.5037,14.54,15.1067,15.7738,-0.7092,-1.4085,-10.2564,0.579,-3.4728,-3.7139,-15.4079
20260529,14.1,14.6,14.1,14.6,267904.0,14.14,14.5117,14.5,15.0825,15.7567,4.2857,2.8169,-5.1948,1.3015,0.6084,0.6897,-9.8765
