# PRICE_WINDOW_136

columns=date,open,high,low,close,volume,ma5,ma20,ma60,ma120,ema23,return_1d,return_5d,return_20d,volume_ratio,distance_to_ma20_pct,distance_to_high_60_pct

PRICE_WINDOW_180_ROW_001=20251103,18.45,18.45,18.2,18.4,881687,,,,,,,,,,,

PRICE_WINDOW_180_ROW_002=20251104,18.3,18.4,18.2,18.25,551219,,,,,,-0.8152,,,,,

PRICE_WINDOW_180_ROW_003=20251105,18.25,18.25,18.05,18.2,620673,,,,,,-0.274,,,,,

PRICE_WINDOW_180_ROW_004=20251106,18.2,18.35,18.2,18.35,325359,,,,,,0.8242,,,,,

PRICE_WINDOW_180_ROW_005=20251107,18.3,18.4,18.2,18.25,316470,18.29,18.29,18.29,18.29,18.36,-0.545,,,0.5871,-0.2187,-1.084

PRICE_WINDOW_180_ROW_006=20251110,18.2,18.35,18.15,18.2,316526,18.25,18.275,18.275,18.275,18.3467,-0.274,-1.087,,0.6305,-0.4104,-1.355

PRICE_WINDOW_180_ROW_007=20251111,18.3,18.3,18.05,18.15,716847,18.23,18.2571,18.2571,18.2571,18.3303,-0.2747,-0.5479,,1.3457,-0.5869,-1.626

PRICE_WINDOW_180_ROW_008=20251112,18.15,18.35,18.15,18.35,400078,18.26,18.2688,18.2688,18.2688,18.332,1.1019,0.8242,,0.7752,0.4447,-0.542

PRICE_WINDOW_180_ROW_009=20251113,18.35,18.5,18.2,18.45,827140,18.28,18.2889,18.2889,18.2889,18.3418,0.545,0.545,,1.5021,0.8809,-0.2703

PRICE_WINDOW_180_ROW_010=20251114,18.25,18.5,18.25,18.45,303737,18.32,18.305,18.305,18.305,18.3508,0.0,1.0959,,0.5775,0.7921,-0.2703

PRICE_WINDOW_180_ROW_011=20251117,18.45,18.45,18.1,18.2,714496,18.32,18.2955,18.2955,18.2955,18.3382,-1.355,0.0,,1.3156,-0.5217,-1.6216

PRICE_WINDOW_180_ROW_012=20251118,18.15,18.15,18.0,18.05,946980,18.3,18.275,18.275,18.275,18.3142,-0.8242,-0.551,,1.6419,-1.2312,-2.4324

PRICE_WINDOW_180_ROW_013=20251119,18.1,18.1,17.9,17.95,641781,18.22,18.25,18.25,18.25,18.2839,-0.554,-2.1798,,1.1032,-1.6438,-2.973

PRICE_WINDOW_180_ROW_014=20251120,18.0,18.1,17.95,18.05,327379,18.14,18.2357,18.2357,18.2357,18.2644,0.5571,-2.168,,0.5809,-1.0184,-2.4324

PRICE_WINDOW_180_ROW_015=20251121,17.9,18.1,17.85,17.95,588922,18.04,18.2167,18.2167,18.2167,18.2382,-0.554,-2.71,,1.0418,-1.4639,-2.973

PRICE_WINDOW_180_ROW_016=20251124,17.95,18.1,17.95,18.1,196374,18.02,18.2094,18.2094,18.2094,18.2267,0.8357,-0.5495,,0.3622,-0.6007,-2.1622

PRICE_WINDOW_180_ROW_017=20251125,18.05,18.1,18.0,18.1,186225,18.03,18.2029,18.2029,18.2029,18.2161,0.0,0.277,,0.3572,-0.5655,-2.1622

PRICE_WINDOW_180_ROW_018=20251126,18.1,18.25,18.1,18.25,347718,18.09,18.2056,18.2056,18.2056,18.2189,0.8287,1.6713,,0.6796,0.2441,-1.3514

PRICE_WINDOW_180_ROW_019=20251127,18.15,18.3,18.15,18.15,179159,18.11,18.2026,18.2026,18.2026,18.2132,-0.5479,0.554,,0.3626,-0.2891,-1.8919

PRICE_WINDOW_180_ROW_020=20251128,18.1,18.25,18.05,18.2,252840,18.16,18.2025,18.2025,18.2025,18.2121,0.2755,1.3928,,0.5245,-0.0137,-1.6216

PRICE_WINDOW_180_ROW_021=20251201,18.1,18.25,18.05,18.2,241821,18.18,18.1925,18.2024,18.2024,18.2111,0.0,0.5525,-1.087,0.5373,0.0412,-1.6216

PRICE_WINDOW_180_ROW_022=20251202,18.2,18.35,18.2,18.3,554883,18.22,18.195,18.2068,18.2068,18.2185,0.5495,1.105,0.274,1.2323,0.5771,-1.0811

PRICE_WINDOW_180_ROW_023=20251203,18.3,18.4,18.1,18.15,438556,18.2,18.1925,18.2043,18.2043,18.2128,-0.8197,-0.5479,-0.2747,0.9941,-0.2336,-1.8919

PRICE_WINDOW_180_ROW_024=20251204,18.15,18.25,18.15,18.15,112620,18.2,18.1825,18.2021,18.2021,18.2076,0.0,0.0,-1.0899,0.2616,-0.1787,-1.8919

PRICE_WINDOW_180_ROW_025=20251205,18.25,18.25,18.05,18.15,483065,18.19,18.1775,18.2,18.2,18.2028,0.0,-0.2747,-0.5479,1.1007,-0.1513,-1.8919

PRICE_WINDOW_180_ROW_026=20251208,18.15,18.15,18.05,18.1,167469,18.17,18.1725,18.1962,18.1962,18.1942,-0.2755,-0.5495,-0.5495,0.3882,-0.399,-2.1622

PRICE_WINDOW_180_ROW_027=20251209,18.05,18.1,18.05,18.05,257934,18.12,18.1675,18.1907,18.1907,18.1822,-0.2762,-1.3661,-0.551,0.6315,-0.6468,-2.4324

PRICE_WINDOW_180_ROW_028=20251210,18.2,18.2,18.05,18.05,210293,18.1,18.1525,18.1857,18.1857,18.1712,0.0,-0.551,-1.6349,0.5271,-0.5647,-2.4324

PRICE_WINDOW_180_ROW_029=20251211,18.2,18.2,18.05,18.05,279455,18.08,18.1325,18.181,18.181,18.1611,0.0,-0.551,-2.168,0.7521,-0.455,-2.4324

PRICE_WINDOW_180_ROW_030=20251212,18.15,18.45,18.15,18.2,664986,18.09,18.12,18.1817,18.1817,18.1643,0.831,0.2755,-1.355,1.7066,0.4415,-1.6216

PRICE_WINDOW_180_ROW_031=20251215,18.3,18.3,18.1,18.2,307515,18.11,18.12,18.1823,18.1823,18.1673,0.0,0.5525,0.0,0.8327,0.4415,-1.6216

PRICE_WINDOW_180_ROW_032=20251216,18.1,18.2,18.05,18.2,334952,18.14,18.1275,18.1828,18.1828,18.17,0.0,0.831,0.831,0.9889,0.3999,-1.6216

PRICE_WINDOW_180_ROW_033=20251217,18.25,18.25,18.0,18.05,592999,18.14,18.1325,18.1788,18.1788,18.16,-0.8242,0.0,0.5571,1.7635,-0.455,-2.4324

PRICE_WINDOW_180_ROW_034=20251218,18.05,18.1,17.95,18.05,341619,18.14,18.1325,18.175,18.175,18.1508,0.0,0.0,0.0,1.0138,-0.455,-2.4324

PRICE_WINDOW_180_ROW_035=20251219,18.0,18.15,18.0,18.15,192468,18.13,18.1425,18.1743,18.1743,18.1508,0.554,-0.2747,1.1142,0.6069,0.0413,-1.8919

PRICE_WINDOW_180_ROW_036=20251222,18.15,18.25,18.1,18.2,210930,18.13,18.1475,18.175,18.175,18.1549,0.2755,0.0,0.5525,0.6636,0.2893,-1.6216

PRICE_WINDOW_180_ROW_037=20251223,18.15,18.2,18.1,18.2,196253,18.13,18.1525,18.1757,18.1757,18.1586,0.0,0.0,0.5525,0.6164,0.2617,-1.6216

PRICE_WINDOW_180_ROW_038=20251224,18.15,18.2,18.1,18.15,149952,18.15,18.1475,18.175,18.175,18.1579,-0.2747,0.554,-0.5479,0.4861,0.0138,-1.8919

PRICE_WINDOW_180_ROW_039=20251226,18.15,18.2,18.1,18.1,251489,18.16,18.145,18.1731,18.1731,18.1531,-0.2755,0.277,-0.2755,0.8058,-0.248,-2.1622

PRICE_WINDOW_180_ROW_040=20251229,18.1,18.2,18.1,18.15,160578,18.16,18.1425,18.1725,18.1725,18.1528,0.2762,0.0,-0.2747,0.5222,0.0413,-1.8919

PRICE_WINDOW_180_ROW_041=20251230,18.1,18.2,18.05,18.15,379828,18.15,18.14,18.172,18.172,18.1526,0.0,-0.2747,-0.2747,1.2081,0.0551,-1.8919

PRICE_WINDOW_180_ROW_042=20251231,18.15,18.3,18.05,18.2,554827,18.15,18.135,18.1726,18.1726,18.1565,0.2755,0.0,-0.5464,1.7648,0.3584,-1.6216

PRICE_WINDOW_180_ROW_043=20260102,18.2,18.25,18.15,18.15,265240,18.15,18.135,18.1721,18.1721,18.156,-0.2747,0.0,0.0,0.8676,0.0827,-1.8919

PRICE_WINDOW_180_ROW_044=20260105,18.15,18.2,18.0,18.1,615424,18.15,18.1325,18.1705,18.1705,18.1513,-0.2755,0.0,-0.2755,1.8601,-0.1792,-2.1622

PRICE_WINDOW_180_ROW_045=20260106,18.1,18.1,18.0,18.05,584131,18.13,18.1275,18.1678,18.1678,18.1429,-0.2762,-0.551,-0.551,1.7389,-0.4275,-2.4324

PRICE_WINDOW_180_ROW_046=20260107,18.1,18.25,18.05,18.15,512945,18.13,18.13,18.1674,18.1674,18.1435,0.554,0.0,0.2762,1.4523,0.1103,-1.8919

PRICE_WINDOW_180_ROW_047=20260108,18.15,18.25,18.1,18.1,374709,18.11,18.1325,18.166,18.166,18.1399,-0.2755,-0.5495,0.277,1.0437,-0.1792,-2.1622

PRICE_WINDOW_180_ROW_048=20260109,18.1,18.3,18.1,18.25,543034,18.13,18.1425,18.1677,18.1677,18.149,0.8287,0.551,1.108,1.4455,0.5925,-1.3514

PRICE_WINDOW_180_ROW_049=20260112,18.25,18.35,18.2,18.35,446735,18.18,18.1575,18.1714,18.1714,18.1658,0.5479,1.3812,1.662,1.1633,1.0602,-0.8108

PRICE_WINDOW_180_ROW_050=20260113,18.35,18.4,18.2,18.3,619522,18.23,18.1625,18.174,18.174,18.177,-0.2725,1.385,0.5495,1.6228,0.7571,-1.0811

PRICE_WINDOW_180_ROW_051=20260114,18.4,18.45,18.2,18.35,580519,18.27,18.17,18.1775,18.1775,18.1914,0.2732,1.1019,0.8242,1.4682,0.9906,-0.8108

PRICE_WINDOW_180_ROW_052=20260115,18.45,18.45,18.3,18.4,516574,18.33,18.18,18.1817,18.1817,18.2088,0.2725,1.6575,1.0989,1.2771,1.2101,-0.5405

PRICE_WINDOW_180_ROW_053=20260116,18.4,18.45,18.3,18.35,462263,18.35,18.195,18.1849,18.1849,18.2205,-0.2717,0.5479,1.662,1.1616,0.8519,-0.8108

PRICE_WINDOW_180_ROW_054=20260119,18.3,18.6,18.25,18.5,1021183,18.38,18.2175,18.1907,18.1907,18.2438,0.8174,0.8174,2.4931,2.3642,1.5507,-0.5376

PRICE_WINDOW_180_ROW_055=20260120,18.45,18.5,18.35,18.4,386617,18.4,18.23,18.1945,18.1945,18.2568,-0.5405,0.5464,1.3774,0.8754,0.9325,-1.0753

PRICE_WINDOW_180_ROW_056=20260121,18.35,18.35,18.2,18.3,650588,18.39,18.235,18.1964,18.1964,18.2604,-0.5435,-0.2725,0.5495,1.4033,0.3565,-1.6129

PRICE_WINDOW_180_ROW_057=20260122,18.3,18.4,18.25,18.4,591959,18.39,18.245,18.2,18.2,18.2721,0.5464,0.0,1.0989,1.2246,0.8495,-1.0753

PRICE_WINDOW_180_ROW_058=20260123,18.4,18.4,18.25,18.4,366676,18.4,18.2575,18.2034,18.2034,18.2827,0.0,0.2725,1.3774,0.7419,0.7805,-1.0753

PRICE_WINDOW_180_ROW_059=20260126,18.4,18.65,18.35,18.5,848991,18.4,18.2775,18.2085,18.2085,18.3008,0.5435,0.0,2.2099,1.6198,1.2173,-0.8043

PRICE_WINDOW_180_ROW_060=20260127,18.65,18.8,18.5,18.6,820244,18.44,18.3,18.215,18.215,18.3258,0.5405,1.087,2.4793,1.4723,1.6393,-1.0638

PRICE_WINDOW_180_ROW_061=20260128,18.7,18.7,18.4,18.55,763481,18.49,18.32,18.2175,18.2205,18.3445,-0.2688,1.3661,2.2039,1.3248,1.2555,-1.3298

PRICE_WINDOW_180_ROW_062=20260129,18.55,18.55,18.4,18.45,368465,18.5,18.3325,18.2208,18.2242,18.3532,-0.5391,0.2717,1.3736,0.6499,0.6409,-1.8617

PRICE_WINDOW_180_ROW_063=20260130,18.5,18.5,18.25,18.25,382403,18.47,18.3375,18.2217,18.2246,18.3446,-1.084,-0.8152,0.551,0.6676,-0.4772,-2.9255

PRICE_WINDOW_180_ROW_064=20260202,18.25,18.25,18.05,18.1,490580,18.39,18.3375,18.2175,18.2227,18.3243,-0.8219,-2.1622,0.0,0.8659,-1.2952,-3.7234

PRICE_WINDOW_180_ROW_065=20260203,18.15,18.2,18.0,18.15,651222,18.3,18.3425,18.2158,18.2215,18.3097,0.2762,-2.4194,0.554,1.1426,-1.0495,-3.4574

PRICE_WINDOW_180_ROW_066=20260204,18.15,18.2,18.1,18.2,280202,18.23,18.345,18.2158,18.2212,18.3006,0.2755,-1.8868,0.2755,0.5019,-0.7904,-3.1915

PRICE_WINDOW_180_ROW_067=20260205,18.15,18.35,18.1,18.3,481845,18.2,18.355,18.2183,18.2224,18.3005,0.5495,-0.813,1.105,0.8549,-0.2996,-2.6596

PRICE_WINDOW_180_ROW_068=20260206,18.15,18.15,18.05,18.05,443800,18.16,18.345,18.2133,18.2199,18.2797,-1.3661,-1.0959,-1.0959,0.7944,-1.6081,-3.9894

PRICE_WINDOW_180_ROW_069=20260209,18.05,18.2,18.0,18.05,509781,18.15,18.33,18.2067,18.2174,18.2605,0.0,-0.2762,-1.6349,0.9073,-1.5276,-3.9894

PRICE_WINDOW_180_ROW_070=20260210,18.05,18.15,17.95,18.05,503938,18.13,18.3175,18.2,18.215,18.243,0.0,-0.551,-1.3661,0.9063,-1.4604,-3.9894

PRICE_WINDOW_180_ROW_071=20260211,18.1,18.2,18.05,18.2,343076,18.13,18.31,18.2,18.2148,18.2394,0.831,0.0,-0.8174,0.6304,-0.6008,-3.1915

PRICE_WINDOW_180_ROW_072=20260223,18.3,18.5,18.25,18.35,793986,18.14,18.3075,18.205,18.2167,18.2486,0.8242,0.2732,-0.2717,1.4227,0.2321,-2.3936

PRICE_WINDOW_180_ROW_073=20260224,18.35,18.4,18.3,18.4,576666,18.21,18.31,18.2125,18.2192,18.2612,0.2725,1.9391,0.2725,1.0228,0.4915,-2.1277

PRICE_WINDOW_180_ROW_074=20260225,18.35,18.4,18.2,18.25,941107,18.25,18.2975,18.2158,18.2196,18.2603,-0.8152,1.108,-1.3514,1.6812,-0.2596,-2.9255

PRICE_WINDOW_180_ROW_075=20260226,18.25,18.3,18.15,18.3,799511,18.3,18.2925,18.2217,18.2207,18.2636,0.274,1.385,-0.5435,1.3775,0.041,-2.6596

PRICE_WINDOW_180_ROW_076=20260302,18.3,18.3,18.05,18.15,639249,18.29,18.285,18.2225,18.2197,18.2541,-0.8197,-0.2747,-0.8197,1.1024,-0.7383,-3.4574

PRICE_WINDOW_180_ROW_077=20260303,18.15,18.2,18.0,18.1,837898,18.24,18.27,18.2225,18.2182,18.2413,-0.2755,-1.3624,-1.6304,1.415,-0.9305,-3.7234

PRICE_WINDOW_180_ROW_078=20260304,18.15,18.15,17.85,17.85,1601699,18.13,18.2425,18.2158,18.2135,18.2087,-1.3812,-2.9891,-2.9891,2.4494,-2.1516,-5.0532

PRICE_WINDOW_180_ROW_079=20260305,17.9,18.1,17.9,17.9,427276,18.06,18.2125,18.2117,18.2095,18.183,0.2801,-1.9178,-3.2432,0.6752,-1.7159,-4.7872

PRICE_WINDOW_180_ROW_080=20260306,17.9,18.2,17.85,18.1,436041,18.02,18.1875,18.21,18.2081,18.176,1.1173,-1.0929,-2.6882,0.7106,-0.4811,-3.7234

PRICE_WINDOW_180_ROW_081=20260309,18.05,18.05,17.75,17.9,1193726,17.97,18.155,18.205,18.2043,18.153,-1.105,-1.3774,-3.504,1.8795,-1.4046,-4.7872

PRICE_WINDOW_180_ROW_082=20260310,18.1,18.4,18.05,18.2,1238350,17.99,18.1425,18.2033,18.2043,18.157,1.676,0.5525,-1.355,1.8248,0.3169,-3.1915

PRICE_WINDOW_180_ROW_083=20260311,18.2,18.55,18.2,18.45,1448977,18.11,18.1525,18.2083,18.2072,18.1814,1.3736,3.3613,1.0959,1.9796,1.6389,-1.8617

PRICE_WINDOW_180_ROW_084=20260312,18.6,19.15,18.6,19.05,3854431,18.34,18.2,18.2233,18.2173,18.2538,3.252,6.4246,5.2486,4.282,4.6703,-0.5222

PRICE_WINDOW_180_ROW_085=20260313,19.2,19.3,19.0,19.15,2681452,18.55,18.25,18.24,18.2282,18.3284,0.5249,5.8011,5.5096,2.677,4.9315,-0.7772

PRICE_WINDOW_180_ROW_086=20260316,19.1,19.2,19.0,19.2,1393722,18.81,18.3,18.2583,18.2395,18.4011,0.2611,7.2626,5.4945,1.3182,4.918,-0.5181

PRICE_WINDOW_180_ROW_087=20260317,19.2,19.2,18.95,19.15,1086520,19.0,18.3425,18.2767,18.25,18.4635,-0.2604,5.2198,4.6448,0.999,4.4023,-0.7772

PRICE_WINDOW_180_ROW_088=20260318,19.2,19.3,19.15,19.25,1052746,19.16,18.4025,18.2967,18.2614,18.529,0.5222,4.336,6.6482,0.9416,4.6054,-0.2591

PRICE_WINDOW_180_ROW_089=20260319,19.25,19.3,19.05,19.1,822650,19.17,18.455,18.3142,18.2708,18.5766,-0.7792,0.2625,5.8172,0.7257,3.495,-1.0363

PRICE_WINDOW_180_ROW_090=20260320,19.1,19.2,19.05,19.05,668454,19.15,18.505,18.3283,18.2794,18.6161,-0.2618,-0.5222,5.5402,0.5854,2.9451,-1.2953

PRICE_WINDOW_180_ROW_091=20260323,18.95,19.1,18.85,19.0,775646,19.11,18.545,18.3417,18.2874,18.6481,-0.2625,-1.0417,4.3956,0.6666,2.4535,-1.5544

PRICE_WINDOW_180_ROW_092=20260324,19.15,19.25,19.0,19.2,769298,19.12,18.5875,18.3583,18.2973,18.6941,1.0526,0.2611,4.6322,0.6619,3.2952,-0.5181

PRICE_WINDOW_180_ROW_093=20260325,19.35,19.35,19.15,19.2,627599,19.11,18.6275,18.3775,18.307,18.7362,0.0,-0.2597,4.3478,0.5388,3.0734,-0.7752

PRICE_WINDOW_180_ROW_094=20260326,19.3,19.35,19.15,19.2,617153,19.13,18.675,18.3967,18.3165,18.7749,0.0,0.5236,5.2055,0.5373,2.8112,-0.7752

PRICE_WINDOW_180_ROW_095=20260327,19.2,19.35,19.15,19.3,749525,19.18,18.725,18.4158,18.3268,18.8186,0.5208,1.3123,5.4645,0.654,3.0708,-0.2584

PRICE_WINDOW_180_ROW_096=20260330,19.3,19.45,19.15,19.35,1024637,19.25,18.785,18.435,18.3375,18.8629,0.2591,1.8421,6.6116,0.8792,3.0077,-0.5141

PRICE_WINDOW_180_ROW_097=20260331,19.4,19.45,19.2,19.3,1007277,19.27,18.845,18.4533,18.3474,18.8993,-0.2584,0.5208,6.6298,0.8581,2.4144,-0.7712

PRICE_WINDOW_180_ROW_098=20260401,19.35,19.5,19.3,19.5,816580,19.33,18.9275,18.4758,18.3592,18.9494,1.0363,1.5625,9.2437,0.7197,3.0247,0.0

PRICE_WINDOW_180_ROW_099=20260402,19.5,19.6,19.4,19.45,616400,19.38,19.005,18.4983,18.3702,18.9911,-0.2564,1.3021,8.6592,0.5388,2.3415,-0.7653

PRICE_WINDOW_180_ROW_100=20260407,19.45,19.6,19.35,19.5,705199,19.42,19.075,18.5208,18.3815,19.0335,0.2571,1.0363,7.7348,0.6092,2.228,-0.5102

PRICE_WINDOW_180_ROW_101=20260408,19.6,19.6,19.4,19.45,1022713,19.44,19.1525,18.5425,18.3921,19.0682,-0.2564,0.5168,8.6592,0.8901,1.5533,-0.7653

PRICE_WINDOW_180_ROW_102=20260409,19.45,19.45,19.3,19.35,636869,19.45,19.21,18.5617,18.4015,19.0917,-0.5141,0.2591,6.3187,0.5692,0.7288,-1.2755

PRICE_WINDOW_180_ROW_103=20260410,19.35,19.45,19.35,19.35,615123,19.42,19.255,18.5817,18.4107,19.1132,0.0,-0.7692,4.878,0.571,0.4934,-1.2755

PRICE_WINDOW_180_ROW_104=20260413,19.3,19.5,19.25,19.45,761798,19.42,19.275,18.6042,18.4207,19.1413,0.5168,0.0,2.0997,0.8257,0.9079,-0.7653

PRICE_WINDOW_180_ROW_105=20260414,19.5,19.55,19.25,19.3,747617,19.38,19.2825,18.625,18.429,19.1545,-0.7712,-1.0256,0.7833,0.9052,0.0908,-1.5306

PRICE_WINDOW_180_ROW_106=20260415,19.3,19.35,19.0,19.15,1394643,19.32,19.28,18.6417,18.4358,19.1541,-0.7772,-1.5424,-0.2604,1.6886,-0.6743,-2.2959

PRICE_WINDOW_180_ROW_107=20260416,19.1,19.2,19.1,19.2,705626,19.29,19.2825,18.66,18.443,19.158,0.2611,-0.7752,0.2611,0.8745,-0.4278,-2.0408

PRICE_WINDOW_180_ROW_108=20260417,19.15,19.25,18.95,19.05,1010717,19.23,19.2725,18.6733,18.4486,19.149,-0.7812,-1.5504,-1.039,1.2559,-1.1545,-2.8061

PRICE_WINDOW_180_ROW_109=20260420,19.05,19.05,18.8,18.95,1155187,19.13,19.265,18.6833,18.4532,19.1324,-0.5249,-2.5707,-0.7853,1.4064,-1.6351,-3.3163

PRICE_WINDOW_180_ROW_110=20260421,19.0,19.05,18.9,19.0,534604,19.07,19.2625,18.695,18.4582,19.1214,0.2639,-1.5544,-0.2625,0.6562,-1.3628,-3.0612

PRICE_WINDOW_180_ROW_111=20260422,19.05,19.05,18.9,19.0,396585,19.04,19.2625,18.7058,18.4631,19.1112,0.0,-0.7833,0.0,0.4984,-1.3628,-3.0612

PRICE_WINDOW_180_ROW_112=20260423,19.0,19.05,18.65,18.75,1440783,18.95,19.24,18.7117,18.4656,19.0811,-1.3158,-2.3438,-2.3438,1.7373,-2.5468,-4.3367

PRICE_WINDOW_180_ROW_113=20260424,18.75,18.8,18.65,18.8,461758,18.9,19.22,18.7192,18.4686,19.0577,0.2667,-1.3123,-2.0833,0.5624,-2.1852,-4.0816

PRICE_WINDOW_180_ROW_114=20260427,18.8,18.85,18.6,18.8,829241,18.87,19.2,18.7242,18.4715,19.0362,0.0,-0.7916,-2.0833,0.9971,-2.0833,-4.0816

PRICE_WINDOW_180_ROW_115=20260428,18.8,19.1,18.8,19.05,539468,18.88,19.1875,18.735,18.4765,19.0374,1.3298,0.2632,-1.2953,0.657,-0.7166,-2.8061

PRICE_WINDOW_180_ROW_116=20260429,19.0,19.05,18.9,19.0,771864,18.88,19.17,18.7467,18.481,19.0343,-0.2625,0.0,-1.8088,0.9547,-0.8868,-3.0612

PRICE_WINDOW_180_ROW_117=20260430,19.0,19.0,18.8,18.95,458064,18.92,19.1525,18.7558,18.485,19.0272,-0.2632,1.0667,-1.8135,0.5865,-1.0573,-3.3163

PRICE_WINDOW_180_ROW_118=20260504,18.95,19.0,18.65,18.75,1179269,18.91,19.115,18.7617,18.4873,19.0041,-1.0554,-0.266,-3.8462,1.4756,-1.9095,-4.3367

PRICE_WINDOW_180_ROW_119=20260505,18.75,18.8,18.7,18.8,384842,18.91,19.0825,18.7667,18.4899,18.9871,0.2667,0.0,-3.3419,0.4886,-1.4804,-4.0816

PRICE_WINDOW_180_ROW_120=20260506,18.8,18.85,18.7,18.85,514458,18.87,19.05,18.7708,18.4929,18.9757,0.266,-1.0499,-3.3333,0.6612,-1.0499,-3.8265

PRICE_WINDOW_180_ROW_121=20260507,18.75,19.15,18.75,19.05,789302,18.88,19.03,18.7792,18.4983,18.9819,1.061,0.2632,-2.0566,1.0299,0.1051,-2.8061

PRICE_WINDOW_180_ROW_122=20260508,19.1,19.2,19.0,19.1,794440,18.91,19.0175,18.79,18.5054,18.9917,0.2625,0.7916,-1.292,1.0261,0.4338,-2.551

PRICE_WINDOW_180_ROW_123=20260511,19.2,19.2,19.05,19.15,558664,18.99,19.0075,18.805,18.5133,19.0049,0.2618,2.1333,-1.0336,0.7242,0.7497,-2.2959

PRICE_WINDOW_180_ROW_124=20260512,19.1,19.1,18.85,18.9,873355,19.01,18.98,18.8183,18.5179,18.9962,-1.3055,0.5319,-2.8278,1.124,-0.4215,-3.5714

PRICE_WINDOW_180_ROW_125=20260513,18.9,18.9,18.8,18.9,369022,19.02,18.96,18.8308,18.5233,18.9882,0.0,0.2653,-2.0725,0.4868,-0.3165,-3.5714

PRICE_WINDOW_180_ROW_126=20260514,18.85,18.95,18.75,18.75,404717,18.96,18.94,18.84,18.5279,18.9683,-0.7937,-1.5748,-2.0888,0.5712,-1.0032,-4.3367

PRICE_WINDOW_180_ROW_127=20260515,18.9,18.9,18.4,18.45,1117502,18.83,18.9025,18.8425,18.5304,18.9251,-1.6,-3.4031,-3.9062,1.5325,-2.3939,-5.8673

PRICE_WINDOW_180_ROW_128=20260518,18.5,18.5,18.35,18.4,464547,18.68,18.87,18.8483,18.5308,18.8814,-0.271,-3.9164,-3.4121,0.6619,-2.4907,-6.1224

PRICE_WINDOW_180_ROW_129=20260519,18.45,18.6,18.45,18.55,411718,18.61,18.85,18.8567,18.5317,18.8538,0.8152,-1.8519,-2.1108,0.6194,-1.5915,-5.3571

PRICE_WINDOW_180_ROW_130=20260520,18.6,18.6,18.45,18.45,309851,18.52,18.8225,18.8633,18.5317,18.8201,-0.5391,-2.381,-2.8947,0.4742,-1.979,-5.8673

PRICE_WINDOW_180_ROW_131=20260521,18.5,18.6,18.5,18.6,346914,18.49,18.8025,18.87,18.535,18.8018,0.813,-0.8,-2.1053,0.5329,-1.077,-5.102

PRICE_WINDOW_180_ROW_132=20260522,18.55,18.65,18.45,18.65,470627,18.53,18.7975,18.875,18.54,18.7891,0.2688,1.084,-0.5333,0.7811,-0.7847,-4.8469

PRICE_WINDOW_180_ROW_133=20260523,18.55,18.65,18.45,18.65,470627,18.58,18.79,18.8792,18.5458,18.7775,0.0,1.3587,-0.7979,0.7806,-0.7451,-4.8469

PRICE_WINDOW_180_ROW_134=20260524,18.55,18.65,18.45,18.65,470627,18.6,18.7825,18.8858,18.5508,18.7669,0.0,0.5391,-0.7979,0.8045,-0.7054,-4.8469

PRICE_WINDOW_180_ROW_135=20260525,18.6,18.6,18.35,18.45,1238908,18.6,18.7525,18.8883,18.555,18.7405,-1.0724,0.0,-3.1496,1.9983,-1.6131,-5.8673

PRICE_WINDOW_180_ROW_136=20260526,18.6,18.6,18.35,18.45,1238908,18.57,18.725,18.8933,18.5579,18.7163,0.0,-0.8065,-2.8947,1.9258,-1.4686,-5.8673
