# PRICE_WINDOW_135

columns=date,open,high,low,close,volume,ma5,ema23,ma20,ma60,ma120,return_1d,return_5d,return_20d,volume_ratio,distance_to_ema23_pct,distance_to_ma20_pct,distance_to_high_60_pct

PRICE_WINDOW_180_ROW_001=20251103,90.2,91.5,90.1,91.5,15171,,,,,,,,,,,,

PRICE_WINDOW_180_ROW_002=20251104,92.0,92.9,90.5,90.5,10127,,,,,,-1.0929,,,,,,

PRICE_WINDOW_180_ROW_003=20251105,90.5,91.2,90.3,90.3,14290,,,,,,-0.221,,,,,,

PRICE_WINDOW_180_ROW_004=20251106,90.3,90.7,90.2,90.7,10033,,,,,,0.443,,,,,,

PRICE_WINDOW_180_ROW_005=20251107,90.3,90.6,90.2,90.6,15000,90.72,91.2157,90.72,90.72,90.72,-0.1103,,,1.1606,-0.675,-0.1323,-2.4758

PRICE_WINDOW_180_ROW_006=20251110,90.1,90.2,90.1,90.2,5000,90.46,91.131,90.6333,90.6333,90.6333,-0.4415,-1.4208,,0.4309,-1.0216,-0.4781,-2.9064

PRICE_WINDOW_180_ROW_007=20251111,90.9,91.0,90.4,91.0,19043,90.56,91.1201,90.6857,90.6857,90.6857,0.8869,0.5525,,1.5034,-0.1318,0.3466,-2.0452

PRICE_WINDOW_180_ROW_008=20251112,90.3,92.5,90.2,92.5,39654,91.0,91.2351,90.9125,90.9125,90.9125,1.6484,2.4363,,2.4722,1.3864,1.7462,-0.4306

PRICE_WINDOW_180_ROW_009=20251113,91.3,91.9,91.2,91.3,10334,91.12,91.2405,90.9556,90.9556,90.9556,-1.2973,0.6615,,0.6708,0.0652,0.3787,-1.7223

PRICE_WINDOW_180_ROW_010=20251114,90.9,92.0,90.7,91.6,45628,91.32,91.2705,91.02,91.02,91.02,0.3286,1.1038,,2.476,0.361,0.6372,-1.3994

PRICE_WINDOW_180_ROW_011=20251117,90.1,91.3,90.1,90.9,6026,91.46,91.2396,91.0091,91.0091,91.0091,-0.7642,0.7761,,0.3483,-0.3722,-0.1199,-2.1529

PRICE_WINDOW_180_ROW_012=20251118,91.0,91.0,90.5,90.9,39115,91.44,91.2113,91.0,91.0,91.0,0.0,-0.1099,,2.0459,-0.3413,-0.1099,-2.1529

PRICE_WINDOW_180_ROW_013=20251119,90.3,91.8,90.2,91.8,12203,91.3,91.2604,91.0615,91.0615,91.0615,0.9901,-0.7568,,0.6566,0.5913,0.8109,-1.1841

PRICE_WINDOW_180_ROW_014=20251120,91.8,91.8,91.0,91.6,6101,91.36,91.2887,91.1,91.1,91.1,-0.2179,0.3286,,0.3448,0.3411,0.5488,-1.3994

PRICE_WINDOW_180_ROW_015=20251121,90.4,90.7,90.3,90.7,7168,91.18,91.2396,91.0733,91.0733,91.0733,-0.9825,-0.9825,,0.4218,-0.5914,-0.4099,-2.3681

PRICE_WINDOW_180_ROW_016=20251124,93.0,93.6,90.9,91.4,35647,91.28,91.253,91.0938,91.0938,91.0938,0.7718,0.5501,,1.9631,0.1611,0.3362,-2.3504

PRICE_WINDOW_180_ROW_017=20251125,90.9,91.1,90.9,91.1,3060,91.32,91.2402,91.0941,91.0941,91.0941,-0.3282,0.22,,0.1772,-0.1537,0.0065,-2.6709

PRICE_WINDOW_180_ROW_018=20251126,91.3,92.3,91.3,91.3,59306,91.22,91.2452,91.1056,91.1056,91.1056,0.2195,-0.5447,,3.0249,0.0601,0.2134,-2.4573

PRICE_WINDOW_180_ROW_019=20251127,91.5,91.8,91.5,91.8,32376,91.26,91.2914,91.1421,91.1421,91.1421,0.5476,0.2183,,1.5966,0.5571,0.7218,-1.9231

PRICE_WINDOW_180_ROW_020=20251128,91.8,91.9,91.7,91.7,34416,91.46,91.3255,91.17,91.17,91.17,-0.1089,1.1025,,1.64,0.4101,0.5813,-2.0299

PRICE_WINDOW_180_ROW_021=20251201,91.7,91.7,91.0,91.0,30477,91.38,91.2984,91.145,91.1619,91.1619,-0.7634,-0.4376,-0.5464,1.4012,-0.3268,-0.1591,-2.7778

PRICE_WINDOW_180_ROW_022=20251202,92.8,92.8,91.1,91.1,24005,91.38,91.2818,91.175,91.1591,91.1591,0.1099,0.0,0.663,1.0695,-0.1992,-0.0823,-2.6709

PRICE_WINDOW_180_ROW_023=20251203,95.0,95.0,90.9,90.9,27002,91.3,91.25,91.205,91.1478,91.1478,-0.2195,-0.4381,0.6645,1.1699,-0.3836,-0.3344,-4.3158

PRICE_WINDOW_180_ROW_024=20251204,93.8,93.8,90.8,90.8,11811,91.1,91.2125,91.21,91.1333,91.1333,-0.11,-1.0893,0.1103,0.5098,-0.4523,-0.4495,-4.4211

PRICE_WINDOW_180_ROW_025=20251205,90.8,91.0,90.7,90.7,10073,90.9,91.1698,91.215,91.116,91.116,-0.1101,-1.0905,0.1104,0.4394,-0.5153,-0.5646,-4.5263

PRICE_WINDOW_180_ROW_026=20251208,91.0,91.0,90.5,90.7,25312,90.84,91.1307,91.24,91.1,91.1,0.0,-0.3297,0.5543,1.0574,-0.4726,-0.5918,-4.5263

PRICE_WINDOW_180_ROW_027=20251209,90.8,91.2,90.8,91.2,25230,90.86,91.1364,91.25,91.1037,91.1037,0.5513,0.1098,0.2198,1.0405,0.0698,-0.0548,-4.0

PRICE_WINDOW_180_ROW_028=20251210,90.5,91.0,90.5,90.5,26001,90.78,91.0834,91.15,91.0821,91.0821,-0.7675,-0.44,-2.1622,1.1034,-0.6405,-0.7131,-4.7368

PRICE_WINDOW_180_ROW_029=20251211,91.7,91.7,90.2,90.2,46225,90.66,91.0098,91.095,91.0517,91.0517,-0.3315,-0.6608,-1.2048,1.8228,-0.8898,-0.9825,-5.0526

PRICE_WINDOW_180_ROW_030=20251212,90.2,90.3,90.0,90.1,42084,90.54,90.934,91.02,91.02,91.02,-0.1109,-0.6615,-1.6376,1.6712,-0.9171,-1.0108,-5.1579

PRICE_WINDOW_180_ROW_031=20251215,89.6,90.2,89.6,90.0,61392,90.4,90.8561,90.975,90.9871,90.9871,-0.111,-0.7718,-0.9901,2.1965,-0.9423,-1.0717,-5.2632

PRICE_WINDOW_180_ROW_032=20251216,89.5,90.0,89.5,89.8,27399,90.12,90.7681,90.92,90.95,90.95,-0.2222,-1.5351,-1.2101,1.0013,-1.0666,-1.2319,-5.4737

PRICE_WINDOW_180_ROW_033=20251217,89.8,90.0,89.5,89.7,24116,89.96,90.6791,90.815,90.9121,90.9121,-0.1114,-0.884,-2.2876,0.8625,-1.0798,-1.2278,-5.5789

PRICE_WINDOW_180_ROW_034=20251218,89.8,89.8,89.1,89.3,107087,89.78,90.5642,90.7,90.8647,90.8647,-0.4459,-0.9978,-2.5109,3.2441,-1.3959,-1.5436,-6.0

PRICE_WINDOW_180_ROW_035=20251219,89.8,89.8,89.2,89.2,30024,89.6,90.4505,90.625,90.8171,90.8171,-0.112,-0.9989,-1.6538,0.8791,-1.3825,-1.5724,-6.1053

PRICE_WINDOW_180_ROW_036=20251222,89.9,89.9,89.2,89.2,23432,89.44,90.3463,90.515,90.7722,90.7722,0.0,-0.8889,-2.407,0.6986,-1.2688,-1.4528,-6.1053

PRICE_WINDOW_180_ROW_037=20251223,89.2,89.3,89.1,89.1,14039,89.3,90.2424,90.415,90.727,90.727,-0.1121,-0.7795,-2.1954,0.4118,-1.266,-1.4544,-6.2105

PRICE_WINDOW_180_ROW_038=20251224,89.1,89.1,88.6,88.8,47808,89.12,90.1222,90.29,90.6763,90.6763,-0.3367,-1.0033,-2.7382,1.4264,-1.4672,-1.6502,-6.5263

PRICE_WINDOW_180_ROW_039=20251226,88.5,89.0,88.5,88.6,79050,88.98,89.9954,90.13,90.6231,90.6231,-0.2252,-0.7839,-3.4858,2.2051,-1.5505,-1.6975,-6.7368

PRICE_WINDOW_180_ROW_040=20251229,88.5,88.6,88.2,88.3,48141,88.8,89.8541,89.96,90.565,90.565,-0.3386,-1.009,-3.7077,1.3177,-1.7296,-1.8453,-7.0526

PRICE_WINDOW_180_ROW_041=20251230,88.3,88.3,87.7,87.8,55586,88.52,89.6829,89.8,90.4976,90.4976,-0.5663,-1.5695,-3.5165,1.4709,-2.0995,-2.2272,-7.5789

PRICE_WINDOW_180_ROW_042=20251231,87.8,88.0,87.5,88.0,18084,88.3,89.5427,89.645,90.4381,90.4381,0.2278,-1.2346,-3.4029,0.4823,-1.7228,-1.835,-7.3684

PRICE_WINDOW_180_ROW_043=20260102,88.0,88.1,87.5,88.1,27379,88.16,89.4225,89.505,90.3837,90.3837,0.1136,-0.7883,-3.0803,0.7298,-1.4789,-1.5697,-7.2632

PRICE_WINDOW_180_ROW_044=20260105,88.3,89.8,87.7,87.8,39935,88.0,89.2873,89.355,90.325,90.325,-0.3405,-0.9029,-3.304,1.0261,-1.6657,-1.7402,-7.5789

PRICE_WINDOW_180_ROW_045=20260106,87.5,88.8,87.5,87.8,42046,87.9,89.1633,89.21,90.2689,90.2689,0.0,-0.5663,-3.1974,1.0377,-1.529,-1.5805,-7.5789

PRICE_WINDOW_180_ROW_046=20260107,87.6,87.9,87.5,87.6,40315,87.86,89.033,89.055,90.2109,90.2109,-0.2278,-0.2278,-3.4179,0.9769,-1.6096,-1.6338,-7.7895

PRICE_WINDOW_180_ROW_047=20260108,87.8,90.7,87.6,89.2,173246,88.1,89.047,88.955,90.1894,90.1894,1.8265,1.3636,-2.193,3.5596,0.1719,0.2754,-6.1053

PRICE_WINDOW_180_ROW_048=20260109,90.0,90.8,88.6,90.1,139278,88.5,89.1347,88.935,90.1875,90.1875,1.009,2.2701,-0.442,2.5634,1.083,1.3099,-5.1579

PRICE_WINDOW_180_ROW_049=20260112,90.2,90.2,88.1,88.1,19051,88.56,89.0485,88.83,90.1449,90.1449,-2.2198,0.3417,-2.3282,0.3596,-1.0651,-0.8218,-7.2632

PRICE_WINDOW_180_ROW_050=20260113,88.1,88.5,88.1,88.3,4042,88.66,88.9861,88.74,90.108,90.108,0.227,0.5695,-1.9978,0.0791,-0.771,-0.4958,-7.0526

PRICE_WINDOW_180_ROW_051=20260114,88.6,90.3,88.6,89.2,20514,88.98,89.0039,88.7,90.0902,90.0902,1.0193,1.8265,-0.8889,0.4184,0.2203,0.5637,-6.1053

PRICE_WINDOW_180_ROW_052=20260115,90.0,90.0,88.5,89.1,17674,88.96,89.0119,88.665,90.0712,90.0712,-0.1121,-0.1121,-0.7795,0.3641,0.0989,0.4906,-6.2105

PRICE_WINDOW_180_ROW_053=20260116,91.0,92.7,88.4,89.9,35153,88.92,89.0859,88.675,90.0679,90.0679,0.8979,-0.222,0.223,0.716,0.9138,1.3814,-5.3684

PRICE_WINDOW_180_ROW_054=20260119,90.0,90.0,88.9,89.2,9005,89.14,89.0954,88.67,90.0519,90.0519,-0.7786,1.2486,-0.112,0.2038,0.1173,0.5977,-6.1053

PRICE_WINDOW_180_ROW_055=20260120,88.0,90.8,85.0,87.6,161540,89.0,88.9708,88.59,90.0073,90.0073,-1.7937,-0.7928,-1.7937,3.1821,-1.5408,-1.1175,-7.7895

PRICE_WINDOW_180_ROW_056=20260121,87.6,88.0,87.0,87.9,16409,88.74,88.8816,88.525,89.9696,89.9696,0.3425,-1.4574,-1.4574,0.3255,-1.1044,-0.706,-7.4737

PRICE_WINDOW_180_ROW_057=20260122,87.1,88.5,86.7,88.5,33820,88.62,88.8498,88.495,89.9439,89.9439,0.6826,-0.6734,-0.6734,0.6579,-0.3937,0.0057,-6.8421

PRICE_WINDOW_180_ROW_058=20260123,87.0,88.3,86.9,88.3,8038,88.3,88.804,88.47,89.9155,89.9155,-0.226,-1.7798,-0.5631,0.1627,-0.5675,-0.1922,-7.0526

PRICE_WINDOW_180_ROW_059=20260126,87.5,87.5,87.0,87.0,17000,87.86,88.6536,88.39,89.8661,89.8661,-1.4723,-2.4664,-1.8059,0.3671,-1.8653,-1.5726,-8.4211

PRICE_WINDOW_180_ROW_060=20260127,87.3,87.3,86.7,87.2,18321,87.78,88.5325,88.335,89.8217,89.8217,0.2299,-0.4566,-1.2458,0.4088,-1.5051,-1.2849,-8.2105

PRICE_WINDOW_180_ROW_061=20260128,87.2,87.5,87.0,87.5,38039,87.7,88.4465,88.32,89.755,89.7836,0.344,-0.4551,-0.3417,0.8656,-1.0701,-0.9284,-7.8947

PRICE_WINDOW_180_ROW_062=20260129,87.5,87.5,87.2,87.2,5000,87.44,88.3426,88.28,89.7,89.7419,-0.3429,-1.4689,-0.9091,0.1155,-1.2934,-1.2234,-8.2105

PRICE_WINDOW_180_ROW_063=20260130,86.5,86.9,86.5,86.9,10756,87.16,88.2224,88.22,89.6433,89.6968,-0.344,-1.5855,-1.3621,0.2533,-1.4989,-1.4963,-8.5263

PRICE_WINDOW_180_ROW_064=20260202,87.1,87.2,86.7,87.2,36188,87.2,88.1372,88.19,89.585,89.6578,0.3452,0.2299,-0.6834,0.8561,-1.0633,-1.1226,-8.2105

PRICE_WINDOW_180_ROW_065=20260203,87.6,89.8,87.6,87.6,3003,87.28,88.0924,88.18,89.535,89.6262,0.4587,0.4587,-0.2278,0.0745,-0.559,-0.6577,-7.7895

PRICE_WINDOW_180_ROW_066=20260204,88.4,89.1,88.4,89.1,18137,87.6,88.1764,88.255,89.5167,89.6182,1.7123,1.8286,1.7123,0.4626,1.0475,0.9575,-6.2105

PRICE_WINDOW_180_ROW_067=20260205,89.5,90.1,89.5,89.6,43146,88.08,88.295,88.275,89.4933,89.6179,0.5612,2.7523,0.4484,1.3192,1.478,1.501,-5.6842

PRICE_WINDOW_180_ROW_068=20260206,89.6,90.8,89.6,90.0,14574,88.7,88.4371,88.27,89.4517,89.6235,0.4464,3.5673,-0.111,0.5506,1.7672,1.9599,-5.2632

PRICE_WINDOW_180_ROW_069=20260209,90.1,91.7,90.1,91.2,72902,89.5,88.6673,88.425,89.45,89.6464,1.3333,4.5872,3.5187,2.4998,2.8564,3.1383,-4.0

PRICE_WINDOW_180_ROW_070=20260210,91.2,91.2,90.6,90.6,4316,90.1,88.8284,88.54,89.4333,89.66,-0.6579,3.4247,2.6048,0.1479,1.9944,2.3266,-4.6316

PRICE_WINDOW_180_ROW_071=20260211,90.6,91.3,90.2,90.4,97008,90.36,88.9594,88.6,89.425,89.6704,-0.2208,1.459,1.3453,2.9395,1.6194,2.0316,-4.8421

PRICE_WINDOW_180_ROW_072=20260223,90.4,91.6,90.2,90.6,30232,90.56,89.0961,88.675,89.42,89.6833,0.2212,1.1161,1.6835,0.899,1.688,2.1708,-4.6316

PRICE_WINDOW_180_ROW_073=20260224,91.0,91.8,90.1,90.1,16256,90.58,89.1797,88.685,89.3917,89.689,-0.5519,0.1111,0.2225,0.4974,1.0319,1.5955,-5.1579

PRICE_WINDOW_180_ROW_074=20260225,89.9,90.4,89.5,90.4,15294,90.42,89.2814,88.745,89.3717,89.6986,0.333,-0.8772,1.3453,0.4635,1.2529,1.8649,-4.8421

PRICE_WINDOW_180_ROW_075=20260226,90.7,92.8,90.4,91.0,262061,90.5,89.4246,88.915,89.3767,89.716,0.6637,0.4415,3.8813,6.8918,1.7617,2.3449,-4.2105

PRICE_WINDOW_180_ROW_076=20260302,85.8,90.4,85.8,88.9,40593,90.2,89.3809,88.965,89.335,89.7053,-2.3077,-1.6593,1.1377,1.0346,-0.5381,-0.0731,-6.4211

PRICE_WINDOW_180_ROW_077=20260303,89.0,91.2,89.0,90.5,44102,90.18,89.4742,89.065,89.325,89.7156,1.7998,-0.1104,2.2599,1.1095,1.1465,1.6112,-4.7368

PRICE_WINDOW_180_ROW_078=20260304,89.0,91.0,88.9,89.5,24006,90.06,89.4763,89.125,89.295,89.7128,-1.105,-0.6659,1.359,0.5921,0.0265,0.4208,-5.7895

PRICE_WINDOW_180_ROW_079=20260305,92.5,92.5,89.0,89.0,34460,89.78,89.4366,89.225,89.2483,89.7038,-0.5587,-1.5487,2.2989,0.832,-0.4882,-0.2522,-6.3158

PRICE_WINDOW_180_ROW_080=20260306,90.7,90.8,89.1,90.2,9834,89.62,89.5003,89.375,89.2233,89.71,1.3483,-0.8791,3.4404,0.2399,0.7818,0.9231,-5.0526

PRICE_WINDOW_180_ROW_081=20260309,90.2,91.6,89.8,90.3,93733,89.9,89.5669,89.515,89.2117,89.7173,0.1109,1.5748,3.2,2.141,0.8185,0.8769,-4.9474

PRICE_WINDOW_180_ROW_082=20260310,90.4,92.1,90.3,91.1,97282,90.02,89.6947,89.71,89.2117,89.7341,0.8859,0.663,4.4725,2.0102,1.5668,1.5494,-4.1053

PRICE_WINDOW_180_ROW_083=20260311,92.4,92.4,90.8,91.9,71426,90.5,89.8784,89.96,89.2283,89.7602,0.8782,2.6816,5.7537,1.3889,2.2492,2.1565,-2.0256

PRICE_WINDOW_180_ROW_084=20260312,91.3,91.8,91.3,91.6,26068,91.02,90.0219,90.18,89.2417,89.7821,-0.3264,2.9213,5.0459,0.5119,1.753,1.5746,-1.2931

PRICE_WINDOW_180_ROW_085=20260313,91.8,91.9,91.3,91.3,101191,91.24,90.1284,90.365,89.2517,89.8,-0.3275,1.2195,4.2237,1.8125,1.2999,1.0347,-1.6164

PRICE_WINDOW_180_ROW_086=20260316,91.8,92.2,91.5,92.0,189547,91.58,90.2844,90.51,89.2733,89.8256,0.7667,1.8826,3.2548,2.9432,1.9002,1.6462,-0.8621

PRICE_WINDOW_180_ROW_087=20260317,91.8,93.5,91.8,93.5,91814,92.06,90.5523,90.705,89.3117,89.8678,1.6304,2.6345,4.3527,1.3737,3.2552,3.0814,0.0

PRICE_WINDOW_180_ROW_088=20260318,93.9,96.0,93.5,95.9,182709,92.86,90.998,91.0,89.4017,89.9364,2.5668,4.3526,6.5556,2.4283,5.387,5.3846,-0.1042

PRICE_WINDOW_180_ROW_089=20260319,97.9,99.1,96.3,96.7,268646,93.88,91.4731,91.275,89.51,90.0124,0.8342,5.5677,6.0307,3.1595,5.7141,5.9436,-2.4218

PRICE_WINDOW_180_ROW_090=20260320,95.5,97.3,95.5,96.2,145246,94.86,91.8671,91.555,89.6117,90.0811,-0.5171,5.3669,6.181,1.5775,4.7165,5.0735,-2.9263

PRICE_WINDOW_180_ROW_091=20260323,94.2,98.4,94.2,96.6,26492,95.78,92.2615,91.865,89.7217,90.1527,0.4158,5.0,6.8584,0.2992,4.7024,5.1543,-2.5227

PRICE_WINDOW_180_ROW_092=20260324,95.0,96.8,94.8,96.7,14038,96.42,92.6313,92.17,89.8367,90.2239,0.1035,3.4225,6.7329,0.16,4.3923,4.9148,-2.4218

PRICE_WINDOW_180_ROW_093=20260325,97.2,97.2,96.8,97.0,10116,96.64,92.9954,92.515,89.9583,90.2968,0.3102,1.147,7.6582,0.1157,4.3062,4.8479,-2.1191

PRICE_WINDOW_180_ROW_094=20260326,95.5,96.0,95.5,95.8,10224,96.46,93.2291,92.785,90.0667,90.3553,-1.2371,-0.9307,5.9735,0.1173,2.7576,3.2494,-3.33

PRICE_WINDOW_180_ROW_095=20260327,97.2,97.2,95.3,96.8,58030,96.58,93.5267,93.075,90.1933,90.4232,1.0438,0.6237,6.3736,0.7539,3.4999,4.0021,-2.3209

PRICE_WINDOW_180_ROW_096=20260330,95.1,95.8,95.1,95.7,15746,96.4,93.7078,93.415,90.3017,90.4781,-1.1364,-0.9317,7.649,0.2079,2.126,2.4461,-3.4309

PRICE_WINDOW_180_ROW_097=20260331,96.5,96.5,95.0,95.0,9015,96.06,93.8155,93.64,90.4,90.5247,-0.7315,-1.758,4.9724,0.1219,1.2626,1.4524,-4.1372

PRICE_WINDOW_180_ROW_098=20260401,96.5,97.0,94.6,95.7,22666,95.8,93.9725,93.95,90.515,90.5776,0.7368,-1.3402,6.9274,0.3067,1.8383,1.8627,-3.4309

PRICE_WINDOW_180_ROW_099=20260402,95.7,96.5,94.3,95.9,19021,95.82,94.1331,94.295,90.6367,90.6313,0.209,0.1044,7.7528,0.2601,1.877,1.7021,-3.2291

PRICE_WINDOW_180_ROW_100=20260407,95.0,95.1,95.0,95.1,4414,95.48,94.2137,94.54,90.75,90.676,-0.8342,-1.7562,5.4324,0.0606,0.9407,0.5923,-4.0363

PRICE_WINDOW_180_ROW_101=20260408,95.2,96.9,95.1,96.0,17470,95.54,94.3626,94.825,90.8867,90.7287,0.9464,0.3135,6.3123,0.253,1.7352,1.2391,-3.1282

PRICE_WINDOW_180_ROW_102=20260409,96.1,96.9,96.0,96.4,19000,95.82,94.5324,95.09,91.0267,90.7843,0.4167,1.4737,5.8178,0.2917,1.9757,1.3776,-2.7245

PRICE_WINDOW_180_ROW_103=20260410,96.4,96.4,95.0,95.0,14080,95.68,94.5713,95.245,91.1417,90.8252,-1.4523,-0.7315,3.3732,0.2261,0.4533,-0.2572,-4.1372

PRICE_WINDOW_180_ROW_104=20260413,95.0,96.0,95.0,95.1,34224,95.52,94.6154,95.42,91.2633,90.8663,0.1053,-0.8342,3.821,0.546,0.5122,-0.3354,-4.0363

PRICE_WINDOW_180_ROW_105=20260414,94.2,95.4,93.3,95.4,48388,95.58,94.6808,95.625,91.39,90.9095,0.3155,0.3155,4.4907,0.8059,0.7596,-0.2353,-3.7336

PRICE_WINDOW_180_ROW_106=20260415,95.5,96.4,94.9,95.4,27002,95.46,94.7407,95.795,91.52,90.9519,0.0,-0.625,3.6957,0.5201,0.6959,-0.4123,-3.7336

PRICE_WINDOW_180_ROW_107=20260416,96.0,96.0,94.6,94.9,12225,95.16,94.754,95.865,91.615,90.9888,-0.5241,-1.556,1.4973,0.255,0.1541,-1.0066,-4.2381

PRICE_WINDOW_180_ROW_108=20260417,95.5,95.5,95.0,95.4,7076,95.24,94.8078,95.84,91.7033,91.0296,0.5269,0.4211,-0.5214,0.1807,0.6246,-0.4591,-3.7336

PRICE_WINDOW_180_ROW_109=20260420,92.3,95.7,92.3,94.6,41459,95.14,94.7905,95.735,91.8117,91.0624,-0.8386,-0.5258,-2.1717,1.4915,-0.201,-1.1856,-4.5409

PRICE_WINDOW_180_ROW_110=20260421,94.5,98.0,94.5,96.4,84702,95.34,94.9246,95.745,91.9467,91.1109,1.9027,1.0482,0.2079,3.4196,1.5543,0.6841,-2.7245

PRICE_WINDOW_180_ROW_111=20260422,95.1,95.2,93.5,95.0,53340,95.26,94.9309,95.665,92.0433,91.1459,-1.4523,-0.4193,-1.6563,2.0428,0.0728,-0.6951,-4.1372

PRICE_WINDOW_180_ROW_112=20260423,94.2,95.2,92.7,95.0,60303,95.28,94.9367,95.58,92.1417,91.1804,0.0,0.1054,-1.758,2.1215,0.0667,-0.6068,-4.1372

PRICE_WINDOW_180_ROW_113=20260424,93.7,94.4,93.6,94.4,3579,95.08,94.8919,95.45,92.2167,91.2088,-0.6316,-1.0482,-2.6804,0.1274,-0.5184,-1.1001,-4.7427

PRICE_WINDOW_180_ROW_114=20260427,94.0,94.3,93.3,93.3,6259,94.82,94.7593,95.325,92.285,91.2272,-1.1653,-1.3742,-2.6096,0.2243,-1.54,-2.1243,-5.8527

PRICE_WINDOW_180_ROW_115=20260428,93.5,93.5,91.3,91.3,10309,93.8,94.471,95.05,92.3467,91.2278,-2.1436,-5.2905,-5.6818,0.4041,-3.3566,-3.9453,-7.8708

PRICE_WINDOW_180_ROW_116=20260429,89.6,91.3,89.1,89.7,14439,92.74,94.0734,94.75,92.3767,91.2147,-1.7525,-5.5789,-6.2696,0.5674,-4.6489,-5.3298,-9.4854

PRICE_WINDOW_180_ROW_117=20260430,89.9,90.7,89.3,89.3,30135,91.6,93.6756,94.465,92.39,91.1983,-0.4459,-6.0,-6.0,1.137,-4.6711,-5.4676,-9.889

PRICE_WINDOW_180_ROW_118=20260504,90.4,90.4,89.0,89.1,11319,90.54,93.2943,94.135,92.4033,91.1805,-0.224,-5.6144,-6.8966,0.4364,-4.4958,-5.3487,-10.0908

PRICE_WINDOW_180_ROW_119=20260505,89.0,90.0,89.0,90.0,9550,89.88,93.0198,93.84,92.4533,91.1706,1.0101,-3.537,-6.1522,0.375,-3.2464,-4.0921,-9.1826

PRICE_WINDOW_180_ROW_120=20260506,90.7,90.9,89.6,90.5,9368,89.72,92.8098,93.61,92.5083,91.165,0.5556,-0.8762,-4.837,0.3644,-2.4888,-3.3223,-8.6781

PRICE_WINDOW_180_ROW_121=20260507,91.0,91.4,90.5,91.3,35568,90.04,92.684,93.375,92.5717,91.1633,0.884,1.7837,-4.8958,1.3363,-1.4932,-2.2222,-7.8708

PRICE_WINDOW_180_ROW_122=20260508,91.3,91.3,89.9,91.2,17603,90.42,92.5603,93.115,92.6383,91.1692,-0.1095,2.1277,-5.3942,0.6631,-1.4697,-2.0566,-7.9717

PRICE_WINDOW_180_ROW_123=20260511,90.0,90.9,89.4,90.9,12186,90.78,92.422,92.91,92.705,91.1742,-0.3289,2.0202,-4.3158,0.4607,-1.6468,-2.1634,-8.2745

PRICE_WINDOW_180_ROW_124=20260512,89.1,90.8,88.8,89.2,21145,90.62,92.1535,92.615,92.7383,91.1617,-1.8702,-0.8889,-6.204,0.8196,-3.205,-3.6873,-9.9899

PRICE_WINDOW_180_ROW_125=20260513,90.4,90.5,89.1,89.1,10002,90.34,91.899,92.3,92.7633,91.1492,-0.1121,-1.547,-6.6038,0.4189,-3.0458,-3.467,-10.0908

PRICE_WINDOW_180_ROW_126=20260514,89.2,89.2,89.2,89.2,9162,89.92,91.6741,91.99,92.765,91.1408,0.1122,-2.3001,-6.499,0.3986,-2.6988,-3.0329,-9.9899

PRICE_WINDOW_180_ROW_127=20260515,89.6,89.6,89.6,89.6,4079,89.6,91.5013,91.725,92.765,91.1292,0.4484,-1.7544,-5.5848,0.1807,-2.0779,-2.3167,-9.5863

PRICE_WINDOW_180_ROW_128=20260518,89.7,89.7,88.5,88.5,17082,89.12,91.2512,91.38,92.74,91.0958,-1.2277,-2.6403,-7.2327,0.7401,-3.0149,-3.1517,-10.6963

PRICE_WINDOW_180_ROW_129=20260519,88.5,88.5,88.5,88.5,5000,88.98,91.0219,91.075,92.695,91.0725,0.0,-0.7848,-6.4482,0.2352,-2.7706,-2.8273,-10.6963

PRICE_WINDOW_180_ROW_130=20260520,89.5,90.0,88.8,88.8,12652,88.92,90.8367,90.695,92.665,91.0492,0.339,-0.3367,-7.8838,0.7167,-2.2422,-2.0894,-10.3935

PRICE_WINDOW_180_ROW_131=20260522,88.9,89.5,88.9,89.5,5293,88.98,90.7253,90.42,92.65,91.0375,0.7883,0.3363,-5.7895,0.347,-1.3506,-1.0175,-9.6872

PRICE_WINDOW_180_ROW_132=20260525,89.7,90.0,89.0,89.5,19272,88.96,90.6232,90.145,92.6317,91.0258,0.0,-0.1116,-5.7895,1.46,-1.2394,-0.7155,-9.6872

PRICE_WINDOW_180_ROW_133=20260526,89.5,89.9,87.6,89.9,5000,89.24,90.563,89.92,92.6283,91.01,0.4469,1.5819,-4.7669,0.3768,-0.732,-0.0222,-9.2836

PRICE_WINDOW_180_ROW_134=20260527,89.9,90.0,89.5,89.5,9372,89.44,90.4744,89.73,92.6133,90.9925,-0.4449,1.1299,-4.0729,0.698,-1.077,-0.2563,-9.6872

PRICE_WINDOW_180_ROW_135=20260528,89.9,91.0,89.1,90.5,56389,89.78,90.4765,89.69,92.605,90.9908,1.1173,1.9144,-0.8762,3.5846,0.026,0.9031,-8.6781
