# PRICE_WINDOW_134

columns=date,open,high,low,close,volume,ma5,ema23,ma20,ma60,ma120,return_1d,return_5d,return_20d,volume_ratio,distance_to_ema23_pct,distance_to_ma20_pct,distance_to_high_60_pct

PRICE_WINDOW_180_ROW_001=20251103,50.6,52.6,50.3,51.4,739827,,,,,,,,,,,,

PRICE_WINDOW_180_ROW_002=20251104,50.0,51.7,48.6,49.75,645086,,,,,,-3.2101,,,,,,

PRICE_WINDOW_180_ROW_003=20251105,49.8,49.8,48.0,48.9,225637,,,,,,-1.7085,,,,,,

PRICE_WINDOW_180_ROW_004=20251106,49.0,51.3,48.7,51.3,686681,,,,,,4.908,,,,,,

PRICE_WINDOW_180_ROW_005=20251107,51.2,51.3,48.7,50.5,400752,50.37,51.0364,50.37,50.37,50.37,-1.5595,,,0.7427,-1.051,0.2581,-3.9924

PRICE_WINDOW_180_ROW_006=20251110,50.6,52.8,49.5,52.3,1042847,50.55,51.1417,50.6917,50.6917,50.6917,3.5644,1.751,,1.6726,2.2649,3.1728,-0.947

PRICE_WINDOW_180_ROW_007=20251111,52.1,52.6,49.1,49.8,907208,50.56,51.0299,50.5643,50.5643,50.5643,-4.7801,0.1005,,1.3663,-2.4101,-1.5115,-5.6818

PRICE_WINDOW_180_ROW_008=20251112,50.3,53.2,49.65,52.8,1005716,51.34,51.1774,50.8438,50.8438,50.8438,6.0241,7.9755,,1.4231,3.1705,3.8476,-0.7519

PRICE_WINDOW_180_ROW_009=20251113,52.8,53.7,50.4,51.5,649972,51.38,51.2043,50.9167,50.9167,50.9167,-2.4621,0.3899,,0.928,0.5775,1.1457,-4.0968

PRICE_WINDOW_180_ROW_010=20251114,50.6,55.5,49.3,53.7,1104702,52.02,51.4123,51.195,51.195,51.195,4.2718,6.3366,,1.4911,4.4498,4.8931,-3.2432

PRICE_WINDOW_180_ROW_011=20251117,53.5,57.6,52.3,55.8,1321893,52.72,51.7779,51.6136,51.6136,51.6136,3.9106,6.6922,,1.6656,7.768,8.111,-3.125

PRICE_WINDOW_180_ROW_012=20251118,55.2,56.4,53.1,53.5,900544,53.46,51.9214,51.7708,51.7708,51.7708,-4.1219,7.4297,,1.1221,3.0403,3.34,-7.1181

PRICE_WINDOW_180_ROW_013=20251119,53.5,55.3,53.1,55.2,649164,53.94,52.1946,52.0346,52.0346,52.0346,3.1776,4.5455,,0.8209,5.758,6.0832,-4.1667

PRICE_WINDOW_180_ROW_014=20251120,55.4,56.4,54.5,55.8,687478,54.8,52.4951,52.3036,52.3036,52.3036,1.087,8.3495,,0.8776,6.2957,6.6849,-3.125

PRICE_WINDOW_180_ROW_015=20251121,55.2,55.7,52.8,53.0,380102,54.66,52.5372,52.35,52.35,52.35,-5.0179,-1.3035,,0.5024,0.881,1.2416,-7.9861

PRICE_WINDOW_180_ROW_016=20251124,53.6,56.9,53.1,55.5,784486,54.6,52.7841,52.5469,52.5469,52.5469,4.717,-0.5376,,1.0346,5.1454,5.62,-3.6458

PRICE_WINDOW_180_ROW_017=20251125,55.5,56.4,49.95,49.95,1626551,53.89,52.5479,52.3941,52.3941,52.3941,-10.0,-6.6355,,2.0097,-4.9438,-4.6649,-13.2812

PRICE_WINDOW_180_ROW_018=20251126,50.5,50.8,49.0,50.8,1076945,53.01,52.4022,52.3056,52.3056,52.3056,1.7017,-7.971,,1.3067,-3.0576,-2.8784,-11.8056

PRICE_WINDOW_180_ROW_019=20251127,50.4,53.4,49.85,53.1,751545,52.47,52.4604,52.3474,52.3474,52.3474,4.5276,-4.8387,,0.9161,1.2193,1.4378,-7.8125

PRICE_WINDOW_180_ROW_020=20251128,53.0,55.6,53.0,53.4,796133,52.55,52.5387,52.4,52.4,52.4,0.565,0.7547,,0.9719,1.6394,1.9084,-7.2917

PRICE_WINDOW_180_ROW_021=20251201,53.0,53.9,52.2,52.2,362881,51.89,52.5105,52.44,52.3905,52.3905,-2.2472,-5.9459,1.5564,0.4534,-0.5912,-0.4577,-9.375

PRICE_WINDOW_180_ROW_022=20251202,52.6,53.1,51.5,52.4,445411,52.38,52.5012,52.5725,52.3909,52.3909,0.3831,4.9049,5.3266,0.5636,-0.1929,-0.3281,-9.0278

PRICE_WINDOW_180_ROW_023=20251203,52.4,53.0,51.5,52.0,285234,52.62,52.4595,52.7275,52.3739,52.3739,-0.7634,2.3622,6.3395,0.3595,-0.8759,-1.3797,-9.7222

PRICE_WINDOW_180_ROW_024=20251204,52.1,54.4,51.9,53.1,1010768,52.62,52.5129,52.8175,52.4042,52.4042,2.1154,0.0,3.5088,1.2486,1.1181,0.5349,-7.8125

PRICE_WINDOW_180_ROW_025=20251205,53.3,54.4,52.7,53.8,665094,52.7,52.6201,52.9825,52.46,52.46,1.3183,0.7491,6.5347,0.8084,2.2423,1.543,-6.5972

PRICE_WINDOW_180_ROW_026=20251208,54.1,59.1,53.9,59.1,2425551,54.08,53.1601,53.3225,52.7154,52.7154,9.8513,13.2184,13.0019,2.7196,11.1736,10.835,0.0

PRICE_WINDOW_180_ROW_027=20251209,59.2,59.2,56.3,57.9,1697457,55.18,53.5551,53.7275,52.9074,52.9074,-2.0305,10.4962,16.2651,1.8225,8.113,7.766,-2.1959

PRICE_WINDOW_180_ROW_028=20251210,58.1,63.6,58.0,63.6,4104296,57.5,54.3922,54.2675,53.2893,53.2893,9.8446,22.3077,20.4545,3.7782,16.9286,17.1972,0.0

PRICE_WINDOW_180_ROW_029=20251211,65.4,68.5,63.6,66.4,5893559,60.16,55.3928,55.0125,53.7414,53.7414,4.4025,25.0471,28.932,4.3705,19.8711,20.6998,-3.0657

PRICE_WINDOW_180_ROW_030=20251212,64.0,65.8,63.5,65.4,1344598,62.48,56.2268,55.5975,54.13,54.13,-1.506,21.5613,21.7877,0.9883,16.3147,17.6312,-4.5255

PRICE_WINDOW_180_ROW_031=20251215,63.5,65.8,63.3,64.9,1647073,63.64,56.9495,56.0525,54.4774,54.4774,-0.7645,9.8139,16.3082,1.1964,13.9606,15.7843,-5.2555

PRICE_WINDOW_180_ROW_032=20251216,64.8,68.3,64.7,65.8,3336809,65.22,57.6871,56.6675,54.8312,54.8312,1.3867,13.6442,22.9907,2.2267,14.0637,16.1159,-3.9416

PRICE_WINDOW_180_ROW_033=20251217,65.6,67.2,65.0,65.3,1302268,65.56,58.3215,57.1725,55.1485,55.1485,-0.7599,2.673,18.2971,0.8505,11.9656,14.2158,-4.6715

PRICE_WINDOW_180_ROW_034=20251218,64.9,65.9,64.3,65.9,1373078,65.46,58.953,57.6775,55.4647,55.4647,0.9188,-0.753,18.1004,0.8771,11.7839,14.256,-3.7956

PRICE_WINDOW_180_ROW_035=20251219,65.8,67.0,65.0,66.7,1279428,65.72,59.5986,58.3625,55.7857,55.7857,1.214,1.9878,25.8491,0.7944,11.9154,14.2857,-2.6277

PRICE_WINDOW_180_ROW_036=20251222,66.4,68.3,66.4,67.4,1530486,66.22,60.2487,58.9575,56.1083,56.1083,1.0495,3.8521,21.4414,0.9288,11.8696,14.3196,-1.6058

PRICE_WINDOW_180_ROW_037=20251223,66.9,68.9,66.9,67.0,1283019,66.46,60.8113,59.81,56.4027,56.4027,-0.5935,1.8237,34.1341,0.7868,10.1768,12.0214,-2.7576

PRICE_WINDOW_180_ROW_038=20251224,66.6,68.5,64.5,67.9,2967104,66.98,61.402,60.665,56.7053,56.7053,1.3433,3.9816,33.6614,1.72,10.5826,11.9262,-1.4514

PRICE_WINDOW_180_ROW_039=20251226,67.7,70.1,67.0,68.9,3900507,67.58,62.0269,61.455,57.0179,57.0179,1.4728,4.5524,29.7552,2.0719,11.0809,12.1146,-1.7118

PRICE_WINDOW_180_ROW_040=20251229,69.1,69.6,64.9,64.9,1987589,67.22,62.2663,62.03,57.215,57.215,-5.8055,-2.6987,21.5356,1.0234,4.2297,4.6268,-7.418

PRICE_WINDOW_180_ROW_041=20251230,64.6,65.9,63.5,65.7,1940822,66.88,62.5524,62.705,57.422,57.422,1.2327,-2.5223,25.8621,0.9603,5.0319,4.7763,-6.2767

PRICE_WINDOW_180_ROW_042=20251231,65.5,67.8,65.5,66.4,1781374,66.76,62.8731,63.405,57.6357,57.6357,1.0654,-0.8955,26.7176,0.8532,5.6096,4.7236,-5.2782

PRICE_WINDOW_180_ROW_043=20260102,66.1,67.4,65.9,66.5,1348646,66.48,63.1753,64.13,57.8419,57.8419,0.1506,-2.0619,27.8846,0.6299,5.2626,3.6956,-5.1355

PRICE_WINDOW_180_ROW_044=20260105,66.5,67.6,64.7,64.7,909759,65.64,63.3024,64.71,57.9977,57.9977,-2.7068,-6.0958,21.8456,0.4259,2.2079,-0.0155,-7.7033

PRICE_WINDOW_180_ROW_045=20260106,64.5,67.9,64.4,67.5,2351599,66.16,63.6522,65.395,58.2089,58.2089,4.3277,4.0062,25.4647,1.0592,6.0451,3.2189,-3.709

PRICE_WINDOW_180_ROW_046=20260107,67.1,68.1,66.4,67.0,1510197,66.42,63.9312,65.79,58.4,58.4,-0.7407,1.9787,13.3672,0.6945,4.8002,1.8392,-4.4223

PRICE_WINDOW_180_ROW_047=20260108,66.5,68.0,66.5,67.3,1244592,66.6,64.2119,66.26,58.5894,58.5894,0.4478,1.3554,16.2349,0.5784,4.8092,1.5696,-3.9943

PRICE_WINDOW_180_ROW_048=20260109,66.8,70.0,66.8,68.0,3191618,66.9,64.5276,66.48,58.7854,58.7854,1.0401,2.2556,6.9182,1.5153,5.3813,2.2864,-2.9957

PRICE_WINDOW_180_ROW_049=20260112,68.1,68.8,65.3,66.2,1990443,67.2,64.6669,66.47,58.9367,58.9367,-2.6471,2.3184,-0.3012,1.0415,2.3707,-0.4062,-5.5635

PRICE_WINDOW_180_ROW_050=20260113,66.1,67.5,65.2,66.0,1771727,66.9,64.778,66.5,59.078,59.078,-0.3021,-2.2222,0.9174,0.9168,1.8864,-0.7519,-5.8488

PRICE_WINDOW_180_ROW_051=20260114,66.2,67.1,65.0,65.0,530219,66.5,64.7965,66.505,59.1941,59.1941,-1.5152,-2.9851,0.1541,0.2825,0.314,-2.263,-7.2753

PRICE_WINDOW_180_ROW_052=20260115,65.0,65.8,64.4,65.0,681112,66.04,64.8135,66.465,59.3058,59.3058,0.0,-3.4175,-1.2158,0.3906,0.2878,-2.2042,-7.2753

PRICE_WINDOW_180_ROW_053=20260116,65.0,66.9,64.9,65.1,1236695,65.46,64.8374,66.455,59.4151,59.4151,0.1538,-4.2647,-0.3063,0.7105,0.4051,-2.039,-7.1327

PRICE_WINDOW_180_ROW_054=20260119,65.5,66.1,62.7,63.6,1540577,64.94,64.7342,66.34,59.4926,59.4926,-2.3041,-3.9275,-3.4901,0.8809,-1.7522,-4.1302,-9.2725

PRICE_WINDOW_180_ROW_055=20260120,63.7,64.5,62.9,64.5,816157,64.64,64.7147,66.23,59.5836,59.5836,1.4151,-2.2727,-3.2984,0.4729,-0.3318,-2.6121,-7.9886

PRICE_WINDOW_180_ROW_056=20260121,64.3,64.3,59.2,61.3,811469,63.9,64.4302,65.925,59.6143,59.6143,-4.9612,-5.6923,-9.0504,0.4802,-4.8582,-7.0155,-12.5535

PRICE_WINDOW_180_ROW_057=20260122,61.5,63.4,60.8,61.1,1243710,63.12,64.1527,65.63,59.6404,59.6404,-0.3263,-6.0,-8.806,0.7369,-4.7584,-6.9023,-12.8388

PRICE_WINDOW_180_ROW_058=20260123,61.2,61.9,60.5,61.9,795591,62.48,63.9649,65.33,59.6793,59.6793,1.3093,-4.9155,-8.8365,0.5038,-3.2282,-5.2503,-11.6976

PRICE_WINDOW_180_ROW_059=20260126,63.0,64.8,60.7,60.7,1577225,61.9,63.6929,64.92,59.6966,59.6966,-1.9386,-4.5597,-11.9013,1.078,-4.6989,-6.5003,-13.4094

PRICE_WINDOW_180_ROW_060=20260127,60.6,61.3,59.4,60.0,476410,61.0,63.3851,64.675,59.7017,59.7017,-1.1532,-6.9767,-7.5501,0.3434,-5.3406,-7.2284,-14.408

PRICE_WINDOW_180_ROW_061=20260128,60.2,60.9,57.3,57.3,1262214,60.2,62.878,64.255,59.8,59.6623,-4.5,-6.5253,-12.7854,0.9325,-8.8712,-10.8241,-18.2596

PRICE_WINDOW_180_ROW_062=20260129,57.4,59.5,57.4,58.7,1020927,59.72,62.5299,63.87,59.9492,59.6468,2.4433,-3.928,-11.5964,0.776,-6.1248,-8.0946,-16.2625

PRICE_WINDOW_180_ROW_063=20260130,58.7,60.9,58.6,60.1,1759190,59.36,62.3274,63.55,60.1358,59.654,2.385,-2.9079,-9.6241,1.3167,-3.5737,-5.4288,-14.2653

PRICE_WINDOW_180_ROW_064=20260202,60.8,61.1,58.8,59.7,1100941,59.16,62.1084,63.3,60.2758,59.6547,-0.6656,-1.6474,-7.728,0.8182,-3.8778,-5.6872,-14.8359

PRICE_WINDOW_180_ROW_065=20260203,60.0,61.8,59.9,60.8,799413,59.32,61.9994,62.965,60.4475,59.6723,1.8425,1.3333,-9.9259,0.6304,-1.9345,-3.4384,-13.2668

PRICE_WINDOW_180_ROW_066=20260204,59.6,61.6,59.6,60.9,811659,60.04,61.9078,62.66,60.5908,59.6909,0.1645,6.2827,-9.1045,0.6582,-1.6279,-2.8088,-13.1241

PRICE_WINDOW_180_ROW_067=20260205,60.7,60.7,56.2,56.4,774801,59.58,61.4488,62.115,60.7008,59.6418,-7.3892,-3.9182,-16.1961,0.6405,-8.2163,-9.2007,-19.5435

PRICE_WINDOW_180_ROW_068=20260206,56.5,58.2,53.1,53.1,1325151,58.18,60.7531,61.37,60.7058,59.5456,-5.8511,-11.6473,-21.9118,1.1871,-12.597,-13.4756,-24.2511

PRICE_WINDOW_180_ROW_069=20260209,57.6,57.6,54.7,56.0,1243382,57.44,60.357,60.86,60.7808,59.4942,5.4614,-6.1977,-15.4079,1.1524,-7.2187,-7.9855,-20.1141

PRICE_WINDOW_180_ROW_070=20260210,55.9,56.9,55.0,55.1,489364,56.3,59.9189,60.315,60.8042,59.4314,-1.6071,-9.375,-16.5152,0.4822,-8.0424,-8.6463,-21.398

PRICE_WINDOW_180_ROW_071=20260211,55.1,55.8,52.6,52.6,584584,54.64,59.309,59.695,60.7508,59.3352,-4.5372,-13.6289,-19.0769,0.5745,-11.3119,-11.8854,-24.9643

PRICE_WINDOW_180_ROW_072=20260223,52.6,57.1,52.3,56.7,533250,54.7,59.0916,59.28,60.8042,59.2986,7.7947,0.5319,-12.7692,0.5279,-4.0472,-4.3522,-19.1155

PRICE_WINDOW_180_ROW_073=20260224,56.5,57.6,54.2,54.7,983660,55.02,58.7256,58.76,60.7958,59.2356,-3.5273,3.0132,-15.9754,0.9861,-6.8549,-6.9095,-21.9686

PRICE_WINDOW_180_ROW_074=20260225,54.8,55.4,51.3,51.3,721866,54.08,58.1068,58.145,60.7208,59.1284,-6.2157,-8.3929,-19.3396,0.7547,-11.7143,-11.7723,-26.8188

PRICE_WINDOW_180_ROW_075=20260226,51.8,53.0,51.3,52.1,264566,53.48,57.6062,57.525,60.7058,59.0347,1.5595,-5.4446,-19.2248,0.2848,-9.5584,-9.4307,-25.6776

PRICE_WINDOW_180_ROW_076=20260302,50.9,51.5,49.85,50.3,356565,53.02,56.9974,56.975,60.6192,58.9197,-3.4549,-4.3726,-17.9445,0.3935,-11.7503,-11.7157,-28.2454

PRICE_WINDOW_180_ROW_077=20260303,50.5,52.5,50.2,51.7,1397613,52.02,56.5559,56.505,60.6483,58.826,2.7833,-8.8183,-15.3846,1.5293,-8.5861,-8.5037,-26.2482

PRICE_WINDOW_180_ROW_078=20260304,51.8,51.8,47.95,48.1,498539,50.7,55.8513,55.815,60.6033,58.6885,-6.9632,-12.0658,-22.294,0.5545,-13.8784,-13.8224,-31.3837

PRICE_WINDOW_180_ROW_079=20260305,48.9,51.8,48.9,51.3,977514,50.7,55.472,55.345,60.5733,58.5949,6.6528,0.0,-15.486,1.1248,-7.5209,-7.3087,-26.8188

PRICE_WINDOW_180_ROW_080=20260306,51.4,51.8,49.2,49.9,509748,50.26,55.0077,54.84,60.515,58.4862,-2.729,-4.2226,-16.8333,0.5854,-9.2854,-9.008,-28.816

PRICE_WINDOW_180_ROW_081=20260309,47.9,47.9,45.65,45.75,256633,49.35,54.2362,54.2625,60.4075,58.329,-8.3166,-9.0457,-20.1571,0.3128,-15.6467,-15.6876,-34.7361

PRICE_WINDOW_180_ROW_082=20260310,46.2,47.4,46.0,46.1,641119,48.23,53.5582,53.6325,60.3025,58.1799,0.765,-10.8317,-21.4651,0.7999,-13.9254,-14.0447,-34.2368

PRICE_WINDOW_180_ROW_083=20260311,45.8,47.4,45.75,46.65,278577,47.94,52.9825,52.96,60.2133,58.041,1.1931,-3.0146,-22.3794,0.383,-11.9521,-11.9147,-33.4522

PRICE_WINDOW_180_ROW_084=20260312,46.5,46.5,45.25,45.3,293489,46.74,52.3423,52.24,60.0833,57.8893,-2.8939,-11.6959,-24.1206,0.4272,-13.4543,-13.2848,-35.378

PRICE_WINDOW_180_ROW_085=20260313,45.15,45.15,43.35,43.35,316113,45.43,51.5929,51.3675,59.9092,57.7182,-4.3046,-13.1263,-28.7007,0.4769,-15.9769,-15.6081,-38.1598

PRICE_WINDOW_180_ROW_086=20260316,43.75,44.7,41.8,42.9,461736,44.86,50.8685,50.4675,59.6392,57.5459,-1.0381,-6.2295,-29.5567,0.7154,-15.6649,-14.9948,-38.8017

PRICE_WINDOW_180_ROW_087=20260317,42.3,47.15,42.3,47.15,465386,45.07,50.5586,50.005,59.46,57.4264,9.9068,2.2777,-16.4007,0.7388,-6.742,-5.7094,-32.7389

PRICE_WINDOW_180_ROW_088=20260318,51.7,51.8,50.0,51.8,738873,46.1,50.6621,49.94,59.2633,57.3625,9.8621,11.0397,-2.4482,1.2302,2.2461,3.7245,-26.1056

PRICE_WINDOW_180_ROW_089=20260319,51.9,54.7,51.8,52.0,1119866,47.44,50.7736,49.74,59.0233,57.3022,0.3861,14.7903,-7.1429,1.8839,2.4155,4.5436,-25.8203

PRICE_WINDOW_180_ROW_090=20260320,54.4,54.9,51.7,52.2,411309,49.21,50.8925,49.595,58.8033,57.2456,0.3846,20.4152,-5.2632,0.6965,2.5692,5.2525,-25.535

PRICE_WINDOW_180_ROW_091=20260323,50.0,51.0,48.6,48.65,258693,50.36,50.7056,49.3975,58.5325,57.1511,-6.8008,13.4033,-7.5095,0.4505,-4.054,-1.5132,-30.5991

PRICE_WINDOW_180_ROW_092=20260324,51.8,53.5,49.35,53.1,730081,51.55,50.9051,49.2175,58.3208,57.1071,9.147,12.6193,-6.3492,1.2499,4.3117,7.8885,-24.2511

PRICE_WINDOW_180_ROW_093=20260325,55.2,56.2,51.8,52.3,1130256,51.65,51.0214,49.0975,58.1042,57.0554,-1.5066,0.9653,-4.3876,1.9111,2.5061,6.5227,-25.3923

PRICE_WINDOW_180_ROW_094=20260326,53.4,53.6,49.35,49.35,549527,51.12,50.8821,49.0,57.8283,56.9734,-5.6405,-5.0962,-3.8012,0.9429,-3.011,0.7143,-29.6006

PRICE_WINDOW_180_ROW_095=20260327,49.35,50.7,47.8,48.55,403972,50.39,50.6877,48.8225,57.5258,56.8847,-1.6211,-6.9923,-6.8138,0.685,-4.2175,-0.5581,-30.7418

PRICE_WINDOW_180_ROW_096=20260330,49.25,49.25,45.7,47.4,336150,50.14,50.4138,48.6775,57.1925,56.7859,-2.3687,-2.5694,-5.7654,0.5709,-5.978,-2.6244,-32.3823

PRICE_WINDOW_180_ROW_097=20260331,47.5,47.5,44.2,45.7,402941,48.66,50.0209,48.3775,56.8375,56.6716,-3.5865,-13.936,-11.6054,0.7475,-8.6383,-5.5346,-34.8074

PRICE_WINDOW_180_ROW_098=20260401,46.85,48.2,46.6,46.8,175644,47.56,49.7525,48.3125,56.4858,56.5709,2.407,-10.5163,-2.7027,0.3359,-5.9344,-3.1307,-33.2382

PRICE_WINDOW_180_ROW_099=20260402,47.55,50.5,47.0,49.45,559020,47.58,49.7273,48.22,56.1617,56.499,5.6624,0.2026,-3.6062,1.1137,-0.5577,2.5508,-29.3571

PRICE_WINDOW_180_ROW_100=20260407,54.3,54.3,54.3,54.3,443431,48.73,50.1084,48.44,55.985,56.477,9.8079,11.8435,8.8176,0.8893,8.3651,12.0974,-22.4286

PRICE_WINDOW_180_ROW_101=20260408,54.5,59.7,54.5,59.7,2255097,51.19,50.9077,49.1375,55.885,56.5089,9.9448,25.9494,30.4918,3.7675,17.2711,21.4958,-14.7143

PRICE_WINDOW_180_ROW_102=20260409,62.0,63.4,56.7,57.7,2188984,53.59,51.4737,49.7175,55.74,56.5206,-3.3501,26.2582,25.1627,3.2383,12.0961,16.0557,-17.5714

PRICE_WINDOW_180_ROW_103=20260410,58.9,60.9,57.3,59.1,1340461,56.05,52.1092,50.34,55.6167,56.5456,2.4263,26.2821,26.6881,1.8386,13.4156,17.4017,-15.5714

PRICE_WINDOW_180_ROW_104=20260413,65.0,65.0,61.0,63.9,5719097,58.94,53.0918,51.27,55.6033,56.6163,8.1218,29.2214,41.0596,5.7172,20.3576,24.6343,-8.7143

PRICE_WINDOW_180_ROW_105=20260414,63.6,65.8,62.3,65.8,2165031,61.24,54.1508,52.3925,55.575,56.7038,2.9734,21.1786,51.7878,1.9812,21.5125,25.5905,-6.0

PRICE_WINDOW_180_ROW_106=20260415,66.3,66.3,63.8,65.5,1258803,62.4,55.0966,53.5225,55.55,56.7868,-0.4559,9.7152,52.6807,1.1114,18.8822,22.3784,-6.4286

PRICE_WINDOW_180_ROW_107=20260416,65.0,66.8,64.6,65.0,954695,63.86,55.9219,54.415,55.5117,56.8636,-0.7634,12.6516,37.8579,0.8251,16.2336,19.4524,-7.1429

PRICE_WINDOW_180_ROW_108=20260417,65.9,65.9,62.6,62.7,1055901,64.58,56.4867,54.96,55.4233,56.9176,-3.5385,6.0914,21.0425,0.9002,10.9996,14.083,-8.8663

PRICE_WINDOW_180_ROW_109=20260420,63.0,65.6,60.4,64.4,2075031,64.68,57.1461,55.58,55.3933,56.9862,2.7113,0.7825,23.8462,1.6999,12.6935,15.869,-4.5926

PRICE_WINDOW_180_ROW_110=20260421,65.3,65.3,61.5,61.5,931980,63.82,57.509,56.045,55.3183,57.0273,-4.5031,-6.535,17.8161,0.7475,6.9398,9.7333,-8.3458

PRICE_WINDOW_180_ROW_111=20260422,61.6,62.2,58.6,58.6,922096,62.44,57.5999,56.5425,55.2117,57.0414,-4.7154,-10.5344,20.4522,0.7204,1.7363,3.6389,-12.4066

PRICE_WINDOW_180_ROW_112=20260423,59.1,59.8,55.0,56.0,941639,60.64,57.4666,56.6875,55.0617,57.0321,-4.4369,-13.8462,5.4614,0.7297,-2.552,-1.2128,-16.293

PRICE_WINDOW_180_ROW_113=20260424,57.8,58.0,54.0,54.2,352351,58.94,57.1944,56.7825,54.88,57.0071,-3.2143,-13.5566,3.6329,0.2815,-5.2354,-4.5481,-18.8623

PRICE_WINDOW_180_ROW_114=20260427,54.5,54.7,53.0,53.3,288116,56.72,56.8698,56.98,54.7083,56.9746,-1.6605,-17.236,8.0041,0.2326,-6.2772,-6.4584,-20.2096

PRICE_WINDOW_180_ROW_115=20260428,53.5,54.5,52.6,53.9,271684,55.2,56.6223,57.2475,54.5317,56.9478,1.1257,-12.3577,11.0196,0.2205,-4.8079,-5.8474,-19.3114

PRICE_WINDOW_180_ROW_116=20260429,54.8,59.2,53.6,59.2,929384,55.32,56.8371,57.8375,54.4967,56.9672,9.833,1.0239,24.8945,0.7367,4.1572,2.3557,-11.3772

PRICE_WINDOW_180_ROW_117=20260430,59.0,59.1,57.2,57.7,423595,55.66,56.909,58.4375,54.44,56.9735,-2.5338,3.0357,26.2582,0.3355,1.3899,-1.262,-13.6228

PRICE_WINDOW_180_ROW_118=20260504,56.9,59.4,56.2,56.7,449590,56.16,56.8916,58.9325,54.3533,56.9712,-1.7331,4.6125,21.1538,0.3523,-0.3368,-3.7882,-15.1198

PRICE_WINDOW_180_ROW_119=20260505,56.7,56.7,54.1,54.5,688870,56.4,56.6923,59.185,54.25,56.9504,-3.8801,2.2514,10.2123,0.537,-3.8671,-7.9159,-18.4132

PRICE_WINDOW_180_ROW_120=20260506,55.0,55.4,53.3,53.3,379881,56.28,56.4096,59.135,54.1383,56.92,-2.2018,-1.1132,-1.8416,0.2969,-5.5126,-9.8673,-20.2096

PRICE_WINDOW_180_ROW_121=20260507,53.4,55.0,52.6,53.2,440676,55.08,56.1422,58.81,54.07,56.935,-0.1876,-10.1351,-10.8878,0.3707,-5.2406,-9.5392,-20.3593

PRICE_WINDOW_180_ROW_122=20260508,53.2,54.6,50.0,50.4,790479,53.62,55.6636,58.445,53.9317,56.9404,-5.2632,-12.6516,-12.6516,0.7064,-9.4562,-13.7651,-24.5509

PRICE_WINDOW_180_ROW_123=20260511,50.4,51.8,49.6,51.6,415017,52.6,55.325,58.07,53.79,56.9629,2.381,-8.9947,-12.6904,0.3869,-6.733,-11.1417,-22.7545

PRICE_WINDOW_180_ROW_124=20260512,51.3,51.5,50.0,50.2,350048,51.74,54.8979,57.385,53.6317,56.9538,-2.7132,-7.8899,-21.4397,0.4353,-8.5576,-12.5207,-24.8503

PRICE_WINDOW_180_ROW_125=20260513,51.0,51.0,49.1,49.35,221963,50.95,54.4356,56.5625,53.4408,56.9442,-1.6932,-7.4109,-25.0,0.3139,-9.3424,-12.7514,-26.1228

PRICE_WINDOW_180_ROW_126=20260514,50.9,50.9,47.2,48.4,384018,49.99,53.9326,55.7075,53.2325,56.9117,-1.925,-9.0226,-26.1069,0.5789,-10.2584,-13.1176,-27.5449

PRICE_WINDOW_180_ROW_127=20260515,48.55,49.0,46.4,46.55,274723,49.22,53.3174,54.785,53.0683,56.8846,-3.8223,-7.6389,-28.3846,0.4365,-12.6927,-15.0315,-30.3144

PRICE_WINDOW_180_ROW_128=20260518,46.5,48.0,45.0,47.95,239671,48.49,52.8701,54.0475,52.9825,56.8442,3.0075,-7.0736,-23.5247,0.4072,-9.3061,-11.2817,-28.2186

PRICE_WINDOW_180_ROW_129=20260519,47.95,48.5,46.8,47.0,202853,47.85,52.381,53.1775,52.8325,56.8067,-1.9812,-6.3745,-27.0186,0.4099,-10.2727,-11.6168,-29.6407

PRICE_WINDOW_180_ROW_130=20260520,48.9,48.9,46.5,46.8,210847,47.34,51.9159,52.4425,52.6942,56.7492,-0.4255,-5.1672,-23.9024,0.4595,-9.8542,-10.7594,-29.9401

PRICE_WINDOW_180_ROW_131=20260521,48.0,48.2,47.4,47.7,153274,47.2,51.5645,51.8975,52.6125,56.6817,1.9231,-1.4463,-18.6007,0.3646,-7.4946,-8.0881,-28.5928

PRICE_WINDOW_180_ROW_132=20260522,47.9,50.3,47.9,50.3,572077,47.95,51.4592,51.6125,52.5058,56.655,5.4507,8.0559,-10.1786,1.4232,-2.2526,-2.543,-24.7006

PRICE_WINDOW_180_ROW_133=20260525,51.0,51.9,49.1,49.85,432039,48.33,51.3251,51.395,52.425,56.6104,-0.8946,3.9625,-8.0258,1.0643,-2.874,-3.0061,-25.3743

PRICE_WINDOW_180_ROW_134=20260526,49.85,49.85,48.25,48.65,206955,48.66,51.1021,51.1625,52.3808,56.5508,-2.4072,3.5106,-8.7242,0.515,-4.7985,-4.9108,-27.1707
