# PRICE_WINDOW_137

columns=date,open,high,low,close,volume,ma5,ema23,ma20,ma60,ma120,return_1d,return_5d,return_20d,volume_ratio,distance_to_ema23_pct,distance_to_ma20_pct,distance_to_high_60_pct

PRICE_WINDOW_180_ROW_001=20251103,41.2,41.2,40.6,40.6,602415,,,,,,,,,,,,

PRICE_WINDOW_180_ROW_002=20251104,40.7,40.9,40.25,40.35,371249,,,,,,-0.6158,,,,,,

PRICE_WINDOW_180_ROW_003=20251105,40.25,40.7,39.75,40.7,224597,,,,,,0.8674,,,,,,

PRICE_WINDOW_180_ROW_004=20251106,40.9,41.25,40.75,41.2,208066,,,,,,1.2285,,,,,,

PRICE_WINDOW_180_ROW_005=20251107,41.2,41.2,40.55,40.7,165819,40.71,40.6451,40.71,40.71,40.71,-1.2136,,,0.5274,0.135,-0.0246,-1.3333

PRICE_WINDOW_180_ROW_006=20251110,40.55,40.55,39.75,40.1,570725,40.61,40.5997,40.6083,40.6083,40.6083,-1.4742,-1.2315,,1.598,-1.2308,-1.2518,-2.7879

PRICE_WINDOW_180_ROW_007=20251111,40.0,40.4,39.95,39.95,240697,40.53,40.5456,40.5143,40.5143,40.5143,-0.3741,-0.9913,,0.7069,-1.4689,-1.3928,-3.1515

PRICE_WINDOW_180_ROW_008=20251112,39.95,40.3,39.95,40.05,402237,40.4,40.5043,40.4563,40.4563,40.4563,0.2503,-1.5971,,1.1551,-1.1215,-1.0042,-2.9091

PRICE_WINDOW_180_ROW_009=20251113,40.1,40.35,39.85,40.0,406313,40.16,40.4622,40.4056,40.4056,40.4056,-0.1248,-2.9126,,1.1456,-1.1424,-1.0037,-3.0303

PRICE_WINDOW_180_ROW_010=20251114,39.95,39.95,39.2,39.5,683751,39.92,40.382,40.315,40.315,40.315,-1.25,-2.9484,,1.7641,-2.1843,-2.0216,-4.2424

PRICE_WINDOW_180_ROW_011=20251117,39.5,39.5,38.7,38.95,699268,39.69,40.2627,40.1909,40.1909,40.1909,-1.3924,-2.8678,,1.6812,-3.2604,-3.0875,-5.5758

PRICE_WINDOW_180_ROW_012=20251118,38.95,38.95,37.75,38.3,1153275,39.36,40.0992,40.0333,40.0333,40.0333,-1.6688,-4.1302,,2.4159,-4.4868,-4.3297,-7.1515

PRICE_WINDOW_180_ROW_013=20251119,38.75,38.85,37.75,37.85,477234,38.92,39.9117,39.8654,39.8654,39.8654,-1.1749,-5.4931,,0.9997,-5.1657,-5.0555,-8.2424

PRICE_WINDOW_180_ROW_014=20251120,38.15,38.4,38.0,38.3,269945,38.58,39.7774,39.7536,39.7536,39.7536,1.1889,-4.25,,0.5836,-3.7142,-3.6565,-7.1515

PRICE_WINDOW_180_ROW_015=20251121,38.45,38.7,37.85,38.0,521581,38.28,39.6293,39.6367,39.6367,39.6367,-0.7833,-3.7975,,1.1181,-4.1113,-4.1292,-7.8788

PRICE_WINDOW_180_ROW_016=20251124,38.0,38.6,37.85,38.5,230541,38.19,39.5352,39.5656,39.5656,39.5656,1.3158,-1.1553,,0.5103,-2.6184,-2.6933,-6.6667

PRICE_WINDOW_180_ROW_017=20251125,38.25,38.7,38.25,38.45,282246,38.22,39.4448,39.5,39.5,39.5,-0.1299,0.3916,,0.6389,-2.5219,-2.6582,-6.7879

PRICE_WINDOW_180_ROW_018=20251126,38.7,39.25,38.65,39.25,231334,38.5,39.4285,39.4861,39.4861,39.4861,2.0806,3.6988,,0.5379,-0.4528,-0.598,-4.8485

PRICE_WINDOW_180_ROW_019=20251127,39.25,39.5,39.15,39.35,225414,38.71,39.422,39.4789,39.4789,39.4789,0.2548,2.7415,,0.5376,-0.1826,-0.3266,-4.6061

PRICE_WINDOW_180_ROW_020=20251128,39.2,39.35,38.9,39.0,128016,38.91,39.3868,39.455,39.455,39.455,-0.8895,2.6316,,0.3163,-0.9821,-1.1532,-5.4545

PRICE_WINDOW_180_ROW_021=20251201,38.7,39.0,38.15,38.4,373229,38.89,39.3046,39.345,39.4048,39.4048,-1.5385,-0.2597,-5.4187,0.949,-2.3015,-2.4018,-6.9091

PRICE_WINDOW_180_ROW_022=20251202,38.3,38.6,38.3,38.4,129861,38.88,39.2292,39.2475,39.3591,39.3591,0.0,-0.13,-4.8327,0.3407,-2.1137,-2.1594,-6.9091

PRICE_WINDOW_180_ROW_023=20251203,38.4,38.65,38.35,38.4,183118,38.71,39.1601,39.1325,39.3174,39.3174,0.0,-2.1656,-5.6511,0.483,-1.941,-1.8718,-6.9091

PRICE_WINDOW_180_ROW_024=20251204,38.45,38.7,38.4,38.4,223744,38.52,39.0968,38.9925,39.2792,39.2792,0.0,-2.4142,-6.7961,0.5889,-1.7821,-1.5195,-6.9091

PRICE_WINDOW_180_ROW_025=20251205,38.4,38.5,37.8,38.15,430336,38.35,39.0179,38.865,39.234,39.234,-0.651,-2.1795,-6.2654,1.0946,-2.2243,-1.8397,-7.5152

PRICE_WINDOW_180_ROW_026=20251208,38.1,38.45,38.05,38.05,164370,38.28,38.9372,38.7625,39.1885,39.1885,-0.2621,-0.9115,-5.1122,0.4409,-2.2786,-1.8381,-7.7576

PRICE_WINDOW_180_ROW_027=20251209,37.95,37.95,37.05,37.8,505337,38.16,38.8424,38.655,39.137,39.137,-0.657,-1.5625,-5.3817,1.309,-2.6838,-2.2119,-8.3636

PRICE_WINDOW_180_ROW_028=20251210,37.7,38.05,37.55,37.6,276288,38.0,38.7389,38.5325,39.0821,39.0821,-0.5291,-2.0833,-6.1174,0.7275,-2.9399,-2.42,-8.8485

PRICE_WINDOW_180_ROW_029=20251211,37.5,37.85,37.35,37.5,253354,37.82,38.6357,38.4075,39.0276,39.0276,-0.266,-2.3438,-6.25,0.6809,-2.9394,-2.3628,-9.0909

PRICE_WINDOW_180_ROW_030=20251212,37.8,38.0,37.0,37.05,686053,37.6,38.5035,38.285,38.9617,38.9617,-1.2,-2.8834,-6.2025,1.8431,-3.775,-3.2258,-10.1818

PRICE_WINDOW_180_ROW_031=20251215,37.05,37.85,36.85,37.55,451468,37.5,38.4241,38.215,38.9161,38.9161,1.3495,-1.3141,-3.5944,1.2546,-2.2748,-1.7402,-8.9697

PRICE_WINDOW_180_ROW_032=20251216,37.55,37.6,37.15,37.5,368617,37.44,38.3471,38.175,38.8719,38.8719,-0.1332,-0.7937,-2.0888,1.1498,-2.2089,-1.7682,-9.0909

PRICE_WINDOW_180_ROW_033=20251217,37.5,38.8,37.5,38.05,672943,37.53,38.3223,38.185,38.847,38.847,1.4667,1.1968,0.5284,2.0368,-0.7106,-0.3535,-7.7576

PRICE_WINDOW_180_ROW_034=20251218,38.15,38.6,38.0,38.4,369174,37.71,38.3288,38.19,38.8338,38.8338,0.9198,2.4,0.2611,1.1009,0.1858,0.5499,-6.9091

PRICE_WINDOW_180_ROW_035=20251219,38.5,39.7,38.4,38.8,1011915,38.06,38.368,38.23,38.8329,38.8329,1.0417,4.7233,2.1053,2.8119,1.1258,1.491,-5.9394

PRICE_WINDOW_180_ROW_036=20251222,39.25,39.25,38.4,38.9,263897,38.33,38.4124,38.25,38.8347,38.8347,0.2577,3.5952,1.039,0.7299,1.2694,1.6993,-5.697

PRICE_WINDOW_180_ROW_037=20251223,38.6,39.1,38.6,39.0,201039,38.63,38.4613,38.2775,38.8392,38.8392,0.2571,4.0,1.4304,0.5624,1.4005,1.8875,-5.4545

PRICE_WINDOW_180_ROW_038=20251224,39.05,40.15,39.05,39.65,609865,38.95,38.5604,38.2975,38.8605,38.8605,1.6667,4.205,1.0191,1.6202,2.8257,3.5316,-3.8788

PRICE_WINDOW_180_ROW_039=20251226,39.7,39.85,39.35,39.85,298054,39.24,38.6679,38.3225,38.8859,38.8859,0.5044,3.776,1.2706,0.7843,3.0571,3.9859,-3.3939

PRICE_WINDOW_180_ROW_040=20251229,39.85,39.85,39.3,39.55,267070,39.39,38.7414,38.35,38.9025,38.9025,-0.7528,1.933,1.4103,0.6901,2.0872,3.1291,-4.1212

PRICE_WINDOW_180_ROW_041=20251230,39.55,39.55,38.9,39.1,345853,39.43,38.7713,38.385,38.9073,38.9073,-1.1378,0.5141,1.8229,0.8969,0.8479,1.8627,-5.2121

PRICE_WINDOW_180_ROW_042=20251231,39.3,39.3,38.85,39.15,187875,39.46,38.8028,38.4225,38.9131,38.9131,0.1279,0.3846,1.9531,0.4836,0.8947,1.8934,-5.0909

PRICE_WINDOW_180_ROW_043=20260102,39.25,39.35,39.0,39.0,233359,39.33,38.8193,38.4525,38.9151,38.9151,-0.3831,-1.6393,1.5625,0.5968,0.4656,1.4238,-5.4545

PRICE_WINDOW_180_ROW_044=20260105,39.0,39.0,38.35,38.35,439138,39.03,38.7802,38.45,38.9023,38.9023,-1.6667,-3.7641,-0.1302,1.0929,-1.1092,-0.2601,-7.0303

PRICE_WINDOW_180_ROW_045=20260106,38.5,38.6,38.2,38.2,204765,38.76,38.7318,38.4525,38.8867,38.8867,-0.3911,-3.4134,0.1311,0.5243,-1.373,-0.6567,-7.3939

PRICE_WINDOW_180_ROW_046=20260107,38.45,38.75,38.2,38.6,248927,38.66,38.7208,38.48,38.8804,38.8804,1.0471,-1.2788,1.4455,0.6306,-0.312,0.3119,-6.4242

PRICE_WINDOW_180_ROW_047=20260108,38.75,39.25,38.75,38.95,226055,38.62,38.7399,38.5375,38.8819,38.8819,0.9067,-0.5109,3.0423,0.5937,0.5423,1.0704,-5.5758

PRICE_WINDOW_180_ROW_048=20260109,39.1,39.7,39.1,39.7,504686,38.76,38.8199,38.6425,38.899,38.899,1.9255,1.7949,5.5851,1.2868,2.2671,2.7366,-3.7576

PRICE_WINDOW_180_ROW_049=20260112,39.9,39.9,39.3,39.45,299803,38.98,38.8724,38.74,38.9102,38.9102,-0.6297,2.8683,5.2,0.7599,1.4858,1.8327,-4.3636

PRICE_WINDOW_180_ROW_050=20260113,39.6,39.7,38.65,39.0,427786,39.14,38.8831,38.8375,38.912,38.912,-1.1407,2.0942,5.2632,1.121,0.3007,0.4184,-5.4545

PRICE_WINDOW_180_ROW_051=20260114,39.1,39.35,38.8,39.0,384650,39.22,38.8928,38.91,38.9137,38.9137,0.0,1.0363,3.8615,1.0169,0.2756,0.2313,-5.4545

PRICE_WINDOW_180_ROW_052=20260115,39.0,39.2,38.2,38.7,481597,39.17,38.8767,38.97,38.9096,38.9096,-0.7692,-0.6418,3.2,1.2544,-0.4546,-0.6928,-6.1818

PRICE_WINDOW_180_ROW_053=20260116,38.7,38.8,37.85,37.95,880780,38.82,38.7995,38.965,38.8915,38.8915,-1.938,-4.4081,-0.2628,2.2337,-2.1895,-2.6049,-8.0

PRICE_WINDOW_180_ROW_054=20260119,37.9,38.35,37.6,38.15,333979,38.56,38.7454,38.9525,38.8778,38.8778,0.527,-3.2953,-0.651,0.8508,-1.5367,-2.0602,-7.5152

PRICE_WINDOW_180_ROW_055=20260120,38.05,38.1,37.65,37.8,434928,38.32,38.6666,38.9025,38.8582,38.8582,-0.9174,-3.0769,-2.5773,1.1958,-2.2412,-2.834,-8.3636

PRICE_WINDOW_180_ROW_056=20260121,37.8,37.8,37.25,37.45,578588,38.01,38.5652,38.83,38.833,38.833,-0.9259,-3.9744,-3.7275,1.5248,-2.8918,-3.554,-9.2121

PRICE_WINDOW_180_ROW_057=20260122,37.45,37.8,37.45,37.7,355079,37.81,38.4931,38.765,38.8132,38.8132,0.6676,-2.584,-3.3333,0.9172,-2.0604,-2.7473,-8.6061

PRICE_WINDOW_180_ROW_058=20260123,37.6,38.05,37.35,37.45,313342,37.71,38.4062,38.655,38.7897,38.7897,-0.6631,-1.3175,-5.5485,0.8416,-2.4897,-3.1173,-9.2121

PRICE_WINDOW_180_ROW_059=20260126,37.65,37.7,37.25,37.7,266947,37.62,38.3473,38.5475,38.7712,38.7712,0.6676,-1.1796,-5.3952,0.72,-1.6881,-2.1986,-8.6061

PRICE_WINDOW_180_ROW_060=20260127,37.55,37.8,37.4,37.6,313434,37.58,38.2851,38.45,38.7517,38.7517,-0.2653,-0.5291,-4.9305,0.8401,-1.7894,-2.2107,-8.8485

PRICE_WINDOW_180_ROW_061=20260128,37.35,37.6,37.1,37.3,399292,37.55,38.203,38.36,38.6967,38.7279,-0.7979,-0.4005,-4.6036,1.0627,-2.3636,-2.7633,-9.5758

PRICE_WINDOW_180_ROW_062=20260129,37.15,37.75,37.0,37.45,271132,37.5,38.1402,38.275,38.6483,38.7073,0.4021,-0.6631,-4.3423,0.7137,-1.8097,-2.1555,-9.2121

PRICE_WINDOW_180_ROW_063=20260130,37.2,37.2,36.95,37.1,420508,37.43,38.0535,38.18,38.5883,38.6817,-0.9346,-0.9346,-4.8718,1.0802,-2.5058,-2.8287,-10.0606

PRICE_WINDOW_180_ROW_064=20260202,37.1,37.1,36.45,36.7,444905,37.23,37.9407,38.0975,38.5133,38.6508,-1.0782,-2.6525,-4.3025,1.1421,-3.2702,-3.6682,-10.9223

PRICE_WINDOW_180_ROW_065=20260203,36.8,36.95,36.4,36.65,371011,37.04,37.8332,38.02,38.4458,38.62,-0.1362,-2.5266,-4.0576,0.9325,-3.1274,-3.6034,-9.6178

PRICE_WINDOW_180_ROW_066=20260204,36.65,37.1,36.5,37.0,174492,36.98,37.7638,37.94,38.3942,38.5955,0.955,-0.8043,-4.1451,0.4427,-2.0224,-2.4776,-8.4158

PRICE_WINDOW_180_ROW_067=20260205,37.0,37.7,37.0,37.3,297885,36.95,37.7251,37.8575,38.35,38.5761,0.8108,-0.4005,-4.2362,0.7489,-1.1269,-1.4726,-7.5589

PRICE_WINDOW_180_ROW_068=20260206,37.05,37.15,36.5,36.9,193307,36.91,37.6563,37.7175,38.2975,38.5515,-1.0724,-0.5391,-7.0529,0.5058,-2.0086,-2.1674,-8.5502

PRICE_WINDOW_180_ROW_069=20260209,37.1,37.2,36.85,37.1,179441,36.99,37.61,37.6,38.2492,38.5304,0.542,1.0899,-5.9569,0.477,-1.356,-1.3298,-7.5965

PRICE_WINDOW_180_ROW_070=20260210,36.95,37.55,36.95,37.1,409513,37.08,37.5675,37.505,38.2092,38.51,0.0,1.2278,-4.8718,1.0913,-1.2444,-1.0799,-7.5965

PRICE_WINDOW_180_ROW_071=20260211,37.3,37.7,37.25,37.65,362437,37.21,37.5744,37.4375,38.1875,38.4979,1.4825,1.7568,-3.4615,0.9687,0.2013,0.5676,-6.2267

PRICE_WINDOW_180_ROW_072=20260223,37.8,38.1,37.45,37.5,372026,37.25,37.5682,37.3775,38.1742,38.484,-0.3984,0.5362,-3.1008,1.0092,-0.1814,0.3277,-6.6002

PRICE_WINDOW_180_ROW_073=20260224,37.65,37.95,37.5,37.6,191775,37.39,37.5708,37.36,38.17,38.4719,0.2667,1.897,-0.9223,0.5738,0.0777,0.6424,-6.3512

PRICE_WINDOW_180_ROW_074=20260225,37.75,37.85,37.2,37.55,266038,37.48,37.5691,37.33,38.1575,38.4595,-0.133,1.2129,-1.5727,0.8042,-0.0508,0.5893,-6.4757

PRICE_WINDOW_180_ROW_075=20260226,37.65,37.95,37.5,37.7,392549,37.6,37.58,37.325,38.1525,38.4493,0.3995,1.6173,-0.2646,1.1943,0.3193,1.0047,-6.1021

PRICE_WINDOW_180_ROW_076=20260302,37.8,37.8,37.15,37.4,453558,37.55,37.565,37.3225,38.1342,38.4355,-0.7958,-0.664,-0.1335,1.4067,-0.4392,0.2076,-6.8493

PRICE_WINDOW_180_ROW_077=20260303,37.35,37.4,36.8,36.9,406644,37.43,37.5096,37.2825,38.1083,38.4156,-1.3369,-1.6,-2.122,1.2512,-1.6251,-1.026,-8.0946

PRICE_WINDOW_180_ROW_078=20260304,37.0,37.0,35.75,36.1,652514,37.13,37.3921,37.215,38.0558,38.3859,-2.168,-3.9894,-3.6048,1.9081,-3.4556,-2.9961,-10.0872

PRICE_WINDOW_180_ROW_079=20260305,36.35,37.25,36.35,37.25,256894,37.07,37.3803,37.1925,38.0208,38.3715,3.1856,-0.7989,-1.1936,0.7523,-0.3485,0.1546,-7.2229

PRICE_WINDOW_180_ROW_080=20260306,37.0,37.95,36.85,37.75,318735,37.08,37.4111,37.2,38.0,38.3637,1.3423,0.1326,0.3989,0.9327,0.9059,1.4785,-5.9776

PRICE_WINDOW_180_ROW_081=20260309,36.2,36.6,35.95,36.45,436624,36.89,37.331,37.1575,37.9675,38.3401,-3.4437,-2.5401,-2.2788,1.2707,-2.3599,-1.9041,-9.2154

PRICE_WINDOW_180_ROW_082=20260310,36.85,37.3,36.45,36.7,174328,36.85,37.2784,37.12,37.9392,38.3201,0.6859,-0.542,-2.0027,0.5146,-1.5516,-1.1315,-8.5928

PRICE_WINDOW_180_ROW_083=20260311,36.75,38.0,36.75,37.85,399044,37.2,37.326,37.1575,37.93,38.3145,3.1335,4.8476,2.0216,1.1817,1.4037,1.8637,-5.7285

PRICE_WINDOW_180_ROW_084=20260312,37.2,37.8,37.2,37.4,168515,37.23,37.3322,37.1925,37.9133,38.3036,-1.1889,0.4027,1.9074,0.5203,0.1816,0.5579,-6.8493

PRICE_WINDOW_180_ROW_085=20260313,36.55,36.7,35.55,36.55,680592,36.99,37.267,37.1875,37.8867,38.2829,-2.2727,-3.1788,-0.2729,2.0056,-1.924,-1.7143,-8.9664

PRICE_WINDOW_180_ROW_086=20260316,36.55,36.65,36.1,36.3,261442,36.96,37.1864,37.1525,37.8575,38.2599,-0.684,-0.4115,-1.8919,0.7607,-2.3838,-2.2946,-9.589

PRICE_WINDOW_180_ROW_087=20260317,36.3,36.5,36.25,36.5,267949,36.92,37.1292,37.1125,37.8358,38.2397,0.551,-0.545,-2.1448,0.783,-1.6947,-1.6504,-9.0909

PRICE_WINDOW_180_ROW_088=20260318,36.8,36.95,36.4,36.65,241148,36.68,37.0893,37.1,37.82,38.2216,0.411,-3.1704,-0.6775,0.6998,-1.1844,-1.2129,-8.7173

PRICE_WINDOW_180_ROW_089=20260319,36.5,36.9,36.0,36.5,254211,36.5,37.0402,37.07,37.8033,38.2022,-0.4093,-2.4064,-1.6173,0.7298,-1.4584,-1.5376,-9.0909

PRICE_WINDOW_180_ROW_090=20260320,36.85,37.45,36.5,36.65,391992,36.52,37.0077,37.0475,37.7967,38.185,0.411,0.2736,-1.2129,1.1282,-0.9665,-1.0729,-8.7173

PRICE_WINDOW_180_ROW_091=20260323,36.0,36.0,35.6,35.9,458021,36.44,36.9154,36.96,37.7692,38.1599,-2.0464,-1.1019,-4.6481,1.3003,-2.7505,-2.868,-10.5853

PRICE_WINDOW_180_ROW_092=20260324,36.3,36.3,35.7,36.3,244644,36.4,36.8641,36.9,37.7492,38.1397,1.1142,-0.5479,-3.2,0.7073,-1.5302,-1.626,-9.589

PRICE_WINDOW_180_ROW_093=20260325,36.9,37.2,36.1,36.95,406117,36.46,36.8712,36.8675,37.7308,38.1269,1.7906,0.8186,-1.7287,1.1389,0.2136,0.2238,-7.9701

PRICE_WINDOW_180_ROW_094=20260326,37.3,37.4,36.6,36.6,141452,36.48,36.8486,36.82,37.7008,38.1106,-0.9472,0.274,-2.53,0.4037,-0.6748,-0.5975,-8.8418

PRICE_WINDOW_180_ROW_095=20260327,36.6,36.65,36.05,36.25,282654,36.4,36.7988,36.7475,37.6583,38.0911,-0.9563,-1.0914,-3.8462,0.8196,-1.4912,-1.3538,-9.7136

PRICE_WINDOW_180_ROW_096=20260330,35.8,36.7,35.8,36.45,223926,36.51,36.7697,36.7,37.6175,38.074,0.5517,1.532,-2.5401,0.6717,-0.8694,-0.6812,-9.2154

PRICE_WINDOW_180_ROW_097=20260331,36.05,36.45,35.45,35.7,364313,36.39,36.6806,36.64,37.5625,38.0495,-2.0576,-1.6529,-3.252,1.0998,-2.6732,-2.5655,-11.0834

PRICE_WINDOW_180_ROW_098=20260401,36.05,36.05,35.6,35.75,287441,36.15,36.603,36.6225,37.4975,38.026,0.1401,-3.2476,-0.9695,0.9183,-2.3304,-2.3824,-10.401

PRICE_WINDOW_180_ROW_099=20260402,35.9,36.05,35.5,35.85,190837,36.0,36.5403,36.5525,37.4308,38.004,0.2797,-2.0492,-3.7584,0.6162,-1.889,-1.9219,-10.1504

PRICE_WINDOW_180_ROW_100=20260407,35.9,35.95,35.6,35.8,158778,35.91,36.4786,36.455,37.3683,37.982,-0.1395,-1.2414,-5.1656,0.5263,-1.8602,-1.7967,-10.2757

PRICE_WINDOW_180_ROW_101=20260408,35.85,36.5,35.85,36.35,219903,35.89,36.4679,36.45,37.3225,37.9658,1.5363,-0.2743,-0.2743,0.756,-0.3232,-0.2743,-8.8972

PRICE_WINDOW_180_ROW_102=20260409,36.25,36.25,35.8,35.9,211477,35.93,36.4205,36.41,37.2683,37.9456,-1.238,0.5602,-2.1798,0.7224,-1.4292,-1.4007,-10.0251

PRICE_WINDOW_180_ROW_103=20260410,36.0,36.3,35.95,36.05,120741,35.99,36.3897,36.32,37.2192,37.9272,0.4178,0.8392,-4.7556,0.4331,-0.9334,-0.7434,-9.6491

PRICE_WINDOW_180_ROW_104=20260413,36.2,36.95,36.2,36.55,630790,36.13,36.403,36.2775,37.1892,37.9139,1.387,1.9526,-2.2727,2.0893,0.4038,0.7512,-8.396

PRICE_WINDOW_180_ROW_105=20260414,36.55,36.85,36.5,36.75,269037,36.32,36.4319,36.2875,37.165,37.9029,0.5472,2.6536,0.5472,0.9563,0.873,1.2745,-7.8947

PRICE_WINDOW_180_ROW_106=20260415,36.85,37.0,36.55,36.65,293066,36.38,36.4501,36.305,37.1325,37.891,-0.2721,0.8253,0.9642,1.0358,0.5484,0.9503,-8.1454

PRICE_WINDOW_180_ROW_107=20260416,36.7,36.95,36.6,36.7,286990,36.54,36.4709,36.315,37.095,37.8799,0.1364,2.2284,0.5479,1.011,0.6281,1.0602,-8.0201

PRICE_WINDOW_180_ROW_108=20260417,36.75,36.9,36.4,36.5,264170,36.63,36.4734,36.3075,37.0417,37.8671,-0.545,1.2483,-0.4093,0.9268,0.0731,0.5302,-8.5213

PRICE_WINDOW_180_ROW_109=20260420,36.6,36.6,36.0,36.4,467239,36.6,36.4672,36.3025,36.9908,37.8537,-0.274,-0.4104,-0.274,1.5802,-0.1844,0.2686,-8.3123

PRICE_WINDOW_180_ROW_110=20260421,36.9,38.0,36.9,37.95,912597,36.84,36.5908,36.3675,36.9733,37.8545,4.2582,3.2653,3.5471,2.8367,3.7146,4.3514,-3.5578

PRICE_WINDOW_180_ROW_111=20260422,38.0,38.15,37.55,38.0,394627,37.11,36.7082,36.4725,36.9567,37.8559,0.1318,3.6835,5.8496,1.2389,3.519,4.1881,-3.0612

PRICE_WINDOW_180_ROW_112=20260423,38.3,38.35,37.25,37.8,534571,37.33,36.7992,36.5475,36.9417,37.8554,-0.5263,2.9973,4.1322,1.6051,2.7196,3.427,-2.5773

PRICE_WINDOW_180_ROW_113=20260424,37.7,37.8,37.3,37.65,290527,37.56,36.8701,36.5825,36.9367,37.8535,-0.3968,3.1507,1.8945,0.8878,2.1152,2.9181,-1.8253

PRICE_WINDOW_180_ROW_114=20260427,37.6,37.6,36.95,37.2,276412,37.72,36.8976,36.6125,36.9208,37.8478,-1.1952,2.1978,1.6393,0.8276,0.8196,1.6046,-2.9987

PRICE_WINDOW_180_ROW_115=20260428,37.35,37.45,36.85,37.25,161564,37.58,36.927,36.6625,36.9117,37.8426,0.1344,-1.8445,2.7586,0.4926,0.8748,1.6025,-2.8683

PRICE_WINDOW_180_ROW_116=20260429,37.45,37.95,37.45,37.9,326492,37.56,37.0081,36.735,36.9192,37.8431,1.745,-0.2632,3.9781,0.9802,2.4101,3.1714,-1.1734

PRICE_WINDOW_180_ROW_117=20260430,37.9,38.0,37.25,37.5,289788,37.5,37.0491,36.825,36.9158,37.8402,-1.0554,-0.7937,5.042,0.8799,1.2172,1.833,-2.2164

PRICE_WINDOW_180_ROW_118=20260504,37.65,37.8,37.3,37.8,326435,37.53,37.1116,36.9275,36.9217,37.8398,0.8,0.3984,5.7343,0.9853,1.8549,2.3627,-1.4342

PRICE_WINDOW_180_ROW_119=20260505,37.8,38.1,37.7,38.05,337679,37.7,37.1898,37.0375,36.9275,37.8416,0.6614,2.2849,6.1367,0.9971,2.3129,2.7337,-0.7823

PRICE_WINDOW_180_ROW_120=20260506,38.3,38.7,38.25,38.65,579148,37.98,37.3115,37.18,36.945,37.8483,1.5769,3.7584,7.9609,1.6103,3.5873,3.9537,-0.1292

PRICE_WINDOW_180_ROW_121=20260507,38.75,39.1,38.6,39.0,515222,38.2,37.4522,37.3125,36.9733,37.835,0.9056,2.9024,7.2902,1.376,4.1327,4.5226,-0.2558

PRICE_WINDOW_180_ROW_122=20260508,38.55,38.95,38.4,38.95,418167,38.49,37.577,37.465,36.9983,37.8233,-0.1282,3.8667,8.4958,1.0868,3.6537,3.9637,-0.3836

PRICE_WINDOW_180_ROW_123=20260511,38.9,39.0,38.45,38.95,494384,38.72,37.6914,37.61,37.0292,37.8088,0.0,3.0423,8.0444,1.2254,3.3391,3.5629,-0.3836

PRICE_WINDOW_180_ROW_124=20260512,38.85,38.9,38.35,38.4,383836,38.79,37.7505,37.7025,37.0575,37.7854,-1.4121,0.9198,5.0616,0.9814,1.7205,1.85,-1.7903

PRICE_WINDOW_180_ROW_125=20260513,38.3,38.5,38.05,38.45,199459,38.75,37.8088,37.7875,37.0875,37.7667,0.1302,-0.5175,4.6259,0.5146,1.6959,1.7532,-1.6624

PRICE_WINDOW_180_ROW_126=20260514,38.15,38.55,37.8,37.9,436316,38.53,37.8164,37.85,37.1025,37.7483,-1.4304,-2.8205,3.4106,1.1052,0.2211,0.1321,-3.0691

PRICE_WINDOW_180_ROW_127=20260515,37.9,38.3,37.5,37.65,316181,38.27,37.8025,37.8975,37.1083,37.7292,-0.6596,-3.3376,2.5886,0.798,-0.4035,-0.6531,-3.7084

PRICE_WINDOW_180_ROW_128=20260518,37.3,37.45,37.05,37.25,314187,37.93,37.7565,37.935,37.1142,37.7058,-1.0624,-4.3646,2.0548,0.7879,-1.3414,-1.8057,-4.7315

PRICE_WINDOW_180_ROW_129=20260519,37.3,37.55,37.1,37.15,165628,37.68,37.7059,37.9725,37.115,37.6821,-0.2685,-3.2552,2.0604,0.4317,-1.4744,-2.166,-4.9872

PRICE_WINDOW_180_ROW_130=20260520,37.3,37.35,36.8,37.35,219509,37.46,37.6763,37.9425,37.1192,37.6642,0.5384,-2.8609,-1.581,0.629,-0.866,-1.5616,-4.4757

PRICE_WINDOW_180_ROW_131=20260521,37.3,37.5,37.1,37.3,194329,37.34,37.6449,37.9075,37.1133,37.6504,-0.1339,-1.5831,-1.8421,0.5733,-0.9162,-1.6026,-4.6036

PRICE_WINDOW_180_ROW_132=20260522,37.15,37.25,36.8,36.95,430510,37.2,37.587,37.865,37.1042,37.6392,-0.9383,-1.8592,-2.2487,1.2898,-1.6948,-2.4165,-5.4987

PRICE_WINDOW_180_ROW_133=20260525,37.0,37.0,36.0,36.45,669393,37.04,37.4923,37.805,37.085,37.6275,-1.3532,-2.1477,-3.1873,1.8977,-2.7799,-3.5842,-6.7775

PRICE_WINDOW_180_ROW_134=20260526,36.4,36.75,36.2,36.3,406189,36.87,37.3929,37.76,37.0642,37.6108,-0.4115,-2.288,-2.4194,1.1308,-2.9228,-3.8665,-7.1611

PRICE_WINDOW_180_ROW_135=20260527,36.35,36.4,35.6,35.85,620576,36.57,37.2643,37.69,37.0333,37.5929,-1.2397,-4.0161,-3.7584,1.6238,-3.7954,-4.8819,-8.312

PRICE_WINDOW_180_ROW_136=20260528,35.85,36.95,35.85,36.35,467176,36.38,37.1881,37.6125,37.0158,37.575,1.3947,-2.5469,-4.0897,1.2003,-2.2538,-3.3566,-7.0332

PRICE_WINDOW_180_ROW_137=20260529,36.35,36.35,36.05,36.3,343659,36.25,37.1141,37.5525,37.0058,37.5571,-0.1376,-1.7591,-3.2,0.8769,-2.1936,-3.3353,-7.1611
