# PRICE_WINDOW_136

columns=date,open,high,low,close,volume,ma5,ema23,ma20,ma60,ma120,return_1d,return_5d,return_20d,volume_ratio,distance_to_ema23_pct,distance_to_ma20_pct,distance_to_high_60_pct

PRICE_WINDOW_180_ROW_001=20251103,45.95,47.75,45.7,46.65,332000,,,,,,,,,,,,

PRICE_WINDOW_180_ROW_002=20251104,46.7,46.85,45.2,45.2,319000,,,,,,-3.1083,,,,,,

PRICE_WINDOW_180_ROW_003=20251105,45.2,45.2,43.2,44.15,471000,,,,,,-2.323,,,,,,

PRICE_WINDOW_180_ROW_004=20251106,44.9,44.9,43.8,44.25,196000,,,,,,0.2265,,,,,,

PRICE_WINDOW_180_ROW_005=20251107,44.25,44.25,43.3,43.5,268000,44.75,45.936,44.75,44.75,44.75,-1.6949,,,0.8449,-5.3031,-2.7933,-8.9005

PRICE_WINDOW_180_ROW_006=20251110,43.45,43.5,42.9,43.3,297000,44.08,45.7164,44.5083,44.5083,44.5083,-0.4598,-7.1811,,0.9464,-5.2856,-2.7148,-9.3194

PRICE_WINDOW_180_ROW_007=20251111,43.05,44.55,43.05,44.1,281000,43.86,45.5817,44.45,44.45,44.45,1.8476,-2.4336,,0.909,-3.2506,-0.7874,-7.644

PRICE_WINDOW_180_ROW_008=20251112,44.4,44.9,44.2,44.4,195000,43.91,45.4832,44.4438,44.4438,44.4438,0.6803,0.5663,,0.6613,-2.3815,-0.0984,-7.0157

PRICE_WINDOW_180_ROW_009=20251113,44.7,44.7,44.05,44.5,104000,43.96,45.4013,44.45,44.45,44.45,0.2252,0.565,,0.38,-1.9851,0.1125,-6.8063

PRICE_WINDOW_180_ROW_010=20251114,44.3,44.3,43.2,43.25,292000,43.91,45.222,44.33,44.33,44.33,-2.809,-0.5747,,1.0599,-4.3607,-2.4363,-9.4241

PRICE_WINDOW_180_ROW_011=20251117,43.0,43.0,41.35,41.35,459000,43.52,44.8993,44.0591,44.0591,44.0591,-4.3931,-4.5035,,1.5709,-7.9051,-6.1488,-13.4031

PRICE_WINDOW_180_ROW_012=20251118,41.2,41.75,40.2,40.8,192000,42.86,44.5577,43.7875,43.7875,43.7875,-1.3301,-7.483,,0.6765,-8.4334,-6.8227,-14.555

PRICE_WINDOW_180_ROW_013=20251119,40.25,41.0,40.0,40.15,258000,42.01,44.1904,43.5077,43.5077,43.5077,-1.5931,-9.5721,,0.9154,-9.1432,-7.7175,-15.9162

PRICE_WINDOW_180_ROW_014=20251120,40.8,41.85,40.8,41.6,248000,41.43,43.9745,43.3714,43.3714,43.3714,3.6115,-6.5169,,0.8875,-5.3998,-4.0843,-12.8796

PRICE_WINDOW_180_ROW_015=20251121,40.8,41.2,39.45,39.8,305000,40.74,43.6267,43.1333,43.1333,43.1333,-4.3269,-7.9769,,1.0849,-8.7714,-7.728,-16.6492

PRICE_WINDOW_180_ROW_016=20251124,40.95,41.1,39.9,39.95,160000,40.46,43.3203,42.9344,42.9344,42.9344,0.3769,-3.3857,,0.5849,-7.7799,-6.951,-16.3351

PRICE_WINDOW_180_ROW_017=20251125,40.2,41.0,40.2,40.75,129000,40.45,43.1061,42.8059,42.8059,42.8059,2.0025,-0.1225,,0.4867,-5.4658,-4.8028,-14.6597

PRICE_WINDOW_180_ROW_018=20251126,41.5,42.35,41.5,41.75,165000,40.77,42.9931,42.7472,42.7472,42.7472,2.454,3.9851,,0.6358,-2.8913,-2.3328,-12.5654

PRICE_WINDOW_180_ROW_019=20251127,41.75,42.45,41.4,41.95,74000,40.84,42.9062,42.7053,42.7053,42.7053,0.479,0.8413,,0.2963,-2.2285,-1.7685,-12.1466

PRICE_WINDOW_180_ROW_020=20251128,41.95,43.4,41.9,43.25,345000,41.53,42.9348,42.7325,42.7325,42.7325,3.0989,8.6683,,1.3556,0.7341,1.211,-9.4241

PRICE_WINDOW_180_ROW_021=20251201,45.0,47.55,44.95,47.55,1076000,43.05,43.3194,42.7775,42.9619,42.9619,9.9422,19.0238,1.9293,3.6887,9.766,11.1566,-0.4188

PRICE_WINDOW_180_ROW_022=20251202,48.5,52.3,47.4,51.3,9294000,45.16,43.9845,43.0825,43.3409,43.3409,7.8864,25.8896,13.4956,12.5518,16.6321,19.0739,-1.912

PRICE_WINDOW_180_ROW_023=20251203,52.0,56.3,50.9,53.8,7363000,47.57,44.8024,43.565,43.7957,43.7957,4.8733,28.8623,21.8573,6.7859,20.0828,23.4936,-4.4405

PRICE_WINDOW_180_ROW_024=20251204,53.5,53.8,51.2,52.0,2376000,49.58,45.4022,43.9525,44.1375,44.1375,-3.3457,23.9571,17.5141,1.9899,14.5319,18.3095,-7.6377

PRICE_WINDOW_180_ROW_025=20251205,51.5,51.7,50.0,51.6,1017000,51.25,45.9187,44.3575,44.436,44.436,-0.7692,19.3064,18.6207,0.8258,12.3725,16.3276,-8.3481

PRICE_WINDOW_180_ROW_026=20251208,51.8,53.4,50.3,50.9,1386000,51.92,46.3338,44.7375,44.6846,44.6846,-1.3566,7.0452,17.552,1.0778,9.855,13.7748,-9.5915

PRICE_WINDOW_180_ROW_027=20251209,51.6,54.5,51.6,54.0,2447000,52.46,46.9727,45.2325,45.0296,45.0296,6.0904,5.2632,22.449,1.7551,14.9605,19.3832,-4.0853

PRICE_WINDOW_180_ROW_028=20251210,53.5,56.0,52.5,53.4,2313000,52.38,47.5083,45.6825,45.3286,45.3286,-1.1111,-0.7435,20.2703,1.5418,12.4015,16.8938,-5.151

PRICE_WINDOW_180_ROW_029=20251211,53.4,53.4,51.7,51.7,733000,52.32,47.8576,46.0425,45.5483,45.5483,-3.1835,-0.5769,16.1798,0.4786,8.0289,12.2876,-8.1705

PRICE_WINDOW_180_ROW_030=20251212,52.1,52.8,51.7,52.7,513000,52.54,48.2611,46.515,45.7867,45.7867,1.9342,2.1318,21.8497,0.3325,9.1976,13.2968,-6.3943

PRICE_WINDOW_180_ROW_031=20251215,51.7,52.6,50.8,51.9,353000,52.74,48.5644,47.0425,45.9839,45.9839,-1.518,1.9646,25.5139,0.2296,6.8685,10.3258,-7.8153

PRICE_WINDOW_180_ROW_032=20251216,51.9,52.7,50.2,51.3,624000,52.2,48.7923,47.5675,46.15,46.15,-1.1561,-5.0,25.7353,0.4003,5.1395,7.8467,-8.881

PRICE_WINDOW_180_ROW_033=20251217,51.3,53.0,51.2,51.2,375000,51.76,48.993,48.12,46.303,46.303,-0.1949,-4.1199,27.5218,0.2396,4.5048,6.4007,-9.0586

PRICE_WINDOW_180_ROW_034=20251218,51.2,51.5,50.3,50.7,299000,51.56,49.1352,48.575,46.4324,46.4324,-0.9766,-1.9342,21.875,0.1908,3.1846,4.3747,-9.9467

PRICE_WINDOW_180_ROW_035=20251219,51.2,52.2,50.4,50.8,293000,51.18,49.2739,49.125,46.5571,46.5571,0.1972,-3.6053,27.6382,0.187,3.0971,3.4097,-9.7691

PRICE_WINDOW_180_ROW_036=20251222,51.2,51.7,50.8,51.1,208000,51.02,49.4261,49.6825,46.6833,46.6833,0.5906,-1.5414,27.9099,0.1326,3.3866,2.8531,-9.2362

PRICE_WINDOW_180_ROW_037=20251223,52.4,52.9,50.4,50.6,502000,50.88,49.5239,50.175,46.7892,46.7892,-0.9785,-1.3645,24.1718,0.3162,2.1728,0.847,-10.1243

PRICE_WINDOW_180_ROW_038=20251224,51.1,54.9,51.1,53.9,2612000,51.42,49.8886,50.7825,46.9763,46.9763,6.5217,5.2734,29.1018,1.5274,8.0407,6.1389,-4.2629

PRICE_WINDOW_180_ROW_039=20251226,54.2,54.3,51.2,51.9,1661000,51.66,50.0562,51.28,47.1026,47.1026,-3.7106,2.3669,23.7187,0.9282,3.6834,1.209,-7.8153

PRICE_WINDOW_180_ROW_040=20251229,52.1,52.7,50.7,51.0,783000,51.7,50.1349,51.6675,47.2,47.2,-1.7341,0.3937,17.9191,0.4323,1.7256,-1.2919,-9.4139

PRICE_WINDOW_180_ROW_041=20251230,51.0,52.8,50.0,52.5,620000,51.98,50.332,51.915,47.3293,47.3293,2.9412,2.7397,10.4101,0.3466,4.3075,1.1268,-6.7496

PRICE_WINDOW_180_ROW_042=20251231,52.8,52.8,50.3,50.6,619000,51.98,50.3543,51.88,47.4071,47.4071,-3.619,0.0,-1.3645,0.4569,0.4879,-2.4672,-10.1243

PRICE_WINDOW_180_ROW_043=20260102,51.3,51.5,50.3,50.7,493000,51.34,50.3831,51.725,47.4837,47.4837,0.1976,-5.9369,-5.7621,0.4875,0.629,-1.9816,-9.9467

PRICE_WINDOW_180_ROW_044=20260105,51.0,51.2,49.8,50.2,748000,51.0,50.3679,51.635,47.5455,47.5455,-0.9862,-3.2755,-3.4615,0.8043,-0.3333,-2.7791,-10.8348

PRICE_WINDOW_180_ROW_045=20260106,50.7,50.9,49.75,49.75,675000,50.75,50.3164,51.5425,47.5944,47.5944,-0.8964,-2.451,-3.5853,0.7394,-1.1256,-3.4777,-11.6341

PRICE_WINDOW_180_ROW_046=20260107,49.75,52.4,49.05,51.3,833000,50.51,50.3983,51.5625,47.675,47.675,3.1156,-2.2857,0.7859,0.941,1.7891,-0.5091,-8.881

PRICE_WINDOW_180_ROW_047=20260108,52.0,53.0,50.2,50.2,1247000,50.43,50.3818,51.3725,47.7287,47.7287,-2.1442,-0.7905,-7.037,1.5111,-0.3609,-2.2823,-10.8348

PRICE_WINDOW_180_ROW_048=20260109,51.0,51.0,48.8,49.25,509000,50.14,50.2875,51.165,47.7604,47.7604,-1.8924,-2.86,-7.7715,0.6925,-2.0631,-3.7428,-12.5222

PRICE_WINDOW_180_ROW_049=20260112,49.35,51.2,49.35,50.2,437000,50.14,50.2802,51.09,47.8102,47.8102,1.9289,0.0,-2.9014,0.6068,-0.1595,-1.742,-10.8348

PRICE_WINDOW_180_ROW_050=20260113,50.1,50.2,48.6,48.6,788000,49.91,50.1402,50.885,47.826,47.826,-3.1873,-2.3116,-7.7799,1.0736,-3.0718,-4.4905,-13.6767

PRICE_WINDOW_180_ROW_051=20260114,48.6,50.4,48.4,50.1,417000,49.67,50.1368,50.795,47.8706,47.8706,3.0864,-2.3392,-3.4682,0.5657,-0.0735,-1.3682,-11.0124

PRICE_WINDOW_180_ROW_052=20260115,50.1,50.8,49.65,50.3,339000,49.69,50.1504,50.745,47.9173,47.9173,0.3992,0.1992,-1.9493,0.4689,0.2982,-0.8769,-10.6572

PRICE_WINDOW_180_ROW_053=20260116,51.1,51.2,49.65,49.75,401000,49.79,50.1171,50.6725,47.9519,47.9519,-1.0934,1.0152,-2.832,0.5537,-0.7324,-1.8205,-11.6341

PRICE_WINDOW_180_ROW_054=20260119,49.75,52.0,49.7,50.7,831000,49.89,50.1656,50.6725,48.0028,48.0028,1.9095,0.996,0.0,1.1068,1.0652,0.0543,-9.9467

PRICE_WINDOW_180_ROW_055=20260120,50.7,51.9,49.95,50.7,645000,50.31,50.2102,50.6675,48.0518,48.0518,0.0,4.321,-0.1969,0.8394,0.9756,0.0641,-9.9467

PRICE_WINDOW_180_ROW_056=20260121,50.7,51.5,49.6,49.6,638000,50.21,50.1593,50.5925,48.0795,48.0795,-2.1696,-0.998,-2.9354,0.8077,-1.1151,-1.9618,-11.9005

PRICE_WINDOW_180_ROW_057=20260122,50.7,51.4,49.0,49.35,669000,50.02,50.0919,50.53,48.1018,48.1018,-0.504,-1.8887,-2.4704,0.8381,-1.481,-2.3352,-12.3446

PRICE_WINDOW_180_ROW_058=20260123,49.4,50.0,48.9,49.45,355000,49.96,50.0384,50.3075,48.125,48.125,0.2026,-0.603,-8.256,0.5179,-1.1759,-1.7045,-12.167

PRICE_WINDOW_180_ROW_059=20260126,49.7,54.3,49.7,53.2,3849000,50.46,50.3019,50.3725,48.211,48.211,7.5834,4.931,2.5048,4.8427,5.7615,5.6132,-5.5062

PRICE_WINDOW_180_ROW_060=20260127,54.0,54.0,51.5,52.1,1669000,50.74,50.4517,50.4275,48.2758,48.2758,-2.0677,2.7613,2.1569,1.989,3.2671,3.3166,-7.46

PRICE_WINDOW_180_ROW_061=20260128,52.4,52.4,51.2,51.8,633000,51.18,50.5641,50.3925,48.3617,48.3336,-0.5758,4.4355,-1.3333,0.7538,2.4443,2.7931,-7.9929

PRICE_WINDOW_180_ROW_062=20260129,52.4,52.4,49.3,49.35,1041000,51.18,50.4629,50.33,48.4308,48.35,-4.7297,0.0,-2.4704,1.2093,-2.2054,-1.9471,-12.3446

PRICE_WINDOW_180_ROW_063=20260130,49.7,49.7,47.5,47.6,793000,50.81,50.2243,50.175,48.4883,48.3381,-3.5461,-3.7412,-6.1144,0.9054,-5.2252,-5.132,-15.4529

PRICE_WINDOW_180_ROW_064=20260202,47.1,47.1,44.8,44.85,818000,49.14,49.7765,49.9075,48.4983,48.2836,-5.7773,-15.6955,-10.6574,0.9302,-9.8972,-10.1337,-20.3375

PRICE_WINDOW_180_ROW_065=20260203,45.9,45.95,44.2,45.1,507000,47.74,49.3868,49.675,48.525,48.2346,0.5574,-13.4357,-9.3467,0.5821,-8.68,-9.2099,-19.8934

PRICE_WINDOW_180_ROW_066=20260204,45.05,45.8,44.6,45.5,214000,46.48,49.0629,49.385,48.5617,48.1932,0.8869,-12.1622,-11.306,0.2548,-7.2618,-7.8668,-19.1829

PRICE_WINDOW_180_ROW_067=20260205,45.2,47.05,45.15,45.7,440000,45.75,48.7826,49.16,48.5883,48.156,0.4396,-7.3961,-8.9641,0.5502,-6.3191,-7.0382,-18.8277

PRICE_WINDOW_180_ROW_068=20260206,45.7,45.7,44.1,44.5,282000,45.13,48.4257,48.9225,48.59,48.1022,-2.6258,-6.5126,-9.6447,0.3577,-8.1067,-9.0398,-20.9591

PRICE_WINDOW_180_ROW_069=20260209,45.35,45.7,44.45,44.55,212000,45.07,48.1028,48.64,48.5908,48.0507,0.1124,-0.6689,-11.255,0.2728,-7.3858,-8.4087,-20.8703

PRICE_WINDOW_180_ROW_070=20260210,45.05,45.8,45.05,45.4,193000,45.13,47.8775,48.48,48.6267,48.0129,1.908,0.6652,-6.5844,0.2583,-5.1747,-6.3531,-19.3606

PRICE_WINDOW_180_ROW_071=20260211,46.25,46.25,44.65,44.9,224000,45.01,47.6294,48.22,48.6858,47.969,-1.1013,-1.3187,-10.3792,0.3037,-5.7305,-6.8851,-20.2487

PRICE_WINDOW_180_ROW_072=20260223,45.1,46.2,44.5,45.7,295000,45.01,47.4686,47.99,48.7675,47.9375,1.7817,0.0,-9.1451,0.4011,-3.7259,-4.7718,-18.8277

PRICE_WINDOW_180_ROW_073=20260224,45.7,50.2,45.7,50.2,1500000,46.15,47.6962,48.0125,48.935,47.9685,9.8468,12.809,0.9045,1.8978,5.2494,4.5561,-10.8348

PRICE_WINDOW_180_ROW_074=20260225,51.5,53.1,50.5,51.0,1986000,47.44,47.9715,48.0275,49.0917,48.0095,1.5936,14.4781,0.5917,2.3416,6.313,6.1892,-9.4139

PRICE_WINDOW_180_ROW_075=20260226,51.0,52.2,50.4,51.3,633000,48.62,48.2489,48.0575,49.2833,48.0533,0.5882,12.9956,1.1834,0.7469,6.3236,6.7471,-8.881

PRICE_WINDOW_180_ROW_076=20260302,49.15,51.5,49.15,50.6,616000,49.76,48.4448,48.1075,49.4608,48.0868,-1.3645,12.6949,2.0161,0.7277,4.4487,5.1811,-10.1243

PRICE_WINDOW_180_ROW_077=20260303,51.0,51.8,48.85,48.95,411000,50.41,48.4869,48.0875,49.5975,48.0981,-3.2609,7.1116,-0.8105,0.4931,0.955,1.7936,-13.0551

PRICE_WINDOW_180_ROW_078=20260304,48.05,48.05,44.1,44.15,781000,49.2,48.1255,47.8225,49.6375,48.0474,-9.8059,-12.0518,-10.7179,0.9136,-8.2607,-7.6794,-21.5808

PRICE_WINDOW_180_ROW_079=20260305,45.8,46.4,45.0,45.7,315000,48.14,47.9234,47.4475,49.7,48.0177,3.5108,-10.3922,-14.0977,0.4645,-4.6395,-3.683,-18.8277

PRICE_WINDOW_180_ROW_080=20260306,45.7,46.45,45.1,45.65,221000,47.01,47.7339,47.125,49.74,47.9881,-0.1094,-11.0136,-12.38,0.3648,-4.3658,-3.13,-18.9165

PRICE_WINDOW_180_ROW_081=20260309,42.5,43.25,41.75,42.5,407000,45.39,47.2978,46.66,49.6558,47.9204,-6.9003,-16.0079,-17.9537,0.6847,-10.1438,-8.9156,-24.5115

PRICE_WINDOW_180_ROW_082=20260310,43.5,44.5,43.45,43.9,229000,44.38,47.0146,46.3875,49.5325,47.8713,3.2941,-10.3166,-11.0436,0.4135,-6.6248,-5.3624,-22.0249

PRICE_WINDOW_180_ROW_083=20260311,44.8,46.9,44.8,46.3,371000,44.81,46.9551,46.3225,49.4075,47.8524,5.467,4.8698,-2.7311,0.6964,-1.3951,-0.0486,-17.3214

PRICE_WINDOW_180_ROW_084=20260312,45.4,46.45,45.15,45.5,202000,44.77,46.8338,46.355,49.2992,47.8244,-1.7279,-0.4376,1.4493,0.4024,-2.848,-1.8445,-18.75

PRICE_WINDOW_180_ROW_085=20260313,44.55,45.0,44.25,44.7,246000,44.58,46.656,46.335,49.1842,47.7876,-1.7582,-2.0811,-0.8869,0.5032,-4.1924,-3.5287,-20.1786

PRICE_WINDOW_180_ROW_086=20260316,45.85,45.85,44.0,44.5,235000,44.98,46.4763,46.285,49.0775,47.7494,-0.4474,4.7059,-2.1978,0.4796,-4.2524,-3.8565,-20.5357

PRICE_WINDOW_180_ROW_087=20260317,44.15,45.7,44.1,45.0,257000,45.2,46.3533,46.25,48.9275,47.7178,1.1236,2.5057,-1.5317,0.5345,-2.9196,-2.7027,-19.6429

PRICE_WINDOW_180_ROW_088=20260318,45.15,47.4,45.15,47.3,390000,45.4,46.4322,46.39,48.8258,47.7131,5.1111,2.1598,6.2921,0.8021,1.869,1.9616,-13.8434

PRICE_WINDOW_180_ROW_089=20260319,46.2,47.0,45.2,45.65,402000,45.43,46.367,46.445,48.725,47.6899,-3.4884,0.3297,2.4691,0.811,-1.5464,-1.7117,-16.8488

PRICE_WINDOW_180_ROW_090=20260320,45.4,46.25,44.85,45.7,225000,45.63,46.3114,46.46,48.6083,47.6678,0.1095,2.2371,0.6608,0.4524,-1.3203,-1.6358,-16.7577

PRICE_WINDOW_180_ROW_091=20260323,44.95,44.95,43.6,43.75,256000,45.48,46.098,46.4025,48.4725,47.6247,-4.267,-1.6854,-2.5612,0.5131,-5.0935,-5.7163,-20.3097

PRICE_WINDOW_180_ROW_092=20260324,44.55,44.6,42.6,42.8,261000,45.04,45.8231,46.2575,48.3308,47.5723,-2.1714,-4.8889,-6.3457,0.5249,-6.5974,-7.4745,-22.0401

PRICE_WINDOW_180_ROW_093=20260325,43.4,43.95,43.2,43.5,209000,44.28,45.6296,45.9225,48.2025,47.5285,1.6355,-8.0338,-13.3466,0.4831,-4.667,-5.2752,-20.765

PRICE_WINDOW_180_ROW_094=20260326,43.95,44.3,42.85,42.9,149000,43.73,45.4021,45.5175,48.0725,47.4793,-1.3793,-6.0241,-15.8824,0.4372,-5.511,-5.7505,-21.8579

PRICE_WINDOW_180_ROW_095=20260327,42.9,42.9,41.7,42.7,268000,43.13,45.1769,45.0875,47.9375,47.4289,-0.4662,-6.5646,-16.7641,0.8309,-5.4827,-5.2953,-22.2222

PRICE_WINDOW_180_ROW_096=20260330,42.0,43.7,41.55,41.9,276000,42.76,44.9038,44.6525,47.7842,47.3714,-1.8735,-4.2286,-17.1937,0.9033,-6.6895,-6.1643,-23.6794

PRICE_WINDOW_180_ROW_097=20260331,41.9,42.65,41.0,41.05,435000,42.41,44.5827,44.2575,47.625,47.3062,-2.0286,-4.0888,-16.1389,1.4181,-7.9239,-7.2474,-25.2277

PRICE_WINDOW_180_ROW_098=20260401,42.1,42.6,41.65,41.85,118000,42.08,44.355,44.1425,47.4242,47.2505,1.9488,-3.7931,-5.2095,0.4313,-5.6475,-5.1934,-22.9282

PRICE_WINDOW_180_ROW_099=20260402,41.9,42.65,40.9,41.2,279000,41.74,44.092,43.9175,47.2458,47.1894,-1.5532,-3.9627,-9.8468,1.0265,-6.5591,-6.1877,-24.1252

PRICE_WINDOW_180_ROW_100=20260407,41.5,43.2,40.5,43.0,500000,41.8,44.001,43.785,47.1125,47.1475,4.3689,0.7026,-5.805,1.7498,-2.275,-1.7929,-20.8103

PRICE_WINDOW_180_ROW_101=20260408,43.5,43.8,42.25,43.55,699000,42.13,43.9635,43.8375,46.9633,47.1119,1.2791,3.9379,2.4706,2.3273,-0.9405,-0.6558,-19.7974

PRICE_WINDOW_180_ROW_102=20260409,43.85,43.85,41.8,42.2,374000,42.36,43.8165,43.7525,46.8233,47.0637,-3.0999,2.8015,-3.8724,1.2159,-3.6893,-3.5484,-22.2836

PRICE_WINDOW_180_ROW_103=20260410,42.35,43.1,41.95,42.45,286000,42.48,43.7026,43.56,46.6858,47.0189,0.5924,1.4337,-8.3153,0.9428,-2.8663,-2.5482,-21.8232

PRICE_WINDOW_180_ROW_104=20260413,42.45,42.45,41.8,42.3,265000,42.7,43.5857,43.4,46.5542,46.9736,-0.3534,2.6699,-7.033,0.8646,-2.9499,-2.5346,-22.0994

PRICE_WINDOW_180_ROW_105=20260414,42.7,44.7,42.25,42.6,536000,42.62,43.5036,43.295,46.435,46.9319,0.7092,-0.9302,-4.698,1.6698,-2.0771,-1.6053,-21.547

PRICE_WINDOW_180_ROW_106=20260415,43.3,43.5,42.65,43.1,425000,42.53,43.47,43.225,46.2983,46.8958,1.1737,-1.0333,-3.1461,1.2859,-0.8511,-0.2892,-20.6262

PRICE_WINDOW_180_ROW_107=20260416,43.05,44.5,43.05,43.65,506000,42.82,43.485,43.1575,46.1892,46.8654,1.2761,3.436,-3.0,1.4754,0.3795,1.1412,-19.6133

PRICE_WINDOW_180_ROW_108=20260417,43.8,44.85,43.65,44.2,419000,43.17,43.5446,43.0025,46.105,46.8407,1.26,4.1225,-6.5539,1.2166,1.5052,2.7847,-18.6004

PRICE_WINDOW_180_ROW_109=20260420,44.8,45.3,44.25,44.5,347000,43.61,43.6242,42.945,46.01,46.8193,0.6787,5.2009,-2.5192,1.0157,2.0077,3.6209,-18.0479

PRICE_WINDOW_180_ROW_110=20260421,44.7,48.95,44.7,48.95,1179000,44.88,44.068,43.1075,46.0158,46.8386,10.0,14.9061,7.1116,3.0281,11.0784,13.5533,-9.8527

PRICE_WINDOW_180_ROW_111=20260422,51.5,53.0,50.3,51.6,4164000,46.58,44.6957,43.5,46.0408,46.8815,5.4137,19.7216,17.9429,7.121,15.4475,18.6207,-4.9724

PRICE_WINDOW_180_ROW_112=20260423,51.6,51.9,47.15,48.6,1719000,47.57,45.021,43.79,46.0125,46.8969,-5.814,11.3402,13.5514,2.6139,7.9496,10.9842,-10.4972

PRICE_WINDOW_180_ROW_113=20260424,48.8,51.7,48.55,48.65,1225000,48.46,45.3234,44.0475,45.9942,46.9124,0.1029,10.0679,11.8391,1.7291,7.3396,10.4489,-10.4052

PRICE_WINDOW_180_ROW_114=20260427,48.75,49.0,46.35,47.5,530000,49.06,45.5048,44.2775,45.9408,46.9175,-2.3638,6.7416,10.7226,0.7285,4.3846,7.278,-12.523

PRICE_WINDOW_180_ROW_115=20260428,48.0,48.0,46.25,46.25,471000,48.52,45.5669,44.455,45.8667,46.9117,-2.6316,-5.5158,8.3138,0.6385,1.4991,4.0378,-14.825

PRICE_WINDOW_180_ROW_116=20260429,46.25,46.75,45.2,46.5,350000,47.5,45.6447,44.685,45.815,46.9082,0.5405,-9.8837,10.9785,0.4721,1.8739,4.0618,-14.3646

PRICE_WINDOW_180_ROW_117=20260430,46.75,49.5,46.2,47.85,683000,47.35,45.8284,45.025,45.79,46.9162,2.9032,-1.5432,16.5652,0.9061,4.4111,6.2743,-11.8785

PRICE_WINDOW_180_ROW_118=20260504,51.0,51.6,49.25,49.75,1384000,47.57,46.1552,45.42,45.795,46.9403,3.9707,2.261,18.8769,1.6939,7.7884,9.5332,-8.3794

PRICE_WINDOW_180_ROW_119=20260505,49.8,52.3,49.35,51.9,1357000,48.45,46.634,45.955,45.7733,46.9819,4.3216,9.2632,25.9709,1.5581,11.2922,12.9366,-3.8889

PRICE_WINDOW_180_ROW_120=20260506,52.4,52.7,50.5,51.0,1038000,49.4,46.9978,46.355,45.755,47.0154,-1.7341,10.2703,18.6047,1.1561,8.5157,10.0205,-3.9548

PRICE_WINDOW_180_ROW_121=20260507,52.2,56.1,51.5,56.1,3219000,51.32,47.7563,46.9825,45.8267,47.0942,10.0,20.6452,28.8175,3.144,17.4713,19.4062,0.0

PRICE_WINDOW_180_ROW_122=20260508,59.1,59.1,53.5,55.0,4679000,52.75,48.36,47.6225,45.9208,47.1758,-1.9608,14.9425,30.3318,3.7761,13.7304,15.4916,-6.9374

PRICE_WINDOW_180_ROW_123=20260511,56.5,58.6,54.0,57.3,2717000,54.26,49.105,48.365,46.0825,47.2854,4.1818,15.1759,34.9823,1.9968,16.6888,18.4741,-3.0457

PRICE_WINDOW_180_ROW_124=20260512,57.6,63.0,56.5,63.0,3898000,56.48,50.2629,49.4,46.385,47.4417,9.9476,21.3873,48.9362,2.5274,25.341,27.5304,0.0

PRICE_WINDOW_180_ROW_125=20260513,63.0,69.1,62.0,63.8,10533000,59.04,51.391,50.46,46.6967,47.6108,1.2698,25.098,49.7653,5.1578,24.1463,26.4368,-7.67

PRICE_WINDOW_180_ROW_126=20260514,63.4,64.5,61.4,62.6,3662000,60.34,52.3251,51.435,46.9817,47.7717,-1.8809,11.5865,45.2436,1.6615,19.6367,21.707,-9.4067

PRICE_WINDOW_180_ROW_127=20260515,64.2,68.8,64.2,65.5,5670000,62.44,53.423,52.5275,47.3117,47.95,4.6326,19.0909,50.0573,2.3028,22.6064,24.6966,-5.2098

PRICE_WINDOW_180_ROW_128=20260518,64.1,65.2,62.6,64.3,2241000,63.84,54.3294,53.5325,47.6417,48.1158,-1.8321,12.2164,45.4751,0.8777,18.3521,20.1139,-6.9465

PRICE_WINDOW_180_ROW_129=20260519,63.8,64.9,60.1,61.8,2065000,63.6,54.9519,54.3975,47.9292,48.26,-3.888,-1.9048,38.8764,0.7824,12.4619,13.6082,-10.5644

PRICE_WINDOW_180_ROW_130=20260520,61.2,67.0,60.4,64.9,2923000,63.82,55.781,55.195,48.2542,48.4404,5.0162,1.7241,32.5843,1.0721,16.348,17.5831,-6.0781

PRICE_WINDOW_180_ROW_131=20260521,66.9,71.3,65.7,71.3,3728000,65.56,57.0742,56.18,48.6942,48.69,9.8613,13.8978,38.1783,1.3784,24.9251,26.9135,0.0

PRICE_WINDOW_180_ROW_132=20260522,74.5,78.2,70.5,77.4,75000,67.94,58.768,57.62,49.2225,48.995,8.5554,18.1679,59.2593,0.0286,31.7043,34.3284,-1.023

PRICE_WINDOW_180_ROW_133=20260525,78.5,80.4,77.0,78.5,78000,70.78,60.4124,59.1125,49.6942,49.3146,1.4212,22.084,61.3566,0.0304,29.9403,32.7976,-2.3632

PRICE_WINDOW_180_ROW_134=20260526,78.7,82.0,75.8,79.2,79000,74.26,61.978,60.6975,50.1642,49.6279,0.8917,28.1553,66.7368,0.0311,27.7873,30.4831,-3.4146

PRICE_WINDOW_180_ROW_135=20260527,80.1,81.6,77.6,79.7,79000,77.22,63.4548,62.37,50.6375,49.9604,0.6313,22.8043,72.3243,0.0313,25.6012,27.7858,-2.8049

PRICE_WINDOW_180_ROW_136=20260528,79.9,82.9,79.4,82.0,9435089,79.36,65.0003,64.145,51.1608,50.3108,2.8858,15.007,76.3441,3.1692,26.1534,27.8354,-1.0856
