date,open,high,low,close,volume,ma5,ema23,ma20,ma60,ma120,return_1d,return_5d,return_20d,volume_ratio,distance_to_ema23_pct,distance_to_ma20_pct,distance_to_high_60_pct
20250901,6.3,6.8,6.23,6.55,168108.0,6.55,6.55,6.55,6.55,6.55,0.0,0.0,0.0,1.0,0.0,0.0,-3.6765
20250902,6.3,6.8,6.23,6.55,168108.0,6.55,6.55,6.55,6.55,6.55,0.0,0.0,0.0,1.0,0.0,0.0,-3.6765
20250903,6.3,6.8,6.23,6.55,168108.0,6.55,6.55,6.55,6.55,6.55,0.0,0.0,0.0,1.0,0.0,0.0,-3.6765
20250904,6.3,6.8,6.23,6.55,168108.0,6.55,6.55,6.55,6.55,6.55,0.0,0.0,0.0,1.0,0.0,0.0,-3.6765
20250905,6.3,6.8,6.23,6.55,168108.0,6.55,6.55,6.55,6.55,6.55,0.0,0.0,0.0,1.0,0.0,0.0,-3.6765
20250909,6.3,6.8,6.23,6.55,168108.0,6.55,6.55,6.55,6.55,6.55,0.0,0.0,0.0,1.0,0.0,0.0,-3.6765
20250910,6.3,6.8,6.23,6.55,168108.0,6.55,6.55,6.55,6.55,6.55,0.0,0.0,0.0,1.0,0.0,0.0,-3.6765
20250911,6.3,6.8,6.23,6.55,168108.0,6.55,6.55,6.55,6.55,6.55,0.0,0.0,0.0,1.0,0.0,0.0,-3.6765
20250917,6.3,6.8,6.23,6.55,168108.0,6.55,6.55,6.55,6.55,6.55,0.0,0.0,0.0,1.0,0.0,0.0,-3.6765
20250918,6.3,6.8,6.23,6.55,168108.0,6.55,6.55,6.55,6.55,6.55,0.0,0.0,0.0,1.0,0.0,0.0,-3.6765
20250919,6.3,6.8,6.23,6.55,168108.0,6.55,6.55,6.55,6.55,6.55,0.0,0.0,0.0,1.0,0.0,0.0,-3.6765
20250922,6.3,6.8,6.23,6.55,168108.0,6.55,6.55,6.55,6.55,6.55,0.0,0.0,0.0,1.0,0.0,0.0,-3.6765
20250923,6.3,6.8,6.23,6.55,168108.0,6.55,6.55,6.55,6.55,6.55,0.0,0.0,0.0,1.0,0.0,0.0,-3.6765
20250924,6.3,6.8,6.23,6.55,168108.0,6.55,6.55,6.55,6.55,6.55,0.0,0.0,0.0,1.0,0.0,0.0,-3.6765
20250925,6.3,6.8,6.23,6.55,168108.0,6.55,6.55,6.55,6.55,6.55,0.0,0.0,0.0,1.0,0.0,0.0,-3.6765
20250926,6.3,6.8,6.23,6.55,168108.0,6.55,6.55,6.55,6.55,6.55,0.0,0.0,0.0,1.0,0.0,0.0,-3.6765
20250930,6.3,6.8,6.23,6.55,168108.0,6.55,6.55,6.55,6.55,6.55,0.0,0.0,0.0,1.0,0.0,0.0,-3.6765
20251001,6.3,6.8,6.23,6.55,168108.0,6.55,6.55,6.55,6.55,6.55,0.0,0.0,0.0,1.0,0.0,0.0,-3.6765
20251002,6.3,6.8,6.23,6.55,168108.0,6.55,6.55,6.55,6.55,6.55,0.0,0.0,0.0,1.0,0.0,0.0,-3.6765
20251003,6.3,6.8,6.23,6.55,168108.0,6.55,6.55,6.55,6.55,6.55,0.0,0.0,0.0,1.0,0.0,0.0,-3.6765
20251007,6.3,6.8,6.23,6.55,168108.0,6.55,6.55,6.55,6.55,6.55,0.0,0.0,0.0,1.0,0.0,0.0,-3.6765
20251008,6.3,6.8,6.23,6.55,168108.0,6.55,6.55,6.55,6.55,6.55,0.0,0.0,0.0,1.0,0.0,0.0,-3.6765
20251009,6.3,6.8,6.23,6.55,168108.0,6.55,6.55,6.55,6.55,6.55,0.0,0.0,0.0,1.0,0.0,0.0,-3.6765
20251013,6.3,6.8,6.23,6.55,168108.0,6.55,6.55,6.55,6.55,6.55,0.0,0.0,0.0,1.0,0.0,0.0,-3.6765
20251014,6.3,6.8,6.23,6.55,168108.0,6.55,6.55,6.55,6.55,6.55,0.0,0.0,0.0,1.0,0.0,0.0,-3.6765
20251016,6.3,6.8,6.23,6.55,168108.0,6.55,6.55,6.55,6.55,6.55,0.0,0.0,0.0,1.0,0.0,0.0,-3.6765
20251020,6.3,6.8,6.23,6.55,168108.0,6.55,6.55,6.55,6.55,6.55,0.0,0.0,0.0,1.0,0.0,0.0,-3.6765
20251021,6.3,6.8,6.23,6.55,168108.0,6.55,6.55,6.55,6.55,6.55,0.0,0.0,0.0,1.0,0.0,0.0,-3.6765
20251022,6.3,6.8,6.23,6.55,168108.0,6.55,6.55,6.55,6.55,6.55,0.0,0.0,0.0,1.0,0.0,0.0,-3.6765
20251023,6.3,6.8,6.23,6.55,168108.0,6.55,6.55,6.55,6.55,6.55,0.0,0.0,0.0,1.0,0.0,0.0,-3.6765
20251027,6.3,6.8,6.23,6.55,168108.0,6.55,6.55,6.55,6.55,6.55,0.0,0.0,0.0,1.0,0.0,0.0,-3.6765
20251028,6.3,6.8,6.23,6.55,168108.0,6.55,6.55,6.55,6.55,6.55,0.0,0.0,0.0,1.0,0.0,0.0,-3.6765
20251029,6.3,6.8,6.23,6.55,168108.0,6.55,6.55,6.55,6.55,6.55,0.0,0.0,0.0,1.0,0.0,0.0,-3.6765
20251030,6.3,6.8,6.23,6.55,168108.0,6.55,6.55,6.55,6.55,6.55,0.0,0.0,0.0,1.0,0.0,0.0,-3.6765
20251031,6.3,6.8,6.23,6.55,168108.0,6.55,6.55,6.55,6.55,6.55,0.0,0.0,0.0,1.0,0.0,0.0,-3.6765
20251103,9.25,9.71,9.25,9.7,3078000.0,7.18,6.8125,6.7075,6.6025,6.5762,48.0916,48.0916,48.0916,9.815,42.3853,44.6142,-0.103
20251104,8.9,9.47,8.75,9.04,1877000.0,7.678,6.9981,6.832,6.644,6.597,-6.8041,38.0153,38.0153,4.7037,29.1775,32.3185,-6.9001
20251105,9.06,9.28,8.57,9.06,620000.0,8.18,7.1699,6.9575,6.6858,6.6179,0.2212,38.3206,38.3206,1.4704,26.3608,30.2192,-6.6941
20251106,9.49,9.5,9.04,9.24,554000.0,8.718,7.3425,7.092,6.7307,6.6403,1.9868,41.0687,41.0687,1.2564,25.8435,30.2876,-4.8404
20251107,9.3,9.47,9.13,9.31,491000.0,9.27,7.5064,7.23,6.7767,6.6633,0.7576,42.1374,42.1374,1.0742,24.0273,28.769,-4.1195
20251110,9.67,9.7,9.16,9.32,704000.0,9.194,7.6575,7.3685,6.8228,6.6864,0.1074,-3.9175,42.2901,1.4549,21.71,26.4844,-4.0165
20251111,9.29,9.29,8.7,8.76,989000.0,9.138,7.7494,7.479,6.8597,6.7048,-6.0086,-3.0973,33.7405,1.8841,13.0408,17.128,-9.7837
20251112,8.76,9.1,8.46,8.77,858000.0,9.08,7.8345,7.59,6.8967,6.7233,0.1142,-3.2009,33.8931,1.5337,11.9413,15.5468,-9.6807
20251113,8.77,8.86,8.61,8.61,487000.0,8.954,7.8991,7.693,6.931,6.7405,-1.8244,-6.8182,31.4504,0.8464,8.9998,11.9199,-11.3285
20251114,8.6,8.9,8.5,8.5,471000.0,8.792,7.9492,7.7905,6.9635,6.7568,-1.2776,-8.7003,29.771,0.7976,6.9294,9.1072,-12.4614
20251117,8.73,8.73,8.19,8.19,362000.0,8.566,7.9692,7.8725,6.9908,6.7704,-3.6471,-12.1245,25.0382,0.6031,2.7702,4.033,-15.654
20251118,7.38,7.64,7.38,7.62,2586000.0,8.338,7.9401,7.926,7.0087,6.7793,-6.9597,-13.0137,16.3359,3.5862,-4.0319,-3.8607,-21.5242
20251119,7.4,7.4,6.86,6.86,953000.0,7.956,7.8501,7.9415,7.0138,6.7819,-9.9738,-21.7788,4.7328,1.2534,-12.6128,-13.6183,-29.3512
20251120,6.21,6.94,6.18,6.18,979000.0,7.47,7.7109,7.923,7.0077,6.7788,-9.9125,-28.223,-5.6489,1.2224,-19.8542,-21.9992,-36.3543
20251121,5.7,5.94,5.57,5.62,674000.0,6.894,7.5367,7.8765,6.9922,6.7711,-9.0615,-33.8824,-14.1985,0.8158,-25.4316,-28.6485,-42.1215
20251124,5.62,6.18,5.33,5.85,583000.0,6.426,7.3961,7.8415,6.9805,6.7652,4.0925,-28.5714,-10.687,0.6884,-20.9047,-25.3969,-39.7528
20251125,5.7,6.1,5.63,5.96,226000.0,6.094,7.2765,7.812,6.9707,6.7603,1.8803,-21.7848,-9.0076,0.2659,-18.0921,-23.7071,-38.62
20251126,5.81,6.1,5.81,6.01,129000.0,5.924,7.1709,7.785,6.9617,6.7558,0.8389,-12.3907,-8.2443,0.1521,-16.1893,-22.8003,-38.105
20251127,6.35,6.35,6.01,6.03,71000.0,5.894,7.0758,7.759,6.953,6.7515,0.3328,-2.4272,-7.9389,0.0842,-14.7805,-22.2838,-37.8991
20251128,6.41,6.41,6.04,6.11,101000.0,5.992,6.9954,7.737,6.9457,6.7478,1.3267,8.7189,-6.7176,0.1203,-12.6564,-21.0288,-37.0752
20251201,6.11,6.11,5.88,6.07,91000.0,6.036,6.9182,7.5555,6.9377,6.7438,-0.6547,3.7607,-37.4227,0.1318,-12.261,-19.6612,-37.4871
20251202,6.07,6.07,5.89,5.96,167000.0,6.036,6.8384,7.4015,6.9278,6.7389,-1.8122,0.0,-34.0708,0.2761,-12.845,-19.4758,-38.62
20251203,5.92,6.0,5.92,5.97,108000.0,6.028,6.766,7.247,6.9182,6.7341,0.1678,-0.6656,-34.106,0.1865,-11.7651,-17.6211,-38.517
20251204,5.97,6.03,5.97,6.03,48000.0,6.028,6.7047,7.0865,6.9095,6.7297,1.005,0.0,-34.7403,0.0867,-10.063,-14.9086,-37.8991
20251205,6.0,6.05,6.0,6.03,146000.0,6.012,6.6485,6.9225,6.9008,6.7254,0.0,-1.3093,-35.2309,0.2721,-9.3024,-12.8927,-37.8991
20251208,6.06,6.26,6.04,6.22,94000.0,6.042,6.6128,6.7675,6.8953,6.7227,3.1509,2.4712,-33.2618,0.1857,-5.9395,-8.0901,-35.9423
20251209,5.83,6.3,5.83,6.06,108000.0,6.062,6.5667,6.6325,6.8872,6.7186,-2.5723,1.6779,-30.8219,0.2337,-7.7162,-8.6317,-37.5901
20251210,6.02,6.15,6.02,6.04,71000.0,6.076,6.5228,6.496,6.8787,6.7143,-0.33,1.1725,-31.1288,0.1679,-7.4018,-7.0197,-37.7961
20251211,5.98,6.0,5.92,6.0,191000.0,6.07,6.4792,6.3655,6.8695,6.7098,-0.6623,-0.4975,-30.3136,0.4682,-7.3965,-5.7419,-38.208
20251212,5.7,6.0,5.7,5.94,66000.0,6.052,6.4343,6.2375,6.8593,6.7047,-1.0,-1.4925,-30.1176,0.1702,-7.6823,-4.7695,-38.826
20251215,5.94,6.5,5.94,6.27,106000.0,6.062,6.4206,6.1415,6.8547,6.7023,5.5556,0.8039,-23.4432,0.2827,-2.3457,2.0923,-35.4274
20251216,6.3,6.5,6.15,6.37,180000.0,6.124,6.4164,6.079,6.8517,6.7008,1.5949,5.1155,-16.4042,0.707,-0.723,4.787,-34.3975
20251217,6.37,6.38,6.25,6.33,109000.0,6.182,6.4092,6.0525,6.848,6.699,-0.6279,4.8013,-7.7259,0.5132,-1.2356,4.5849,-34.8095
20251218,6.32,6.41,6.32,6.41,37000.0,6.264,6.4093,6.064,6.8457,6.6978,1.2638,6.8333,3.7217,0.2238,0.0115,5.7058,-33.9856
20251219,6.4,7.03,6.36,7.0,159000.0,6.476,6.4585,6.133,6.8532,6.7016,9.2044,17.8451,24.5552,1.1394,8.3845,14.1366,-27.9094
20251222,7.05,7.67,6.97,7.03,130000.0,6.628,6.5061,6.192,6.8612,6.7056,0.4286,12.1212,20.1709,1.1121,8.0522,13.5336,-27.6004
20251223,7.04,7.38,7.04,7.11,173000.0,6.776,6.5564,6.2495,6.8705,6.7102,1.138,11.617,19.2953,1.5142,8.443,13.7691,-26.7765
20251224,7.11,7.32,7.05,7.07,124000.0,6.924,6.5992,6.3025,6.8792,6.7146,-0.5626,11.6904,17.6373,1.0877,7.1336,12.1777,-27.1885
20251226,7.07,7.15,7.07,7.15,24000.0,7.072,6.6451,6.3585,6.8892,6.7196,1.1315,11.5445,18.5738,0.215,7.5975,12.4479,-26.3646
20251229,7.14,7.4,7.14,7.4,227000.0,7.152,6.708,6.423,6.9033,6.7267,3.4965,5.7143,21.1129,1.9245,10.3154,15.211,-23.7899
20251230,7.22,7.35,7.08,7.32,51000.0,7.21,6.759,6.4855,6.9162,6.7331,-1.0811,4.1252,20.5931,0.4398,8.2995,12.8672,-24.6138
20251231,7.1,7.29,7.08,7.29,179000.0,7.246,6.8033,6.552,6.9285,6.7392,-0.4098,2.5316,22.3154,1.5358,7.1542,11.2637,-24.9228
20260102,7.25,7.25,7.0,7.05,109000.0,7.242,6.8238,6.606,6.9368,6.7434,-3.2922,-0.2829,18.0905,0.9348,3.3142,6.7212,-27.3944
20260105,6.42,7.04,6.42,6.95,182000.0,7.202,6.8344,6.652,6.9435,6.7468,-1.4184,-2.7972,15.257,1.4761,1.6921,4.4799,-28.4243
20260106,6.89,6.93,6.69,6.93,104000.0,7.108,6.8423,6.697,6.9498,6.7499,-0.2878,-6.3514,14.9254,0.8581,1.2814,3.4792,-28.6303
20260107,6.97,6.97,6.75,6.78,69000.0,7.0,6.8371,6.725,6.9537,6.7518,-2.1645,-7.377,9.0032,0.5752,-0.8356,0.8178,-30.1751
20260108,6.87,6.87,6.55,6.66,115000.0,6.874,6.8224,6.755,6.9555,6.7528,-1.7699,-8.642,9.901,0.9559,-2.38,-1.4064,-31.4109
20260109,6.66,6.67,6.62,6.67,66000.0,6.798,6.8097,6.7865,6.9575,6.7537,0.1502,-5.3901,10.4305,0.5498,-2.0511,-1.7166,-31.3079
20260112,6.65,6.75,6.61,6.75,57000.0,6.758,6.8047,6.824,6.9608,6.7554,1.1994,-2.8777,12.5,0.5029,-0.8039,-1.0844,-30.484
20260113,6.75,6.89,6.72,6.89,120000.0,6.75,6.8118,6.8715,6.9665,6.7582,2.0741,-0.5772,15.9933,1.034,1.1479,0.2692,-29.0422
20260114,6.89,7.36,6.81,7.25,137000.0,6.844,6.8483,6.9205,6.9782,6.7641,5.225,6.9322,15.63,1.165,5.8653,4.7612,-25.3347
20260115,7.25,7.26,7.15,7.2,48000.0,6.952,6.8776,6.962,6.989,6.7695,-0.6897,8.1081,13.0298,0.4324,4.6872,3.4186,-25.8496
20260116,7.15,7.16,7.05,7.05,87000.0,7.028,6.892,6.998,6.9973,6.7737,-2.0833,5.6972,11.3744,0.7916,2.2926,0.7431,-27.3944
20260119,7.0,7.04,6.7,6.95,164000.0,7.068,6.8968,7.025,7.004,6.777,-1.4184,2.963,8.4243,1.4108,0.771,-1.0676,-28.4243
20260120,6.88,7.15,6.83,7.04,82000.0,7.098,6.9088,7.027,7.0122,6.7811,1.295,2.1771,0.5714,0.7295,1.8996,0.185,-27.4974
20260121,7.2,7.38,7.18,7.18,74000.0,7.084,6.9314,7.0345,7.0227,6.7863,1.9886,-0.9655,2.1337,0.6752,3.5871,2.0684,-26.0556
20260122,7.18,7.45,6.99,7.29,169000.0,7.102,6.9612,7.0435,7.035,6.7925,1.532,1.25,2.5316,1.5448,4.7226,3.4997,-24.9228
20260123,7.04,7.24,7.04,7.24,35000.0,7.14,6.9845,7.052,7.0465,6.7982,-0.6859,2.695,2.4045,0.3335,3.6584,2.6659,-25.4377
20260126,7.24,7.65,7.24,7.41,213000.0,7.232,7.0199,7.065,7.0608,6.8054,2.3481,6.6187,3.6364,1.8619,5.5565,4.8832,-23.6869
20260127,7.21,7.5,7.13,7.36,81000.0,7.296,7.0483,7.063,7.0743,6.8122,-0.6748,4.5455,-0.5405,0.7563,4.4227,4.205,-24.2019
20260128,7.25,7.37,6.86,7.28,216000.0,7.316,7.0676,7.061,7.034,6.8182,-1.087,1.3928,-0.5464,1.8726,3.0054,3.1015,-24.9485
20260129,7.27,7.28,6.95,7.19,169000.0,7.296,7.0778,7.056,7.0032,6.8236,-1.2363,-1.3717,-1.3717,1.4715,1.5854,1.8991,-25.8763
20260130,6.89,7.15,6.89,7.12,59000.0,7.272,7.0813,7.0595,6.9708,6.8283,-0.9736,-1.6575,0.9929,0.5251,0.5464,0.857,-26.5979
20260202,7.04,7.04,6.83,7.04,37000.0,7.198,7.0779,7.064,6.9342,6.8324,-1.1236,-4.9933,1.295,0.352,-0.535,-0.3398,-27.4227
20260203,7.04,7.18,6.88,7.13,97000.0,7.152,7.0822,7.074,6.8978,6.8372,1.2784,-3.125,2.886,0.926,0.6748,0.7916,-26.4948
20260204,7.0,7.17,6.91,7.17,199000.0,7.13,7.0895,7.0935,6.862,6.8424,0.561,-1.511,5.7522,1.7888,1.1351,1.0785,-22.8202
20260205,7.14,7.2,7.02,7.19,112000.0,7.13,7.0979,7.12,6.8358,6.8478,0.2789,0.0,7.958,1.0081,1.2976,0.9831,-20.989
20260209,7.01,7.19,7.01,7.17,76000.0,7.14,7.1039,7.145,6.8092,6.8529,-0.2782,0.7022,7.4963,0.681,0.9304,0.3499,-19.4382
20260210,7.16,7.17,7.04,7.04,41000.0,7.14,7.0986,7.1595,6.783,6.857,-1.8131,0.0,4.2963,0.37,-0.8252,-1.6691,-20.8989
20260211,7.03,7.48,7.03,7.44,208000.0,7.202,7.127,7.187,6.7653,6.8644,5.6818,4.3478,7.9826,1.8056,4.3913,3.5202,-14.7766
20260223,7.44,7.69,7.44,7.55,105000.0,7.278,7.1623,7.202,6.7547,6.8727,1.4785,5.2999,4.1379,0.9243,5.4134,4.832,-1.8205
20260224,7.65,7.7,7.31,7.64,62000.0,7.368,7.2021,7.224,6.755,6.8818,1.1921,6.2587,6.1111,0.5424,6.0803,5.7586,-0.7792
20260225,7.64,7.64,7.32,7.56,157000.0,7.446,7.2319,7.2495,6.7667,6.8902,-1.0471,5.4393,7.234,1.3328,4.5366,4.2831,-1.8182
20260226,7.19,7.48,7.19,7.48,85000.0,7.534,7.2526,7.276,6.7883,6.898,-1.0582,6.25,7.6259,0.7466,3.1356,2.8037,-2.8571
20260302,7.2,7.48,7.01,7.44,36000.0,7.534,7.2682,7.296,6.8187,6.9054,-0.5348,0.0,5.6818,0.3227,2.3636,1.9737,-3.3766
20260303,7.44,7.44,7.23,7.44,60000.0,7.512,7.2825,7.309,6.8452,6.9128,0.0,-1.457,3.6212,0.5413,2.1624,1.7923,-3.3766
20260304,7.2,7.2,7.02,7.2,101000.0,7.424,7.2756,7.3045,6.8658,6.9182,-3.2258,-5.7592,-1.2346,0.94,-1.0397,-1.4306,-6.4935
20260305,7.2,7.4,7.2,7.4,131000.0,7.392,7.286,7.3125,6.889,6.9253,2.7778,-2.1164,2.2099,1.167,1.5645,1.1966,-3.8961
20260306,7.26,7.4,7.26,7.4,77000.0,7.376,7.2955,7.312,6.9118,6.9324,0.0,-1.0695,-0.135,0.7302,1.4323,1.2035,-3.8961
20260309,7.1,7.39,7.07,7.39,59000.0,7.366,7.3034,7.3135,6.9332,6.9394,-0.1351,-0.672,0.4076,0.5654,1.186,1.046,-4.026
20260310,7.18,7.3,7.15,7.2,50000.0,7.318,7.2948,7.3095,6.952,6.9448,-2.571,-3.2258,-1.0989,0.5206,-1.2991,-1.4981,-6.4935
20260311,7.2,7.78,7.02,7.67,245000.0,7.412,7.326,7.3335,6.9805,6.9542,6.5278,6.5278,6.6759,2.4537,4.6951,4.5885,-1.4139
20260312,7.15,7.65,7.15,7.4,32000.0,7.412,7.3322,7.3475,7.0043,6.9612,-3.5202,0.0,3.9326,0.3249,0.9247,0.7145,-4.8843
20260313,7.23,8.14,7.21,7.58,715000.0,7.448,7.3529,7.3745,7.0302,6.9698,2.4324,2.4324,7.6705,5.4003,3.0893,2.7866,-6.8796
20260316,7.58,7.58,7.02,7.22,204000.0,7.414,7.3418,7.379,7.05,6.9754,-4.7493,-2.3004,1.2623,1.4809,-1.6587,-2.1548,-11.3022
20260317,7.16,7.29,7.15,7.27,206000.0,7.428,7.3358,7.384,7.0675,6.9814,0.6925,0.9722,1.3947,1.4917,-0.8969,-1.5439,-10.688
20260318,7.18,7.27,7.06,7.24,149000.0,7.342,7.3278,7.3865,7.0872,6.9872,-0.4127,-5.6063,0.6954,1.0647,-1.1984,-1.9833,-11.0565
20260319,7.2,7.24,7.1,7.12,119000.0,7.286,7.3105,7.384,7.1052,6.9919,-1.6575,-3.7838,-0.6974,0.8374,-2.6058,-3.5753,-12.5307
20260320,7.54,7.54,7.14,7.16,93000.0,7.202,7.298,7.39,7.1245,6.997,0.5618,-5.5409,1.7045,0.6427,-1.8903,-3.1123,-12.0393
20260323,7.01,7.04,6.9,6.98,119000.0,7.154,7.2715,7.367,7.1418,7.0006,-2.514,-3.3241,-6.1828,0.8485,-4.0083,-5.2532,-14.2506
20260324,7.0,7.18,6.99,7.1,18000.0,7.12,7.2572,7.3445,7.1557,7.0052,1.7192,-2.3384,-5.9603,0.1325,-2.1657,-3.329,-12.7764
20260325,7.1,7.15,7.0,7.11,183000.0,7.094,7.2449,7.318,7.168,7.0098,0.1408,-1.7956,-6.9372,1.2892,-1.8621,-2.8423,-12.6536
20260326,7.02,7.05,7.02,7.03,73000.0,7.076,7.227,7.2915,7.1797,7.0138,-1.1252,-1.264,-7.0106,0.5299,-2.7259,-3.5864,-13.6364
20260330,6.78,6.9,6.77,6.82,75000.0,7.008,7.1931,7.2585,7.1865,7.0161,-2.9872,-4.7486,-8.8235,0.5464,-5.1867,-6.0412,-16.2162
20260331,6.81,6.81,6.5,6.5,154000.0,6.912,7.1353,7.2115,7.1782,7.0157,-4.6921,-6.8768,-12.6344,1.0758,-8.9039,-9.8662,-20.1474
20260401,6.5,6.74,6.5,6.57,159000.0,6.806,7.0882,7.168,7.1705,7.0158,1.0769,-7.4648,-11.6935,1.0736,-7.3109,-8.3426,-19.2875
20260402,6.55,6.55,6.02,6.4,169000.0,6.664,7.0309,7.128,7.1587,7.0146,-2.5875,-9.9859,-11.1111,1.1155,-8.9728,-10.2132,-21.3759
20260407,6.07,6.2,6.07,6.15,47000.0,6.488,6.9575,7.0655,7.1433,7.0112,-3.9062,-12.5178,-16.8919,0.3191,-11.6056,-12.9573,-24.4472
20260408,6.15,6.63,6.0,6.63,40000.0,6.45,6.9302,7.027,7.1347,7.0119,7.8049,-2.7859,-10.4054,0.275,-4.3313,-5.6496,-18.5504
20260409,6.63,6.63,6.44,6.5,27000.0,6.45,6.8943,6.9825,7.1197,7.0115,-1.9608,0.0,-12.0433,0.1877,-5.7195,-6.9101,-20.1474
20260410,6.45,6.98,6.45,6.51,39000.0,6.438,6.8623,6.948,7.1062,7.0112,0.1538,-0.9132,-9.5833,0.2722,-5.1338,-6.304,-20.0246
20260413,6.33,6.5,6.33,6.5,21000.0,6.458,6.8321,6.8895,7.093,7.0108,-0.1536,1.5625,-15.2542,0.159,-4.8609,-5.6535,-20.1474
20260414,6.48,6.5,6.43,6.49,86000.0,6.526,6.8036,6.844,7.0837,7.0102,-0.1538,5.5285,-12.2973,0.638,-4.6093,-5.1724,-20.2703
20260415,6.43,6.45,6.31,6.45,71000.0,6.49,6.7741,6.7875,7.0753,7.0094,-0.6163,-2.7149,-14.9077,0.692,-4.7848,-4.9724,-20.7617
20260416,6.45,6.49,6.36,6.49,9000.0,6.488,6.7505,6.751,7.068,7.0089,0.6202,-0.1538,-10.1108,0.0969,-3.8583,-3.8661,-20.2703
20260417,6.49,6.49,6.3,6.41,41000.0,6.468,6.7221,6.708,7.0618,7.0078,-1.2327,-1.5361,-11.8294,0.4846,-4.6426,-4.4425,-21.2531
20260420,6.58,6.58,6.41,6.49,139000.0,6.466,6.7027,6.6705,7.059,7.0072,1.248,-0.1538,-10.3591,1.6528,-3.1739,-2.7059,-20.2703
20260421,6.56,7.0,6.34,6.8,124000.0,6.528,6.7108,6.6545,7.0612,7.0093,4.7766,4.7766,-4.4944,1.4701,1.3285,2.1865,-16.4619
20260422,7.44,7.44,6.66,6.99,58000.0,6.636,6.7341,6.646,7.0652,7.013,2.7941,8.3721,-2.3743,0.7022,3.7999,5.176,-14.1278
20260423,7.0,7.1,6.71,6.72,147000.0,6.682,6.7329,6.633,7.0623,7.0144,-3.8627,3.5439,-3.7249,1.75,-0.1921,1.3116,-17.4447
20260424,6.72,6.72,6.52,6.53,10000.0,6.706,6.716,6.6045,7.0503,7.0142,-2.8274,1.8721,-8.0282,0.1196,-2.7698,-1.128,-19.7789
20260427,6.53,6.53,6.38,6.52,39000.0,6.712,6.6997,6.575,7.039,7.014,-0.1531,0.4622,-8.2982,0.5105,-2.682,-0.8365,-19.9017
20260428,6.15,6.97,6.15,6.96,98000.0,6.744,6.7214,6.5715,7.0375,7.0174,6.7485,2.3529,-0.9957,1.2621,3.5502,5.9119,-14.4963
20260429,6.98,6.98,6.36,6.79,11000.0,6.704,6.7271,6.57,7.0348,7.0194,-2.4425,-2.8612,-0.4399,0.1478,0.9351,3.3486,-16.5848
20260430,6.77,6.77,6.4,6.72,57000.0,6.704,6.7265,6.581,7.0295,7.0208,-1.0309,0.0,3.3846,0.819,-0.0967,2.1121,-17.4447
20260504,6.72,6.74,6.51,6.74,125000.0,6.746,6.7276,6.5895,7.0222,7.0224,0.2976,3.2159,2.5875,1.8409,0.1839,2.2839,-17.199
20260505,6.59,6.89,6.59,6.83,56000.0,6.808,6.7362,6.611,7.0145,7.0248,1.3353,4.7546,6.7187,0.8996,1.3931,3.3127,-16.0934
20260506,6.72,6.83,6.66,6.83,118000.0,6.782,6.744,6.645,7.0077,7.0271,0.0,-1.8678,11.0569,1.7933,1.2755,2.784,-16.0934
20260507,6.82,6.84,6.72,6.84,104000.0,6.792,6.752,6.6555,6.9982,7.0295,0.1464,0.7364,3.1674,1.5072,1.3036,2.7721,-15.9705
20260508,6.71,7.19,6.71,7.08,73000.0,6.864,6.7793,6.6845,6.9935,7.0339,3.5088,5.3571,8.9231,1.0238,4.4353,5.9167,-13.0221
20260511,6.84,7.0,6.83,7.0,105000.0,6.916,6.7977,6.709,6.9888,7.0114,-1.1299,3.8576,7.5269,1.4075,2.9759,4.3375,-14.0049
20260512,6.99,7.0,6.71,6.99,94000.0,6.948,6.8137,6.7335,6.9855,6.9943,-0.1429,2.3426,7.5385,1.2013,2.5869,3.8093,-14.1278
20260513,6.73,6.95,6.5,6.9,198000.0,6.962,6.8209,6.754,6.9818,6.9763,-1.2876,1.0249,6.3174,2.3614,1.1594,2.1617,-15.2334
20260514,6.88,6.88,6.5,6.51,46000.0,6.896,6.795,6.757,6.973,6.9536,-5.6522,-4.8246,0.9302,0.5569,-4.1944,-3.6555,-20.0246
20260515,6.23,6.57,6.21,6.56,62000.0,6.792,6.7754,6.7605,6.9635,6.9307,0.768,-7.3446,1.0786,0.7273,-3.1795,-2.9658,-19.4103
20260518,6.4,6.4,6.21,6.34,11000.0,6.66,6.7391,6.757,6.9497,6.9058,-3.3537,-9.4286,-1.092,0.1313,-5.9227,-6.1714,-22.113
20260519,6.42,6.45,6.03,6.4,38000.0,6.542,6.7109,6.7525,6.9365,6.8862,0.9464,-8.4406,-1.3867,0.4828,-4.6325,-5.2203,-21.3759
20260520,6.08,6.4,6.08,6.4,45000.0,6.442,6.685,6.7325,6.9237,6.8664,0.0,-7.2464,-5.8824,0.602,-4.2629,-4.9387,-21.3759
20260521,6.39,6.45,6.2,6.45,34000.0,6.43,6.6654,6.7055,6.9138,6.8484,0.7812,-0.9217,-7.7253,0.4623,-3.2315,-3.8103,-20.7617
20260522,6.38,6.45,6.3,6.3,6000.0,6.378,6.6349,6.6845,6.8948,6.8301,-2.3256,-3.9634,-6.25,0.0902,-5.0482,-5.7521,-22.6044
20260525,6.45,6.45,6.26,6.45,6000.0,6.4,6.6195,6.6805,6.8765,6.8156,2.381,1.735,-1.2251,0.0905,-2.5611,-3.4503,-20.7617
20260526,6.32,6.66,6.31,6.55,6000.0,6.43,6.6137,6.682,6.8583,6.8067,1.5504,2.3438,0.4601,0.0928,-0.9637,-1.9755,-19.5332
20260527,6.55,6.55,6.21,6.49,6000.0,6.448,6.6034,6.6585,6.8405,6.8036,-0.916,1.4062,-6.7529,0.0999,-1.7177,-2.5306,-20.2703
20260528,6.3,6.46,6.0,6.42,6000.0,6.442,6.5881,6.64,6.8228,6.8056,-1.0786,-0.4651,-5.4492,0.1003,-2.5522,-3.3133,-21.1302
20260529,6.3,6.8,6.23,6.55,7000.0,6.492,6.585,6.6315,6.808,6.8133,2.0249,3.9683,-2.5298,0.1222,-0.5309,-1.229,-19.5332
20260601,6.28,6.51,6.2,6.4,6.0,6.482,6.5695,6.6145,6.7907,6.8179,-2.2901,-0.7752,-5.0445,0.0001,-2.5808,-3.2429,-21.3759
20260602,6.3,6.49,6.2,6.34,6.0,6.44,6.5504,6.59,6.7763,6.8211,-0.9375,-3.2061,-7.1742,0.0001,-3.2123,-3.7936,-22.113
20260603,6.45,6.58,6.27,6.58,6000.0,6.458,6.5529,6.5775,6.7627,6.8258,3.7855,1.3867,-3.6603,0.1407,0.4138,0.038,-19.1646
20260604,6.45,6.58,6.27,6.58,6000.0,6.49,6.5551,6.5645,6.749,6.8304,0.0,2.4922,-3.8012,0.1589,0.3792,0.2361,-19.1646
20260605,6.77,6.77,6.5,6.7,7000.0,6.52,6.5672,6.5455,6.7375,6.8353,1.8237,2.2901,-5.3672,0.2032,2.0219,2.3604,-17.6904
20260611,6.8,6.8,6.5,6.69,7000.0,6.578,6.5774,6.53,6.729,6.8405,-0.1493,4.5313,-4.4286,0.2369,1.7112,2.4502,-17.8133
20260612,6.51,7.0,6.5,6.87,7000.0,6.684,6.6018,6.524,6.7157,6.8481,2.6906,8.3596,-1.7167,0.2778,4.0621,5.3035,-15.602
20260615,6.7,7.05,6.55,7.02,7000.0,6.772,6.6367,6.53,6.7093,6.8568,2.1834,6.6869,1.7391,0.4473,5.7759,7.5038,-13.7592
20260616,7.05,7.05,6.73,7.0,7000.0,6.856,6.667,6.5545,6.6997,6.8649,-0.2849,6.383,7.5269,0.5109,4.9955,6.7969,-7.6517
20260617,6.95,6.95,6.76,6.94,7000.0,6.904,6.6897,6.5735,6.695,6.8725,-0.8571,3.5821,5.7927,0.6392,3.7415,5.5754,-7.9576
