# PRICE_WINDOW_136

columns=date,open,high,low,close,volume,ma5,ma20,ma60,ma120,ema23,return_1d,return_5d,return_20d,volume_ratio,distance_to_ma20_pct,distance_to_high_60_pct

PRICE_WINDOW_180_ROW_001=20251103,122.5,122.5,122.0,122.5,59000,,,,,,,,,,,

PRICE_WINDOW_180_ROW_002=20251104,123.0,123.0,122.0,122.0,33000,,,,,,-0.4082,,,,,

PRICE_WINDOW_180_ROW_003=20251105,122.0,122.5,121.5,122.0,118000,,,,,,0.0,,,,,

PRICE_WINDOW_180_ROW_004=20251106,123.0,123.0,122.0,122.5,27000,,,,,,0.4098,,,,,

PRICE_WINDOW_180_ROW_005=20251107,122.5,122.5,121.5,121.5,195000,122.1,122.1,122.1,122.1,122.3496,-0.8163,,,2.2569,-0.4914,-1.2195

PRICE_WINDOW_180_ROW_006=20251110,121.5,122.0,121.5,121.5,48000,121.9,122.0,122.0,122.0,122.2788,0.0,-0.8163,,0.6,-0.4098,-1.2195

PRICE_WINDOW_180_ROW_007=20251111,121.5,122.0,120.5,120.5,161000,121.6,121.7857,121.7857,121.7857,122.1305,-0.823,-1.2295,,1.7582,-1.0557,-2.0325

PRICE_WINDOW_180_ROW_008=20251112,120.5,120.5,117.0,118.5,190000,120.9,121.375,121.375,121.375,121.828,-1.6598,-2.8689,,1.8291,-2.3687,-3.6585

PRICE_WINDOW_180_ROW_009=20251113,119.0,119.0,117.5,117.5,131000,119.9,120.9444,120.9444,120.9444,121.4673,-0.8439,-4.0816,,1.2256,-2.848,-4.4715

PRICE_WINDOW_180_ROW_010=20251114,117.0,118.0,117.0,117.0,48000,119.0,120.55,120.55,120.55,121.095,-0.4255,-3.7037,,0.4752,-2.9448,-4.878

PRICE_WINDOW_180_ROW_011=20251117,117.0,117.0,115.5,116.5,72000,118.0,120.1818,120.1818,120.1818,120.7121,-0.4274,-4.1152,,0.732,-3.0635,-5.2846

PRICE_WINDOW_180_ROW_012=20251118,115.5,116.0,114.0,115.0,117000,116.9,119.75,119.75,119.75,120.2361,-1.2876,-4.5643,,1.171,-3.9666,-6.5041

PRICE_WINDOW_180_ROW_013=20251119,114.0,115.0,113.5,114.0,155000,116.0,119.3077,119.3077,119.3077,119.7164,-0.8696,-3.7975,,1.4882,-4.4487,-7.3171

PRICE_WINDOW_180_ROW_014=20251120,114.0,116.0,114.0,116.0,78000,115.7,119.0714,119.0714,119.0714,119.4067,1.7544,-1.2766,,0.7626,-2.5795,-5.6911

PRICE_WINDOW_180_ROW_015=20251121,115.5,116.0,115.0,115.5,24000,115.4,118.8333,118.8333,118.8333,119.0812,-0.431,-1.2821,,0.2473,-2.805,-6.0976

PRICE_WINDOW_180_ROW_016=20251124,116.0,117.0,115.0,115.5,45000,115.2,118.625,118.625,118.625,118.7827,0.0,-0.8584,,0.4797,-2.6344,-6.0976

PRICE_WINDOW_180_ROW_017=20251125,116.0,116.0,115.5,115.5,30000,115.3,118.4412,118.4412,118.4412,118.5092,0.0,0.4348,,0.3331,-2.4832,-6.0976

PRICE_WINDOW_180_ROW_018=20251126,116.0,117.0,116.0,116.5,27000,115.8,118.3333,118.3333,118.3333,118.3417,0.8658,2.193,,0.3119,-1.5493,-5.2846

PRICE_WINDOW_180_ROW_019=20251127,116.5,117.0,116.5,116.5,23000,115.9,118.2368,118.2368,118.2368,118.1883,0.0,0.431,,0.2764,-1.469,-5.2846

PRICE_WINDOW_180_ROW_020=20251128,117.5,117.5,116.5,116.5,18000,116.1,118.15,118.15,118.15,118.0476,0.0,0.8658,,0.2251,-1.3965,-5.2846

PRICE_WINDOW_180_ROW_021=20251201,117.0,117.0,116.0,116.0,37000,116.2,117.825,118.0476,118.0476,117.8769,-0.4292,0.4329,-5.3061,0.4692,-1.5489,-5.6911

PRICE_WINDOW_180_ROW_022=20251202,117.0,117.0,116.0,116.5,38000,116.4,117.55,117.9773,117.9773,117.7622,0.431,0.8658,-4.5082,0.4804,-0.8932,-5.2846

PRICE_WINDOW_180_ROW_023=20251203,117.0,117.0,116.5,116.5,16000,116.4,117.275,117.913,117.913,117.657,0.0,0.0,-4.5082,0.2162,-0.6608,-5.2846

PRICE_WINDOW_180_ROW_024=20251204,116.5,116.5,116.0,116.0,18000,116.3,116.95,117.8333,117.8333,117.5189,-0.4292,-0.4292,-5.3061,0.2447,-0.8123,-5.6911

PRICE_WINDOW_180_ROW_025=20251205,117.0,117.0,115.5,115.5,55000,116.1,116.65,117.74,117.74,117.3507,-0.431,-0.8584,-4.9383,0.8264,-0.9859,-6.0976

PRICE_WINDOW_180_ROW_026=20251208,116.5,117.0,116.0,116.0,42000,116.1,116.375,117.6731,117.6731,117.2381,0.4329,0.0,-4.5267,0.634,-0.3222,-5.6911

PRICE_WINDOW_180_ROW_027=20251209,116.0,116.5,116.0,116.5,23000,116.1,116.175,117.6296,117.6296,117.1766,0.431,0.0,-3.3195,0.3875,0.2798,-5.2846

PRICE_WINDOW_180_ROW_028=20251210,117.0,117.0,115.5,116.0,41000,116.0,116.05,117.5714,117.5714,117.0786,-0.4292,-0.4292,-2.1097,0.79,-0.0431,-5.6911

PRICE_WINDOW_180_ROW_029=20251211,116.5,116.5,116.0,116.0,58000,116.0,115.975,117.5172,117.5172,116.9887,0.0,0.0,-1.2766,1.2021,0.0216,-5.6911

PRICE_WINDOW_180_ROW_030=20251212,116.0,116.0,115.5,116.0,58000,116.1,115.925,117.4667,117.4667,116.9063,0.0,0.4329,-0.8547,1.1897,0.0647,-5.6911

PRICE_WINDOW_180_ROW_031=20251215,116.0,116.0,115.5,116.0,81000,116.1,115.9,117.4194,117.4194,116.8308,0.0,0.0,-0.4292,1.6463,0.0863,-5.6911

PRICE_WINDOW_180_ROW_032=20251216,116.0,116.0,115.0,115.5,57000,115.9,115.925,117.3594,117.3594,116.7199,-0.431,-0.8584,0.4348,1.2338,-0.3666,-6.0976

PRICE_WINDOW_180_ROW_033=20251217,115.5,116.0,115.5,115.5,16000,115.8,116.0,117.303,117.303,116.6182,0.0,-0.431,1.3158,0.4076,-0.431,-6.0976

PRICE_WINDOW_180_ROW_034=20251218,115.0,115.5,114.5,115.0,44000,115.6,115.95,117.2353,117.2353,116.4834,-0.4329,-0.8621,-0.8621,1.1718,-0.8193,-6.5041

PRICE_WINDOW_180_ROW_035=20251219,116.0,116.0,115.5,115.5,25000,115.5,115.95,117.1857,117.1857,116.4014,0.4348,-0.431,0.0,0.6649,-0.3881,-6.0976

PRICE_WINDOW_180_ROW_036=20251222,115.5,116.0,115.0,115.5,82000,115.4,115.95,117.1389,117.1389,116.3263,0.0,-0.431,0.0,2.0786,-0.3881,-6.0976

PRICE_WINDOW_180_ROW_037=20251223,116.0,116.5,115.5,115.5,49000,115.4,115.95,117.0946,117.0946,116.2574,0.0,0.0,0.0,1.2129,-0.3881,-6.0976

PRICE_WINDOW_180_ROW_038=20251224,115.5,116.0,115.5,115.5,39000,115.4,115.9,117.0526,117.0526,116.1943,0.0,0.0,-0.8584,0.9512,-0.3451,-6.0976

PRICE_WINDOW_180_ROW_039=20251226,116.0,117.5,116.0,117.5,72000,115.9,115.95,117.0641,117.0641,116.3031,1.7316,2.1739,0.8584,1.6571,1.3368,-4.4715

PRICE_WINDOW_180_ROW_040=20251229,116.0,117.0,112.0,116.5,146000,116.1,115.95,117.05,117.05,116.3195,-0.8511,0.8658,0.0,2.9288,0.4743,-5.2846

PRICE_WINDOW_180_ROW_041=20251230,116.5,117.5,116.0,116.5,35000,116.3,115.975,117.0366,117.0366,116.3346,0.0,0.8658,0.431,0.7035,0.4527,-5.2846

PRICE_WINDOW_180_ROW_042=20251231,115.5,116.5,115.5,116.0,31000,116.4,115.95,117.0119,117.0119,116.3067,-0.4292,0.4329,-0.4292,0.6275,0.0431,-5.6911

PRICE_WINDOW_180_ROW_043=20260102,116.0,117.0,116.0,116.0,36000,116.5,115.925,116.9884,116.9884,116.2811,0.0,0.4329,-0.4292,0.7143,0.0647,-5.6911

PRICE_WINDOW_180_ROW_044=20260105,116.0,116.0,115.0,116.0,69000,116.2,115.925,116.9659,116.9659,116.2577,0.0,-1.2766,0.0,1.3031,0.0647,-5.6911

PRICE_WINDOW_180_ROW_045=20260106,115.0,116.0,115.0,115.5,90000,116.0,115.925,116.9333,116.9333,116.1946,-0.431,-0.8584,0.0,1.6453,-0.3666,-6.0976

PRICE_WINDOW_180_ROW_046=20260107,115.5,116.0,115.0,115.5,41000,115.8,115.9,116.9022,116.9022,116.1367,0.0,-0.8584,-0.431,0.7502,-0.3451,-6.0976

PRICE_WINDOW_180_ROW_047=20260108,115.0,115.0,113.5,115.0,99000,115.6,115.825,116.8617,116.8617,116.042,-0.4329,-0.8621,-1.2876,1.6938,-0.7123,-6.5041

PRICE_WINDOW_180_ROW_048=20260109,115.0,115.5,114.5,115.5,56000,115.5,115.8,116.8333,116.8333,115.9968,0.4348,-0.431,-0.431,0.9459,-0.2591,-6.0976

PRICE_WINDOW_180_ROW_049=20260112,116.0,116.5,115.0,115.5,57000,115.4,115.775,116.8061,116.8061,115.9554,0.0,-0.431,-0.431,0.9637,-0.2375,-6.0976

PRICE_WINDOW_180_ROW_050=20260113,115.0,115.0,114.5,115.0,63000,115.3,115.725,116.77,116.77,115.8758,-0.4329,-0.4329,-0.8621,1.0606,-0.6265,-6.5041

PRICE_WINDOW_180_ROW_051=20260114,114.5,115.0,114.0,114.5,101000,115.1,115.65,116.7255,116.7255,115.7611,-0.4348,-0.8658,-1.2931,1.6722,-0.9944,-6.9106

PRICE_WINDOW_180_ROW_052=20260115,114.5,115.0,114.0,114.0,53000,114.9,115.575,116.6731,116.6731,115.6144,-0.4367,-0.8696,-1.2987,0.8804,-1.3628,-7.3171

PRICE_WINDOW_180_ROW_053=20260116,114.0,115.0,114.0,114.5,130000,114.7,115.525,116.6321,116.6321,115.5215,0.4386,-0.8658,-0.8658,1.9727,-0.8873,-6.9106

PRICE_WINDOW_180_ROW_054=20260119,114.5,114.5,113.0,114.0,151000,114.4,115.475,116.5833,116.5833,115.3947,-0.4367,-1.2987,-0.8696,2.1193,-1.2773,-7.3171

PRICE_WINDOW_180_ROW_055=20260120,113.5,114.0,113.0,113.5,83000,114.1,115.375,116.5273,116.5273,115.2368,-0.4386,-1.3043,-1.7316,1.1194,-1.6251,-7.7236

PRICE_WINDOW_180_ROW_056=20260121,113.0,114.0,113.0,113.5,49000,113.9,115.275,116.4732,116.4732,115.0921,0.0,-0.8734,-1.7316,0.6759,-1.5398,-7.7236

PRICE_WINDOW_180_ROW_057=20260122,113.5,115.0,113.5,114.5,145000,114.0,115.225,116.4386,116.4386,115.0427,0.8811,0.4386,-0.8658,1.8758,-0.6292,-6.9106

PRICE_WINDOW_180_ROW_058=20260123,115.0,115.0,114.0,114.5,61000,114.0,115.175,116.4052,116.4052,114.9975,0.0,0.0,-0.8658,0.7781,-0.5861,-6.9106

PRICE_WINDOW_180_ROW_059=20260126,114.0,114.5,113.0,113.0,137000,113.8,114.95,116.3475,116.3475,114.8311,-1.31,-0.8772,-3.8298,1.6779,-1.6964,-8.1301

PRICE_WINDOW_180_ROW_060=20260127,113.0,113.5,112.0,112.5,140000,113.6,114.75,116.2833,116.2833,114.6368,-0.4425,-0.8811,-3.4335,1.721,-1.9608,-8.5366

PRICE_WINDOW_180_ROW_061=20260128,113.0,113.0,112.0,112.0,103000,113.3,114.525,116.1083,116.2131,114.4171,-0.4444,-1.3216,-3.8627,1.2153,-2.2048,-8.9431

PRICE_WINDOW_180_ROW_062=20260129,111.5,112.0,111.5,112.0,62000,112.8,114.325,115.9417,116.1452,114.2156,0.0,-2.1834,-3.4483,0.7184,-2.0337,-8.9431

PRICE_WINDOW_180_ROW_063=20260130,111.5,111.5,111.0,111.0,118000,112.1,114.075,115.7583,116.0635,113.9477,-0.8929,-3.0568,-4.3103,1.3053,-2.6956,-9.7561

PRICE_WINDOW_180_ROW_064=20260202,111.0,111.0,110.5,111.0,94000,111.7,113.825,115.5667,115.9844,113.702,0.0,-1.7699,-4.3103,1.0256,-2.4819,-9.3878

PRICE_WINDOW_180_ROW_065=20260203,111.5,111.5,110.5,110.5,73000,111.3,113.575,115.3833,115.9,113.4352,-0.4505,-1.7778,-4.329,0.804,-2.7075,-9.4262

PRICE_WINDOW_180_ROW_066=20260204,110.5,111.5,110.5,111.5,55000,111.2,113.375,115.2167,115.8333,113.2739,0.905,-0.4464,-3.4632,0.6011,-1.6538,-8.6066

PRICE_WINDOW_180_ROW_067=20260205,111.5,111.5,110.5,111.0,72000,111.0,113.175,115.0583,115.7612,113.0844,-0.4484,-0.8929,-3.4783,0.7987,-1.9218,-7.8838

PRICE_WINDOW_180_ROW_068=20260206,110.5,110.5,108.5,110.0,170000,110.8,112.9,114.9167,115.6765,112.8274,-0.9009,-0.9009,-4.7619,1.7736,-2.5686,-7.563

PRICE_WINDOW_180_ROW_069=20260209,110.5,110.5,108.5,110.0,208000,110.6,112.625,114.7917,115.5942,112.5918,0.0,-0.9009,-4.7619,2.0116,-2.3307,-6.7797

PRICE_WINDOW_180_ROW_070=20260210,109.0,110.0,109.0,110.0,60000,110.5,112.375,114.675,115.5143,112.3758,0.0,-0.4525,-4.3478,0.5811,-2.1135,-6.383

PRICE_WINDOW_180_ROW_071=20260211,110.5,111.0,110.0,111.0,96000,110.4,112.2,114.5833,115.4507,112.2612,0.9091,-0.4484,-3.0568,0.932,-1.0695,-5.5319

PRICE_WINDOW_180_ROW_072=20260223,110.5,110.5,109.0,110.0,217000,110.2,112.0,114.5,115.375,112.0727,-0.9009,-0.9009,-3.5088,1.9514,-1.7857,-6.383

PRICE_WINDOW_180_ROW_073=20260224,109.5,110.0,109.5,110.0,169000,110.2,111.775,114.4333,115.3014,111.9,0.0,0.0,-3.9301,1.4936,-1.588,-6.383

PRICE_WINDOW_180_ROW_074=20260225,109.5,109.5,108.5,109.0,151000,110.0,111.525,114.3167,115.2162,111.6583,-0.9091,-0.9091,-4.386,1.3345,-2.2641,-7.234

PRICE_WINDOW_180_ROW_075=20260226,109.0,110.5,108.5,110.0,148000,110.0,111.35,114.225,115.1467,111.5201,0.9174,0.0,-3.0837,1.2715,-1.2124,-6.383

PRICE_WINDOW_180_ROW_076=20260302,110.0,111.5,110.0,111.0,126000,110.0,111.225,114.15,115.0921,111.4768,0.9091,0.0,-2.2026,1.0478,-0.2023,-5.5319

PRICE_WINDOW_180_ROW_077=20260303,111.0,111.0,110.0,110.5,126000,110.1,111.025,114.0667,115.0325,111.3954,-0.4505,0.4545,-3.4934,1.0562,-0.4729,-5.9574

PRICE_WINDOW_180_ROW_078=20260304,109.0,110.5,108.0,110.0,202000,110.1,110.8,113.9583,114.9679,111.2791,-0.4525,0.0,-3.9301,1.5987,-0.722,-6.383

PRICE_WINDOW_180_ROW_079=20260305,110.0,110.5,109.5,110.0,78000,110.3,110.65,113.85,114.9051,111.1725,0.0,0.9174,-2.6549,0.6321,-0.5874,-6.383

PRICE_WINDOW_180_ROW_080=20260306,110.0,110.0,109.5,110.0,79000,110.3,110.525,113.7417,114.8438,111.0748,0.0,0.0,-2.2222,0.6564,-0.475,-6.383

PRICE_WINDOW_180_ROW_081=20260309,110.0,110.0,107.5,109.0,146000,109.9,110.375,113.625,114.7716,110.9019,-0.9091,-1.8018,-2.6786,1.1918,-1.2458,-7.234

PRICE_WINDOW_180_ROW_082=20260310,109.5,109.5,106.0,107.5,309000,109.3,110.15,113.475,114.6829,110.6184,-1.3761,-2.7149,-4.0179,2.2914,-2.4058,-8.5106

PRICE_WINDOW_180_ROW_083=20260311,109.5,111.0,108.5,110.5,247000,109.4,110.125,113.375,114.6325,110.6085,2.7907,0.4545,-0.4505,1.7481,0.3405,-5.9574

PRICE_WINDOW_180_ROW_084=20260312,110.5,111.5,109.5,111.0,246000,109.6,110.125,113.2917,114.5893,110.6412,0.4525,0.9091,0.0,1.6521,0.7946,-5.5319

PRICE_WINDOW_180_ROW_085=20260313,110.5,111.0,109.5,111.0,162000,109.8,110.15,113.2167,114.5471,110.6711,0.0,0.9091,0.4525,1.0564,0.7717,-5.5319

PRICE_WINDOW_180_ROW_086=20260316,111.0,111.0,110.0,110.5,95000,110.1,110.1,113.125,114.5,110.6568,-0.4505,1.3761,-0.8969,0.6115,0.3633,-5.9574

PRICE_WINDOW_180_ROW_087=20260317,110.5,111.0,110.0,111.0,198000,110.8,110.1,113.0333,114.4598,110.6854,0.4525,3.2558,0.0,1.2249,0.8174,-5.5319

PRICE_WINDOW_180_ROW_088=20260318,111.0,111.5,111.0,111.0,102000,110.9,110.15,112.95,114.4205,110.7116,0.0,0.4525,0.9091,0.6445,0.7717,-5.5319

PRICE_WINDOW_180_ROW_089=20260319,111.0,111.5,110.5,111.0,107000,110.9,110.2,112.8667,114.382,110.7357,0.0,0.0,0.9091,0.6984,0.726,-5.5319

PRICE_WINDOW_180_ROW_090=20260320,111.0,111.0,109.0,109.5,138000,110.6,110.175,112.7583,114.3278,110.6327,-1.3514,-1.3514,-0.4545,0.8784,-0.6127,-6.8085

PRICE_WINDOW_180_ROW_091=20260323,109.5,109.5,107.5,108.5,124000,110.2,110.05,112.6333,114.2637,110.455,-0.9132,-1.81,-2.2523,0.7823,-1.4085,-7.6596

PRICE_WINDOW_180_ROW_092=20260324,109.5,109.5,107.5,108.0,82000,109.6,109.95,112.5083,114.1957,110.2504,-0.4608,-2.7027,-1.8182,0.5404,-1.7735,-8.0851

PRICE_WINDOW_180_ROW_093=20260325,108.0,108.0,106.5,107.0,301000,108.8,109.8,112.3667,114.1183,109.9795,-0.9259,-3.6036,-2.7273,1.9009,-2.5501,-8.9362

PRICE_WINDOW_180_ROW_094=20260326,101.0,102.0,101.0,101.5,175000,106.9,109.425,112.1417,113.984,109.2729,-5.1402,-8.5586,-6.8807,1.0968,-7.2424,-13.617

PRICE_WINDOW_180_ROW_095=20260327,101.0,101.0,100.0,101.0,79000,105.2,108.975,111.9,113.8474,108.5835,-0.4926,-7.7626,-8.1818,0.5061,-7.3182,-14.0426

PRICE_WINDOW_180_ROW_096=20260330,100.5,100.5,99.7,100.0,90000,103.5,108.425,111.6417,113.7031,107.8682,-0.9901,-7.8341,-9.9099,0.5833,-7.7703,-14.8936

PRICE_WINDOW_180_ROW_097=20260331,100.0,100.0,98.6,98.6,87000,101.62,107.83,111.36,113.5474,107.0958,-1.4,-8.7037,-10.7692,0.5711,-8.5598,-16.0851

PRICE_WINDOW_180_ROW_098=20260401,98.7,98.9,98.3,98.3,86000,99.88,107.245,111.0733,113.3918,106.3629,-0.3043,-8.1308,-10.6364,0.5868,-8.3407,-16.3404

PRICE_WINDOW_180_ROW_099=20260402,98.3,98.3,98.1,98.3,45000,99.24,106.66,110.7533,113.2394,105.691,0.0,-3.1527,-10.6364,0.3106,-7.838,-16.3404

PRICE_WINDOW_180_ROW_100=20260407,98.5,98.5,98.2,98.2,40000,98.68,106.07,110.4483,113.089,105.0667,-0.1017,-2.7723,-10.7273,0.2798,-7.4196,-16.4255

PRICE_WINDOW_180_ROW_101=20260408,98.5,99.5,98.1,99.5,54000,98.58,105.595,110.165,112.9545,104.6028,1.3238,-0.5,-8.7156,0.3903,-5.7721,-14.9573

PRICE_WINDOW_180_ROW_102=20260409,99.5,99.9,99.2,99.7,39000,98.8,105.205,109.8933,112.8245,104.1942,0.201,1.1156,-7.2558,0.3124,-5.2326,-14.7863

PRICE_WINDOW_180_ROW_103=20260410,99.9,100.0,99.0,99.2,47000,98.98,104.64,109.6133,112.6922,103.7781,-0.5015,0.9156,-10.2262,0.4092,-5.1988,-14.8498

PRICE_WINDOW_180_ROW_104=20260413,98.1,98.2,94.8,95.1,485000,98.34,103.845,109.265,112.5231,103.0549,-4.1331,-3.2553,-14.3243,3.8249,-8.4212,-18.3691

PRICE_WINDOW_180_ROW_105=20260414,95.1,95.1,90.7,91.9,521000,97.08,102.89,108.8717,112.3267,102.1253,-3.3649,-6.4155,-17.2072,3.5993,-10.6813,-21.1159

PRICE_WINDOW_180_ROW_106=20260415,92.1,95.0,92.1,94.0,245000,95.98,102.065,108.5133,112.1538,101.4482,2.2851,-5.5276,-14.9321,1.6092,-7.9018,-19.3133

PRICE_WINDOW_180_ROW_107=20260416,94.0,94.5,93.5,94.4,87000,94.92,101.235,108.17,111.9879,100.8609,0.4255,-5.3159,-14.955,0.593,-6.7516,-18.97

PRICE_WINDOW_180_ROW_108=20260417,94.3,94.5,93.6,94.4,86000,93.96,100.405,107.8183,111.825,100.3224,0.0,-4.8387,-14.955,0.5894,-5.9808,-18.97

PRICE_WINDOW_180_ROW_109=20260420,94.5,94.8,92.2,93.0,127000,93.54,99.505,107.4433,111.6523,99.7122,-1.4831,-2.2082,-16.2162,0.8645,-6.5374,-19.1304

PRICE_WINDOW_180_ROW_110=20260421,93.1,93.8,93.0,93.6,65000,93.88,98.71,107.0867,111.4882,99.2029,0.6452,1.8498,-14.5205,0.4538,-5.1768,-18.6087

PRICE_WINDOW_180_ROW_111=20260422,93.6,93.9,93.2,93.6,120000,93.8,97.965,106.7383,111.327,98.736,0.0,-0.4255,-13.7327,0.8389,-4.4557,-18.6087

PRICE_WINDOW_180_ROW_112=20260423,93.6,93.6,92.5,93.2,127000,93.56,97.225,106.3917,111.1652,98.2747,-0.4274,-1.2712,-13.7037,0.8741,-4.1399,-18.9565

PRICE_WINDOW_180_ROW_113=20260424,93.1,93.3,92.7,93.0,209000,93.28,96.525,106.0333,111.0044,97.8351,-0.2146,-1.4831,-13.0841,1.4854,-3.6519,-19.1304

PRICE_WINDOW_180_ROW_114=20260427,92.9,92.9,91.1,92.4,284000,93.16,96.07,105.6733,110.8412,97.3822,-0.6452,-0.6452,-8.9655,1.9432,-3.8201,-19.6522

PRICE_WINDOW_180_ROW_115=20260428,92.0,92.6,91.7,92.5,145000,92.94,95.645,105.3233,110.6817,96.9753,0.1082,-1.1752,-8.4158,0.9702,-3.2882,-19.5652

PRICE_WINDOW_180_ROW_116=20260429,92.1,93.8,92.0,93.7,107000,92.96,95.33,104.9933,110.5353,96.7024,1.2973,0.1068,-6.3,0.7119,-1.7098,-18.5217

PRICE_WINDOW_180_ROW_117=20260430,93.1,93.8,93.1,93.8,143000,93.08,95.09,104.6483,110.3923,96.4605,0.1067,0.6438,-4.8682,0.934,-1.3566,-18.4348

PRICE_WINDOW_180_ROW_118=20260504,93.8,93.8,93.0,93.8,111000,93.24,94.865,104.3033,110.2517,96.2388,0.0,0.8602,-4.5778,0.7191,-1.1226,-18.0786

PRICE_WINDOW_180_ROW_119=20260505,93.8,96.5,93.8,96.5,141000,94.06,94.775,104.0283,110.1361,96.2606,2.8785,4.4372,-1.8311,0.886,1.8201,-14.978

PRICE_WINDOW_180_ROW_120=20260506,96.6,96.6,95.4,95.5,71000,94.66,94.64,103.745,110.0142,96.1972,-1.0363,3.2432,-2.7495,0.4418,0.9087,-15.4867

PRICE_WINDOW_180_ROW_121=20260507,95.3,95.3,94.1,94.4,69000,94.8,94.385,103.4517,109.78,96.0474,-1.1518,0.7471,-5.1256,0.4274,0.0159,-15.7143

PRICE_WINDOW_180_ROW_122=20260508,91.2,93.5,91.2,92.9,240000,94.62,94.045,103.1333,109.5375,95.7851,-1.589,-0.9595,-6.8205,1.3994,-1.2175,-16.6816

PRICE_WINDOW_180_ROW_123=20260511,92.9,93.0,92.4,92.6,162000,94.38,93.715,102.8267,109.2925,95.5197,-0.3229,-1.2793,-6.6532,0.914,-1.1898,-16.9507

PRICE_WINDOW_180_ROW_124=20260512,92.6,92.7,90.8,91.0,233000,93.28,93.51,102.4933,109.03,95.1431,-1.7279,-5.6995,-4.3113,1.4151,-2.6842,-18.3857

PRICE_WINDOW_180_ROW_125=20260513,90.7,91.0,90.6,90.8,105000,92.34,93.455,102.165,108.7742,94.7811,-0.2198,-4.9215,-1.197,0.7299,-2.8409,-18.565

PRICE_WINDOW_180_ROW_126=20260514,90.8,90.8,88.0,88.3,451000,91.12,93.17,101.7783,108.4975,94.2411,-2.7533,-6.4619,-6.0638,2.9257,-5.227,-20.8072

PRICE_WINDOW_180_ROW_127=20260515,88.0,88.3,85.5,85.5,450000,89.64,92.725,101.3533,108.2058,93.5126,-3.171,-7.9656,-9.428,2.6117,-7.7919,-23.3184

PRICE_WINDOW_180_ROW_128=20260518,85.4,86.3,85.3,85.7,207000,88.26,92.29,100.9483,107.9325,92.8616,0.2339,-7.4514,-9.2161,1.1606,-7.1405,-23.139

PRICE_WINDOW_180_ROW_129=20260519,85.8,86.1,85.0,85.0,110000,87.06,91.89,100.5317,107.6617,92.2064,-0.8168,-6.5934,-8.6022,0.6197,-7.4981,-23.7668

PRICE_WINDOW_180_ROW_130=20260520,85.2,87.0,85.2,86.0,126000,86.1,91.51,100.1317,107.4033,91.6892,1.1765,-5.2863,-8.1197,0.6979,-6.0212,-22.87

PRICE_WINDOW_180_ROW_131=20260521,87.4,87.4,85.9,86.2,87000,85.68,91.14,99.7183,107.1508,91.2318,0.2326,-2.3783,-7.906,0.4863,-5.4202,-22.6906

PRICE_WINDOW_180_ROW_132=20260522,86.2,86.2,85.5,85.9,86,85.76,90.775,99.3167,106.9083,90.7875,-0.348,0.4678,-7.8326,0.0005,-5.3704,-22.9596

PRICE_WINDOW_180_ROW_133=20260523,86.2,86.2,85.5,85.9,86,85.8,90.42,98.915,106.6742,90.3802,0.0,0.2334,-7.6344,0.0005,-4.9989,-22.9596

PRICE_WINDOW_180_ROW_134=20260524,86.2,86.2,85.5,85.9,86,85.98,90.095,98.53,106.4233,90.0068,0.0,1.0588,-7.0346,0.0006,-4.6562,-22.9596

PRICE_WINDOW_180_ROW_135=20260525,85.9,86.5,85.5,85.5,86,85.88,89.745,98.1217,106.1733,89.6313,-0.4657,-0.5814,-7.5676,0.0006,-4.7301,-23.3184

PRICE_WINDOW_180_ROW_136=20260526,85.9,86.5,85.5,85.5,86,85.74,89.335,97.6967,105.9233,89.287,0.0,-0.8121,-8.7513,0.0006,-4.2928,-23.3184
