# PRICE_WINDOW_132

columns=date,open,high,low,close,volume,ma5,ema23,ma20,ma60,ma120,return_1d,return_5d,return_20d,volume_ratio,distance_to_ema23_pct,distance_to_ma20_pct,distance_to_high_60_pct

PRICE_WINDOW_180_ROW_001=20251103,31.8,31.8,31.8,31.8,8000,,,,,,,,,,,,

PRICE_WINDOW_180_ROW_002=20251104,31.8,31.8,31.2,31.4,6000,,,,,,-1.2579,,,,,,

PRICE_WINDOW_180_ROW_003=20251105,31.2,31.8,30.35,31.75,17000,,,,,,1.1146,,,,,,

PRICE_WINDOW_180_ROW_004=20251106,31.6,31.6,30.5,31.25,7000,,,,,,-1.5748,,,,,,

PRICE_WINDOW_180_ROW_005=20251107,31.3,31.4,31.3,31.35,6000,31.51,31.6913,31.51,31.51,31.51,0.32,,,0.6818,-1.077,-0.5078,-1.4151

PRICE_WINDOW_180_ROW_006=20251110,30.65,30.9,30.15,30.9,30000,31.33,31.6254,31.4083,31.4083,31.4083,-1.4354,-2.8302,,2.4324,-2.2936,-1.6185,-2.8302

PRICE_WINDOW_180_ROW_007=20251111,30.1,30.85,30.1,30.8,5000,31.21,31.5566,31.3214,31.3214,31.3214,-0.3236,-1.9108,,0.443,-2.3976,-1.6648,-3.1447

PRICE_WINDOW_180_ROW_008=20251112,30.8,31.5,30.5,31.5,24000,31.16,31.5519,31.3438,31.3438,31.3438,2.2727,-0.7874,,1.8641,-0.1644,0.4985,-0.9434

PRICE_WINDOW_180_ROW_009=20251113,31.1,31.2,31.1,31.2,3000,31.15,31.5225,31.3278,31.3278,31.3278,-0.9524,-0.16,,0.2547,-1.0232,-0.4079,-1.8868

PRICE_WINDOW_180_ROW_010=20251117,31.15,31.15,31.1,31.1,4000,31.1,31.4873,31.305,31.305,31.305,-0.3205,-0.7974,,0.3636,-1.2301,-0.6548,-2.2013

PRICE_WINDOW_180_ROW_011=20251118,31.0,31.0,31.0,31.0,1000,31.12,31.4467,31.2773,31.2773,31.2773,-0.3215,0.3236,,0.0991,-1.4206,-0.8865,-2.5157

PRICE_WINDOW_180_ROW_012=20251119,31.0,31.7,31.0,31.35,4000,31.23,31.4387,31.2833,31.2833,31.2833,1.129,1.7857,,0.4174,-0.282,0.2131,-1.4151

PRICE_WINDOW_180_ROW_013=20251120,30.85,30.85,30.8,30.8,4000,31.09,31.3854,31.2462,31.2462,31.2462,-1.7544,-2.2222,,0.437,-1.8653,-1.4279,-3.1447

PRICE_WINDOW_180_ROW_014=20251121,31.15,31.15,30.2,31.15,3000,31.08,31.3658,31.2393,31.2393,31.2393,1.1364,-0.1603,,0.3443,-0.6881,-0.2858,-2.044

PRICE_WINDOW_180_ROW_015=20251124,31.35,31.35,31.35,31.35,2000,31.13,31.3645,31.2467,31.2467,31.2467,0.6421,0.8039,,0.2419,-0.0462,0.3307,-1.4151

PRICE_WINDOW_180_ROW_016=20251125,30.4,31.3,30.35,30.95,11000,31.12,31.33,31.2281,31.2281,31.2281,-1.2759,-0.1613,,1.3037,-1.2128,-0.8906,-2.673

PRICE_WINDOW_180_ROW_017=20251126,30.6,30.75,30.55,30.55,15000,30.96,31.265,31.1882,31.1882,31.1882,-1.2924,-2.5518,,1.7,-2.2868,-2.0464,-3.9308

PRICE_WINDOW_180_ROW_018=20251127,30.8,30.8,30.75,30.75,2000,30.95,31.2221,31.1639,31.1639,31.1639,0.6547,-0.1623,,0.2368,-1.5119,-1.3281,-3.3019

PRICE_WINDOW_180_ROW_019=20251128,30.7,30.7,30.0,30.0,6000,30.72,31.1202,31.1026,31.1026,31.1026,-2.439,-3.6918,,0.7215,-3.5996,-3.5451,-5.6604

PRICE_WINDOW_180_ROW_020=20251201,30.4,30.6,30.3,30.4,24000,30.53,31.0602,31.0675,31.0675,31.0675,1.3333,-3.0303,,2.6374,-2.1255,-2.1485,-4.4025

PRICE_WINDOW_180_ROW_021=20251202,30.75,30.8,30.75,30.8,5000,30.5,31.0385,31.0175,31.0548,31.0548,1.3158,-0.4847,-3.1447,0.5587,-0.7684,-0.7012,-3.1447

PRICE_WINDOW_180_ROW_022=20251203,30.45,31.3,30.45,31.3,14000,30.65,31.0603,31.0125,31.0659,31.0659,1.6234,2.455,-0.3185,1.4973,0.7717,0.927,-1.5723

PRICE_WINDOW_180_ROW_023=20251204,31.2,31.95,31.2,31.95,14000,30.89,31.1344,31.0225,31.1043,31.1043,2.0767,3.9024,0.6299,1.5217,2.6195,2.9898,0.0

PRICE_WINDOW_180_ROW_024=20251205,30.85,31.85,30.85,31.85,5000,31.26,31.1941,31.0525,31.1354,31.1354,-0.313,6.1667,1.92,0.5495,2.1027,2.5682,-0.313

PRICE_WINDOW_180_ROW_025=20251208,31.45,31.75,31.45,31.75,3000,31.53,31.2404,31.0725,31.16,31.16,-0.314,4.4408,1.2759,0.3352,1.6312,2.1804,-0.626

PRICE_WINDOW_180_ROW_026=20251209,31.0,31.6,30.8,31.35,22000,31.64,31.2495,31.095,31.1673,31.1673,-1.2598,1.7857,1.4563,2.5731,0.3215,0.8201,-1.8779

PRICE_WINDOW_180_ROW_027=20251210,31.45,32.15,31.45,32.15,6000,31.81,31.3246,31.1625,31.2037,31.2037,2.5518,2.7157,4.3831,0.6977,2.6351,3.1689,0.0

PRICE_WINDOW_180_ROW_028=20251211,30.7,31.95,30.7,31.95,11000,31.81,31.3767,31.185,31.2304,31.2304,-0.6221,0.0,1.4286,1.3836,1.8272,2.4531,-0.6221

PRICE_WINDOW_180_ROW_029=20251215,30.7,31.4,30.65,31.4,12000,31.72,31.3786,31.195,31.2362,31.2362,-1.7214,-1.4129,0.641,1.4286,0.0681,0.6572,-2.3328

PRICE_WINDOW_180_ROW_030=20251216,30.65,31.0,30.65,31.0,4000,31.57,31.3471,31.19,31.2283,31.2283,-1.2739,-2.3622,-0.3215,0.4762,-1.1072,-0.6092,-3.577

PRICE_WINDOW_180_ROW_031=20251217,31.0,31.75,31.0,31.75,11000,31.65,31.3807,31.2275,31.2452,31.2452,2.4194,1.2759,2.4194,1.236,1.177,1.6732,-1.2442

PRICE_WINDOW_180_ROW_032=20251218,31.0,31.55,31.0,31.55,4000,31.53,31.3948,31.2375,31.2547,31.2547,-0.6299,-1.8663,0.638,0.4494,0.4944,1.0004,-1.8663

PRICE_WINDOW_180_ROW_033=20251219,31.45,31.65,31.45,31.65,9000,31.47,31.416,31.28,31.2667,31.2667,0.317,-0.939,2.7597,0.9836,0.7447,1.1829,-1.5552

PRICE_WINDOW_180_ROW_034=20251222,30.95,31.6,30.85,31.6,9000,31.51,31.4314,31.3025,31.2765,31.2765,-0.158,0.6369,1.4446,0.9524,0.5365,0.9504,-1.7107

PRICE_WINDOW_180_ROW_035=20251223,31.15,31.25,31.15,31.25,2000,31.56,31.4163,31.2975,31.2757,31.2757,-1.1076,0.8065,-0.319,0.2116,-0.5292,-0.1518,-2.7994

PRICE_WINDOW_180_ROW_036=20251226,30.55,30.95,30.45,30.95,5000,31.4,31.3774,31.2975,31.2667,31.2667,-0.96,-2.5197,0.0,0.5464,-1.3621,-1.1103,-3.7325

PRICE_WINDOW_180_ROW_037=20251229,31.25,31.25,30.45,31.2,5000,31.33,31.3626,31.33,31.2649,31.2649,0.8078,-1.1094,2.1277,0.578,-0.5185,-0.4149,-2.9549

PRICE_WINDOW_180_ROW_038=20251230,31.0,31.05,31.0,31.05,4000,31.21,31.3366,31.345,31.2592,31.2592,-0.4808,-1.8957,0.9756,0.4571,-0.9145,-0.9411,-3.4215

PRICE_WINDOW_180_ROW_039=20251231,30.1,31.0,30.1,31.0,21000,31.09,31.3085,31.395,31.2526,31.2526,-0.161,-1.8987,3.3333,2.2105,-0.9854,-1.2582,-3.577

PRICE_WINDOW_180_ROW_040=20260102,31.0,31.0,30.6,30.9,26000,31.02,31.2745,31.42,31.2438,31.2438,-0.3226,-1.12,1.6447,2.7083,-1.1974,-1.655,-3.888

PRICE_WINDOW_180_ROW_041=20260105,30.95,31.15,30.45,30.45,31000,30.92,31.2058,31.4025,31.2244,31.2244,-1.4563,-1.6155,-1.1364,2.844,-2.4219,-3.0332,-5.2877

PRICE_WINDOW_180_ROW_042=20260106,30.6,30.65,30.35,30.35,4000,30.75,31.1345,31.355,31.2036,31.2036,-0.3284,-2.7244,-3.0351,0.3846,-2.5196,-3.2052,-5.5988

PRICE_WINDOW_180_ROW_043=20260107,30.4,30.4,30.35,30.35,6000,30.61,31.0691,31.275,31.1837,31.1837,0.0,-2.2544,-5.0078,0.6,-2.3145,-2.9576,-5.5988

PRICE_WINDOW_180_ROW_044=20260108,30.5,30.5,30.5,30.5,1000,30.51,31.0217,31.2075,31.1682,31.1682,0.4942,-1.6129,-4.2386,0.102,-1.6816,-2.2671,-5.1322

PRICE_WINDOW_180_ROW_045=20260109,30.45,30.45,30.1,30.35,7000,30.4,30.9657,31.1375,31.15,31.15,-0.4918,-1.7799,-4.4094,0.7,-1.9883,-2.5291,-5.5988

PRICE_WINDOW_180_ROW_046=20260112,30.1,31.0,30.1,31.0,8000,30.51,30.9685,31.12,31.1467,31.1467,2.1417,1.8062,-1.1164,0.8602,0.1016,-0.3856,-3.577

PRICE_WINDOW_180_ROW_047=20260114,30.05,31.05,30.05,30.1,14000,30.46,30.8962,31.0175,31.1245,31.1245,-2.9032,-0.8237,-6.3764,1.4433,-2.5769,-2.958,-6.3764

PRICE_WINDOW_180_ROW_048=20260115,30.3,30.4,30.0,30.25,12000,30.44,30.8423,30.9325,31.1062,31.1062,0.4983,-0.3295,-5.3208,1.2308,-1.9205,-2.2064,-5.9098

PRICE_WINDOW_180_ROW_049=20260116,30.05,30.3,30.0,30.0,20000,30.34,30.7721,30.8625,31.0837,31.0837,-0.8264,-1.6393,-4.4586,1.9704,-2.5092,-2.7947,-6.6874

PRICE_WINDOW_180_ROW_050=20260119,30.0,31.0,30.0,30.25,27000,30.32,30.7286,30.825,31.067,31.067,0.8333,-0.3295,-2.4194,2.3894,-1.5576,-1.8654,-5.9098

PRICE_WINDOW_180_ROW_051=20260120,30.25,30.55,30.05,30.55,22000,30.23,30.7137,30.765,31.0569,31.0569,0.9917,-1.4516,-3.7795,1.8565,-0.5331,-0.6988,-4.9767

PRICE_WINDOW_180_ROW_052=20260121,30.55,30.55,30.0,30.45,26000,30.3,30.6918,30.71,31.0452,31.0452,-0.3273,1.1628,-3.4865,2.0077,-0.7877,-0.8466,-5.2877

PRICE_WINDOW_180_ROW_053=20260122,30.3,30.3,29.95,30.3,33000,30.31,30.6591,30.6425,31.0311,31.0311,-0.4926,0.1653,-4.2654,2.3322,-1.1713,-1.1177,-5.7543

PRICE_WINDOW_180_ROW_054=20260123,30.3,30.5,30.05,30.35,11000,30.38,30.6333,30.58,31.0185,31.0185,0.165,1.1667,-3.9557,0.7719,-0.925,-0.7521,-5.5988

PRICE_WINDOW_180_ROW_055=20260126,30.1,30.4,30.05,30.35,15000,30.4,30.6097,30.535,31.0064,31.0064,0.0,0.3306,-2.88,1.0067,-0.8485,-0.6059,-5.5988

PRICE_WINDOW_180_ROW_056=20260127,30.3,30.9,30.3,30.9,11000,30.47,30.6339,30.5325,31.0045,31.0045,1.8122,1.1457,-0.1616,0.7237,0.8686,1.2036,-3.888

PRICE_WINDOW_180_ROW_057=20260128,30.3,30.6,30.3,30.6,12000,30.5,30.6311,30.5025,30.9974,30.9974,-0.9709,0.4926,-1.9231,0.7717,-0.1015,0.3196,-4.8212

PRICE_WINDOW_180_ROW_058=20260129,30.6,30.6,30.15,30.55,11000,30.55,30.6243,30.4775,30.9897,30.9897,-0.1634,0.8251,-1.6103,0.6918,-0.2427,0.2379,-4.9767

PRICE_WINDOW_180_ROW_059=20260130,30.85,30.85,30.15,30.5,10000,30.58,30.614,30.4525,30.9814,30.9814,-0.1637,0.4942,-1.6129,0.6515,-0.3723,0.156,-5.1322

PRICE_WINDOW_180_ROW_060=20260202,30.3,30.5,30.0,30.5,14000,30.61,30.6045,30.4325,30.9733,30.9733,0.0,0.4942,-1.2945,0.9492,-0.3414,0.2218,-5.1322

PRICE_WINDOW_180_ROW_061=20260203,30.1,30.45,29.95,30.4,14000,30.51,30.5874,30.43,30.95,30.9639,-0.3279,-1.6181,-0.1642,1.0072,-0.6128,-0.0986,-5.4432

PRICE_WINDOW_180_ROW_062=20260204,30.35,30.35,30.0,30.2,18000,30.43,30.5552,30.4225,30.93,30.9516,-0.6579,-1.3072,-0.4942,1.2329,-1.1623,-0.7314,-6.0653

PRICE_WINDOW_180_ROW_063=20260205,29.95,30.0,29.8,29.95,20000,30.31,30.5047,30.4025,30.9,30.9357,-0.8278,-1.964,-1.318,1.3072,-1.8185,-1.4884,-6.8429

PRICE_WINDOW_180_ROW_064=20260206,29.8,29.95,29.6,29.85,19000,30.18,30.4502,30.37,30.8767,30.9188,-0.3339,-2.1311,-2.1311,1.1728,-1.971,-1.7122,-7.154

PRICE_WINDOW_180_ROW_065=20260209,29.95,29.95,29.5,29.85,10000,30.05,30.4002,30.345,30.8517,30.9023,0.0,-2.1311,-1.6474,0.6116,-1.8097,-1.6312,-7.154

PRICE_WINDOW_180_ROW_066=20260210,29.4,29.8,29.4,29.65,6000,29.9,30.3376,30.2775,30.8308,30.8833,-0.67,-2.4671,-4.3548,0.3692,-2.2666,-2.0725,-7.776

PRICE_WINDOW_180_ROW_067=20260211,30.4,30.4,29.3,29.75,16000,29.81,30.2887,30.26,30.8133,30.8664,0.3373,-1.4901,-1.1628,0.9786,-1.7784,-1.6854,-7.465

PRICE_WINDOW_180_ROW_068=20260223,29.7,29.7,29.3,29.3,25000,29.68,30.2063,30.2125,30.7767,30.8434,-1.5126,-2.1703,-3.1405,1.4706,-3.0003,-3.0203,-8.8647

PRICE_WINDOW_180_ROW_069=20260224,30.3,30.3,29.25,29.8,10000,29.67,30.1724,30.2025,30.7533,30.8283,1.7065,-0.1675,-0.6667,0.6061,-1.2343,-1.3327,-7.3095

PRICE_WINDOW_180_ROW_070=20260225,29.3,29.75,29.0,29.75,7000,29.65,30.1372,30.1775,30.7308,30.8129,-0.1678,-0.335,-1.6529,0.4516,-1.2849,-1.4166,-7.465

PRICE_WINDOW_180_ROW_071=20260226,30.2,30.2,30.2,30.2,1000,29.76,30.1425,30.16,30.7175,30.8042,1.5126,1.855,-1.1457,0.0692,0.1909,0.1326,-6.0653

PRICE_WINDOW_180_ROW_072=20260302,29.2,29.75,29.0,29.7,6000,29.75,30.1056,30.1225,30.69,30.7889,-1.6556,-0.1681,-2.4631,0.4461,-1.3472,-1.4026,-7.6205

PRICE_WINDOW_180_ROW_073=20260303,29.35,29.65,28.6,29.55,19000,29.8,30.0593,30.085,30.6692,30.7719,-0.5051,0.8532,-2.4752,1.4902,-1.6943,-1.7783,-8.0871

PRICE_WINDOW_180_ROW_074=20260304,29.5,30.25,29.5,30.05,33000,29.85,30.0585,30.07,30.6508,30.7622,1.692,0.8389,-0.9885,2.3827,-0.0283,-0.0665,-6.5319

PRICE_WINDOW_180_ROW_075=20260305,29.9,29.95,29.3,29.95,9000,29.89,30.0495,30.05,30.6275,30.7513,-0.3328,0.6723,-1.318,0.6642,-0.331,-0.3328,-6.8429

PRICE_WINDOW_180_ROW_076=20260306,29.9,30.05,29.9,30.05,5000,29.86,30.0495,30.0075,30.6125,30.7421,0.3339,-0.4967,-2.7508,0.3774,0.0016,0.1416,-6.5319

PRICE_WINDOW_180_ROW_077=20260309,28.75,29.9,28.75,29.35,22000,29.79,29.9912,29.945,30.5925,30.724,-2.3295,-1.1785,-4.085,1.6,-2.138,-1.987,-8.7092

PRICE_WINDOW_180_ROW_078=20260310,29.5,29.65,29.5,29.65,2000,29.81,29.9628,29.9,30.5742,30.7103,1.0221,0.3384,-2.946,0.1504,-1.0439,-0.8361,-7.776

PRICE_WINDOW_180_ROW_079=20260311,29.85,30.7,29.8,30.2,16000,29.84,29.9826,29.885,30.5775,30.7038,1.855,0.4992,-0.9836,1.1765,0.7252,1.054,-6.0653

PRICE_WINDOW_180_ROW_080=20260312,30.2,30.2,30.05,30.05,5000,29.86,29.9882,29.8625,30.5717,30.6956,-0.4967,0.3339,-1.4754,0.3802,0.2062,0.6279,-6.5319

PRICE_WINDOW_180_ROW_081=20260313,30.6,30.6,29.0,29.9,14000,29.83,29.9808,29.8375,30.5567,30.6858,-0.4992,-0.4992,-1.6447,1.0646,-0.2696,0.2095,-6.9984

PRICE_WINDOW_180_ROW_082=20260316,29.4,29.85,29.0,29.6,20000,29.88,29.9491,29.8075,30.5283,30.6726,-1.0033,0.8518,-1.9868,1.5094,-1.1656,-0.6961,-7.9316

PRICE_WINDOW_180_ROW_083=20260317,29.2,29.65,28.05,29.55,27000,29.86,29.9158,29.7875,30.4883,30.659,-0.1689,-0.3373,-1.3356,1.9853,-1.2229,-0.7973,-8.0871

PRICE_WINDOW_180_ROW_084=20260318,29.5,29.5,29.0,29.3,26000,29.68,29.8645,29.76,30.4458,30.6429,-0.846,-2.9801,-1.8425,1.8638,-1.8902,-1.5457,-8.8647

PRICE_WINDOW_180_ROW_085=20260319,29.8,29.8,28.9,28.9,14000,29.45,29.7841,29.7125,30.3983,30.6224,-1.3652,-3.827,-3.1826,0.9894,-2.9685,-2.7345,-10.1089

PRICE_WINDOW_180_ROW_086=20260320,29.0,29.2,28.8,29.1,8000,29.29,29.7271,29.685,30.3608,30.6047,0.692,-2.6756,-1.855,0.5614,-2.1096,-1.9707,-9.4868

PRICE_WINDOW_180_ROW_087=20260323,29.1,29.1,29.05,29.05,5000,29.18,29.6707,29.65,30.3092,30.5868,-0.1718,-1.8581,-2.3529,0.365,-2.092,-2.0236,-9.0767

PRICE_WINDOW_180_ROW_088=20260324,28.95,29.0,28.95,29.0,6000,29.07,29.6148,29.635,30.26,30.5688,-0.1721,-1.8613,-1.0239,0.4706,-2.076,-2.1427,-8.6614

PRICE_WINDOW_180_ROW_089=20260325,29.0,29.0,28.5,28.5,8000,28.91,29.5219,29.57,30.2117,30.5455,-1.7241,-2.7304,-4.3624,0.6324,-3.4615,-3.6185,-10.2362

PRICE_WINDOW_180_ROW_090=20260326,28.5,29.0,28.5,28.9,7000,28.91,29.4701,29.5275,30.1767,30.5272,1.4035,0.0,-2.8571,0.5534,-1.9344,-2.1251,-8.9764

PRICE_WINDOW_180_ROW_091=20260327,29.15,29.15,28.55,29.1,6000,28.91,29.4392,29.4725,30.1325,30.5115,0.692,0.0,-3.6424,0.4651,-1.1523,-1.2639,-8.0569

PRICE_WINDOW_180_ROW_092=20260330,28.2,29.2,28.2,29.2,8000,28.94,29.4193,29.4475,30.0933,30.4973,0.3436,0.5164,-1.6835,0.6154,-0.7454,-0.8405,-7.7409

PRICE_WINDOW_180_ROW_093=20260331,29.05,29.05,29.0,29.0,2000,28.94,29.3844,29.42,30.0492,30.4812,-0.6849,0.0,-1.8613,0.1646,-1.308,-1.4276,-8.2278

PRICE_WINDOW_180_ROW_094=20260401,28.8,28.8,28.75,28.8,11000,29.0,29.3357,29.3575,30.0025,30.4633,-0.6897,1.0526,-4.1597,0.9955,-1.826,-1.899,-7.84

PRICE_WINDOW_180_ROW_095=20260402,28.75,28.8,28.4,28.8,9000,28.98,29.291,29.3,29.9617,30.4458,0.0,-0.346,-3.8397,0.8145,-1.6764,-1.7065,-7.84

PRICE_WINDOW_180_ROW_096=20260407,28.8,29.95,28.8,29.95,3000,29.15,29.3459,29.295,29.945,30.4406,3.9931,2.921,-0.3328,0.274,2.0584,2.2359,-4.16

PRICE_WINDOW_180_ROW_097=20260408,29.5,30.95,29.4,29.65,14000,29.24,29.3713,29.31,29.9192,30.4325,-1.0017,1.5411,1.0221,1.327,0.949,1.16,-4.8154

PRICE_WINDOW_180_ROW_098=20260409,29.5,29.5,29.05,29.05,5000,29.25,29.3445,29.28,29.8858,30.4184,-2.0236,0.1724,-2.0236,0.4673,-1.0036,-0.7855,-6.7416

PRICE_WINDOW_180_ROW_099=20260410,29.0,30.7,28.65,30.7,29000,29.63,29.4575,29.305,29.8808,30.4212,5.6799,6.5972,1.6556,2.5551,4.2181,4.7603,-1.4446

PRICE_WINDOW_180_ROW_100=20260413,30.15,30.15,29.75,29.9,14000,29.85,29.4943,29.2975,29.8642,30.416,-2.6059,3.8194,-0.4992,1.1864,1.3754,2.0565,-4.0128

PRICE_WINDOW_180_ROW_101=20260414,29.9,29.9,29.9,29.9,1000,29.84,29.5281,29.2975,29.855,30.4109,0.0,-0.1669,0.0,0.0897,1.2593,2.0565,-3.7037

PRICE_WINDOW_180_ROW_102=20260415,29.9,32.4,29.9,30.6,13000,30.03,29.6175,29.3475,29.8592,30.4127,2.3411,3.204,3.3784,1.2037,3.3174,4.2678,-5.5556

PRICE_WINDOW_180_ROW_103=20260416,30.0,30.4,30.0,30.4,6000,30.3,29.6827,29.39,29.86,30.4126,-0.6536,4.6472,2.8765,0.6154,2.4166,3.4365,-6.1728

PRICE_WINDOW_180_ROW_104=20260417,30.0,30.4,29.15,30.4,21000,30.24,29.7425,29.445,29.8583,30.4125,0.0,-0.9772,3.7543,2.2105,2.2108,3.2433,-6.1728

PRICE_WINDOW_180_ROW_105=20260420,29.5,31.85,29.3,29.9,31000,30.24,29.7556,29.495,29.8508,30.4076,-1.6447,0.0,3.4602,2.9952,0.4853,1.3731,-7.716

PRICE_WINDOW_180_ROW_106=20260421,29.7,29.7,29.5,29.6,6000,30.18,29.7426,29.52,29.8275,30.4,-1.0033,-1.0033,1.7182,0.5854,-0.4795,0.271,-8.642

PRICE_WINDOW_180_ROW_107=20260422,29.9,29.9,29.5,29.65,6000,29.99,29.7349,29.55,29.82,30.393,0.1689,-3.1046,2.0654,0.5825,-0.2855,0.3384,-8.4877

PRICE_WINDOW_180_ROW_108=20260423,29.15,29.45,29.0,29.45,3000,29.8,29.7112,29.5725,29.8067,30.3843,-0.6745,-3.125,1.5517,0.2956,-0.879,-0.4142,-9.1049

PRICE_WINDOW_180_ROW_109=20260424,30.5,30.5,29.5,29.5,3000,29.62,29.6936,29.6225,29.7983,30.3761,0.1698,-2.9605,3.5088,0.303,-0.6519,-0.4135,-8.9506

PRICE_WINDOW_180_ROW_110=20260427,29.5,29.55,29.05,29.55,4000,29.55,29.6816,29.655,29.7867,30.3686,0.1695,-1.1706,2.2491,0.4103,-0.4434,-0.3541,-8.7963

PRICE_WINDOW_180_ROW_111=20260428,29.0,29.8,28.8,29.0,18000,29.43,29.6248,29.65,29.7608,30.3563,-1.8613,-2.027,-0.3436,1.7391,-2.109,-2.1922,-10.4938

PRICE_WINDOW_180_ROW_112=20260429,28.8,29.2,28.4,29.1,30000,29.32,29.5811,29.645,29.7383,30.3451,0.3448,-1.855,-0.3425,2.6201,-1.6263,-1.8384,-10.1852

PRICE_WINDOW_180_ROW_113=20260430,31.0,31.0,31.0,31.0,2000,29.63,29.6993,29.745,29.75,30.3509,6.5292,5.2632,6.8966,0.1747,4.3795,4.2192,-4.321

PRICE_WINDOW_180_ROW_114=20260504,29.15,29.15,29.1,29.1,7000,29.55,29.6494,29.76,29.7292,30.3399,-6.129,-1.3559,1.0417,0.6222,-1.8529,-2.2177,-10.1852

PRICE_WINDOW_180_ROW_115=20260505,29.0,29.75,28.9,29.75,6000,29.59,29.6578,29.8075,29.7192,30.3348,2.2337,0.6768,3.2986,0.5405,0.311,-0.1929,-8.179

PRICE_WINDOW_180_ROW_116=20260506,30.0,30.0,29.05,29.2,15000,29.63,29.6196,29.77,29.6908,30.325,-1.8487,0.6897,-2.5042,1.2821,-1.4167,-1.9147,-9.8765

PRICE_WINDOW_180_ROW_117=20260507,29.2,29.8,29.2,29.5,14000,29.71,29.6096,29.7625,29.6725,30.3179,1.0274,1.3746,-0.5059,1.1966,-0.3703,-0.882,-8.9506

PRICE_WINDOW_180_ROW_118=20260508,29.45,29.6,29.2,29.5,24000,29.41,29.6005,29.785,29.655,30.311,0.0,-4.8387,1.5491,1.8972,-0.3395,-0.9569,-8.9506

PRICE_WINDOW_180_ROW_119=20260511,29.45,31.0,29.45,30.45,13000,29.68,29.6713,29.7725,29.6542,30.3122,3.2203,4.6392,-0.8143,1.097,2.6244,2.2756,-6.0185

PRICE_WINDOW_180_ROW_120=20260512,29.8,30.4,29.8,30.0,7000,29.73,29.6987,29.7775,29.6458,30.3096,-1.4778,0.8403,0.3344,0.6087,1.0146,0.7472,-7.4074

PRICE_WINDOW_180_ROW_121=20260513,29.9,29.9,29.9,29.9,1000,29.87,29.7155,29.7775,29.6375,30.2938,-0.3333,2.3973,0.0,0.087,0.621,0.4114,-7.716

PRICE_WINDOW_180_ROW_122=20260514,29.0,30.5,29.0,30.5,20000,30.07,29.7808,29.7725,29.6425,30.2862,2.0067,3.3898,-0.3268,1.6878,2.4148,2.4435,-5.8642

PRICE_WINDOW_180_ROW_123=20260515,29.85,29.85,29.5,29.5,5000,30.07,29.7574,29.7275,29.635,30.2675,-3.2787,0.0,-2.9605,0.4237,-0.8651,-0.7653,-8.9506

PRICE_WINDOW_180_ROW_124=20260518,30.0,30.0,30.0,30.0,1000,29.98,29.7777,29.7075,29.6375,30.2571,1.6949,-1.4778,-1.3158,0.0926,0.7467,0.9846,-7.4074

PRICE_WINDOW_180_ROW_125=20260519,29.4,29.4,29.4,29.4,1000,29.86,29.7462,29.6825,29.63,30.2408,-2.0,-2.0,-1.6722,0.1075,-1.1638,-0.9517,-9.2593

PRICE_WINDOW_180_ROW_126=20260520,29.4,29.4,29.0,29.0,4000,29.68,29.684,29.6525,29.6192,30.225,-1.3605,-3.01,-2.027,0.4348,-2.3043,-2.2005,-10.4938

PRICE_WINDOW_180_ROW_127=20260521,29.0,29.0,29.0,29.0,4000,29.38,29.627,29.62,29.6067,30.21,0.0,-4.918,-2.1922,0.4396,-2.1163,-2.0932,-10.4938

PRICE_WINDOW_180_ROW_128=20260522,28.6,29.1,28.6,29.1,29000,29.3,29.5831,29.6025,29.6033,30.19,0.3448,-1.3559,-1.1885,2.7885,-1.633,-1.6975,-10.1852

PRICE_WINDOW_180_ROW_129=20260525,29.1,29.1,28.75,28.75,29000,29.05,29.5137,29.565,29.5858,30.1696,-1.2027,-4.1667,-2.5424,2.4786,-2.5875,-2.7566,-11.2654

PRICE_WINDOW_180_ROW_130=20260526,29.2,29.2,28.5,28.8,29000,28.93,29.4542,29.5275,29.57,30.1504,0.1739,-2.0408,-2.5381,2.2394,-2.221,-2.4638,-11.1111

PRICE_WINDOW_180_ROW_131=20260527,29.8,29.8,28.0,29.25,29000,28.98,29.4372,29.54,29.5542,30.1358,1.5625,0.8621,0.8621,2.1481,-0.6358,-0.9817,-9.7222

PRICE_WINDOW_180_ROW_132=20260528,28.55,28.55,28.5,28.55,29000,28.89,29.3632,29.5125,29.535,30.1125,-2.3932,-1.5517,-1.89,2.1561,-2.7696,-3.2613,-11.8827
