# PRICE_WINDOW_180

columns=date,open,high,low,close,volume,ma5,ema23,ma20,ma60,ma120,return_1d,return_5d,return_20d,volume_ratio,distance_to_ema23_pct,distance_to_ma20_pct,distance_to_high_60_pct

PRICE_WINDOW_180_ROW_001=20250829,44.35,44.7,44.05,44.3,142122.0,44.3,44.3,44.3,44.3,44.3,0.0,0.0,0.0,1.0,0.0,0.0,-0.8949

PRICE_WINDOW_180_ROW_002=20250901,44.35,44.7,44.05,44.3,142122.0,44.3,44.3,44.3,44.3,44.3,0.0,0.0,0.0,1.0,0.0,0.0,-0.8949

PRICE_WINDOW_180_ROW_003=20250902,44.35,44.7,44.05,44.3,142122.0,44.3,44.3,44.3,44.3,44.3,0.0,0.0,0.0,1.0,0.0,0.0,-0.8949

PRICE_WINDOW_180_ROW_004=20250903,44.35,44.7,44.05,44.3,142122.0,44.3,44.3,44.3,44.3,44.3,0.0,0.0,0.0,1.0,0.0,0.0,-0.8949

PRICE_WINDOW_180_ROW_005=20250904,44.35,44.7,44.05,44.3,142122.0,44.3,44.3,44.3,44.3,44.3,0.0,0.0,0.0,1.0,0.0,0.0,-0.8949

PRICE_WINDOW_180_ROW_006=20250905,44.35,44.7,44.05,44.3,142122.0,44.3,44.3,44.3,44.3,44.3,0.0,0.0,0.0,1.0,0.0,0.0,-0.8949

PRICE_WINDOW_180_ROW_007=20250909,44.35,44.7,44.05,44.3,142122.0,44.3,44.3,44.3,44.3,44.3,0.0,0.0,0.0,1.0,0.0,0.0,-0.8949

PRICE_WINDOW_180_ROW_008=20250910,44.35,44.7,44.05,44.3,142122.0,44.3,44.3,44.3,44.3,44.3,0.0,0.0,0.0,1.0,0.0,0.0,-0.8949

PRICE_WINDOW_180_ROW_009=20250911,44.35,44.7,44.05,44.3,142122.0,44.3,44.3,44.3,44.3,44.3,0.0,0.0,0.0,1.0,0.0,0.0,-0.8949

PRICE_WINDOW_180_ROW_010=20250917,44.35,44.7,44.05,44.3,142122.0,44.3,44.3,44.3,44.3,44.3,0.0,0.0,0.0,1.0,0.0,0.0,-0.8949

PRICE_WINDOW_180_ROW_011=20250918,44.35,44.7,44.05,44.3,142122.0,44.3,44.3,44.3,44.3,44.3,0.0,0.0,0.0,1.0,0.0,0.0,-0.8949

PRICE_WINDOW_180_ROW_012=20250919,44.35,44.7,44.05,44.3,142122.0,44.3,44.3,44.3,44.3,44.3,0.0,0.0,0.0,1.0,0.0,0.0,-0.8949

PRICE_WINDOW_180_ROW_013=20250922,44.35,44.7,44.05,44.3,142122.0,44.3,44.3,44.3,44.3,44.3,0.0,0.0,0.0,1.0,0.0,0.0,-0.8949

PRICE_WINDOW_180_ROW_014=20250923,44.35,44.7,44.05,44.3,142122.0,44.3,44.3,44.3,44.3,44.3,0.0,0.0,0.0,1.0,0.0,0.0,-0.8949

PRICE_WINDOW_180_ROW_015=20250924,44.35,44.7,44.05,44.3,142122.0,44.3,44.3,44.3,44.3,44.3,0.0,0.0,0.0,1.0,0.0,0.0,-0.8949

PRICE_WINDOW_180_ROW_016=20250925,44.35,44.7,44.05,44.3,142122.0,44.3,44.3,44.3,44.3,44.3,0.0,0.0,0.0,1.0,0.0,0.0,-0.8949

PRICE_WINDOW_180_ROW_017=20250926,44.35,44.7,44.05,44.3,142122.0,44.3,44.3,44.3,44.3,44.3,0.0,0.0,0.0,1.0,0.0,0.0,-0.8949

PRICE_WINDOW_180_ROW_018=20250930,44.35,44.7,44.05,44.3,142122.0,44.3,44.3,44.3,44.3,44.3,0.0,0.0,0.0,1.0,0.0,0.0,-0.8949

PRICE_WINDOW_180_ROW_019=20251001,44.35,44.7,44.05,44.3,142122.0,44.3,44.3,44.3,44.3,44.3,0.0,0.0,0.0,1.0,0.0,0.0,-0.8949

PRICE_WINDOW_180_ROW_020=20251002,44.35,44.7,44.05,44.3,142122.0,44.3,44.3,44.3,44.3,44.3,0.0,0.0,0.0,1.0,0.0,0.0,-0.8949

PRICE_WINDOW_180_ROW_021=20251003,44.35,44.7,44.05,44.3,142122.0,44.3,44.3,44.3,44.3,44.3,0.0,0.0,0.0,1.0,0.0,0.0,-0.8949

PRICE_WINDOW_180_ROW_022=20251007,44.35,44.7,44.05,44.3,142122.0,44.3,44.3,44.3,44.3,44.3,0.0,0.0,0.0,1.0,0.0,0.0,-0.8949

PRICE_WINDOW_180_ROW_023=20251008,44.35,44.7,44.05,44.3,142122.0,44.3,44.3,44.3,44.3,44.3,0.0,0.0,0.0,1.0,0.0,0.0,-0.8949

PRICE_WINDOW_180_ROW_024=20251009,44.35,44.7,44.05,44.3,142122.0,44.3,44.3,44.3,44.3,44.3,0.0,0.0,0.0,1.0,0.0,0.0,-0.8949

PRICE_WINDOW_180_ROW_025=20251013,44.35,44.7,44.05,44.3,142122.0,44.3,44.3,44.3,44.3,44.3,0.0,0.0,0.0,1.0,0.0,0.0,-0.8949

PRICE_WINDOW_180_ROW_026=20251014,44.35,44.7,44.05,44.3,142122.0,44.3,44.3,44.3,44.3,44.3,0.0,0.0,0.0,1.0,0.0,0.0,-0.8949

PRICE_WINDOW_180_ROW_027=20251016,44.35,44.7,44.05,44.3,142122.0,44.3,44.3,44.3,44.3,44.3,0.0,0.0,0.0,1.0,0.0,0.0,-0.8949

PRICE_WINDOW_180_ROW_028=20251020,44.35,44.7,44.05,44.3,142122.0,44.3,44.3,44.3,44.3,44.3,0.0,0.0,0.0,1.0,0.0,0.0,-0.8949

PRICE_WINDOW_180_ROW_029=20251021,44.35,44.7,44.05,44.3,142122.0,44.3,44.3,44.3,44.3,44.3,0.0,0.0,0.0,1.0,0.0,0.0,-0.8949

PRICE_WINDOW_180_ROW_030=20251022,44.35,44.7,44.05,44.3,142122.0,44.3,44.3,44.3,44.3,44.3,0.0,0.0,0.0,1.0,0.0,0.0,-0.8949

PRICE_WINDOW_180_ROW_031=20251023,44.35,44.7,44.05,44.3,142122.0,44.3,44.3,44.3,44.3,44.3,0.0,0.0,0.0,1.0,0.0,0.0,-0.8949

PRICE_WINDOW_180_ROW_032=20251027,44.35,44.7,44.05,44.3,142122.0,44.3,44.3,44.3,44.3,44.3,0.0,0.0,0.0,1.0,0.0,0.0,-0.8949

PRICE_WINDOW_180_ROW_033=20251028,44.35,44.7,44.05,44.3,142122.0,44.3,44.3,44.3,44.3,44.3,0.0,0.0,0.0,1.0,0.0,0.0,-0.8949

PRICE_WINDOW_180_ROW_034=20251029,44.35,44.7,44.05,44.3,142122.0,44.3,44.3,44.3,44.3,44.3,0.0,0.0,0.0,1.0,0.0,0.0,-0.8949

PRICE_WINDOW_180_ROW_035=20251030,44.35,44.7,44.05,44.3,142122.0,44.3,44.3,44.3,44.3,44.3,0.0,0.0,0.0,1.0,0.0,0.0,-0.8949

PRICE_WINDOW_180_ROW_036=20251031,44.35,44.7,44.05,44.3,142122.0,44.3,44.3,44.3,44.3,44.3,0.0,0.0,0.0,1.0,0.0,0.0,-0.8949

PRICE_WINDOW_180_ROW_037=20251103,59.5,59.5,58.0,58.0,286000.0,47.04,45.4417,44.985,44.5283,44.4142,30.9255,30.9255,30.9255,1.9154,27.6362,28.9319,-2.521

PRICE_WINDOW_180_ROW_038=20251104,58.8,58.8,56.6,56.6,268000.0,49.5,46.3715,45.6,44.7333,44.5167,-2.4138,27.7652,27.7652,1.7223,22.0577,24.1228,-4.8739

PRICE_WINDOW_180_ROW_039=20251105,55.2,56.2,54.6,56.0,261000.0,51.84,47.1739,46.185,44.9283,44.6142,-1.0601,26.4108,26.4108,1.6156,18.7097,21.2515,-5.8824

PRICE_WINDOW_180_ROW_040=20251106,56.6,58.5,56.6,57.4,265000.0,54.46,48.0261,46.84,45.1467,44.7233,2.5,29.5711,29.5711,1.5802,19.5184,22.5448,-3.5294

PRICE_WINDOW_180_ROW_041=20251107,57.0,60.6,56.3,56.8,1203000.0,56.96,48.7572,47.465,45.355,44.8275,-1.0453,28.2167,28.2167,5.4498,16.4955,19.6671,-6.2706

PRICE_WINDOW_180_ROW_042=20251110,58.0,60.0,56.5,58.2,843000.0,57.0,49.5441,48.16,45.5867,44.9433,2.4648,0.3448,31.377,3.2957,17.471,20.8472,-3.9604

PRICE_WINDOW_180_ROW_043=20251111,57.6,58.3,56.7,57.0,335000.0,57.08,50.1655,48.795,45.7983,45.0492,-2.0619,0.7067,28.6682,1.2621,13.624,16.8152,-5.9406

PRICE_WINDOW_180_ROW_044=20251112,57.9,58.1,56.9,57.0,253000.0,57.28,50.735,49.43,46.01,45.155,0.0,1.7857,28.6682,0.9337,12.3485,15.3146,-5.9406

PRICE_WINDOW_180_ROW_045=20251113,57.2,57.8,56.5,56.5,205000.0,57.1,51.2154,50.04,46.2133,45.2567,-0.8772,-1.5679,27.5395,0.7479,10.3183,12.9097,-6.7657

PRICE_WINDOW_180_ROW_046=20251114,55.4,56.6,55.2,55.2,240000.0,56.78,51.5475,50.585,46.395,45.3475,-2.3009,-2.8169,24.605,0.8602,7.0858,9.1233,-8.9109

PRICE_WINDOW_180_ROW_047=20251117,55.3,56.2,54.3,54.3,218000.0,56.0,51.7768,51.085,46.5617,45.4308,-1.6304,-6.701,22.5734,0.7708,4.8731,6.2934,-10.396

PRICE_WINDOW_180_ROW_048=20251118,54.0,54.0,52.0,52.7,233000.0,55.14,51.8538,51.505,46.7017,45.5008,-2.9466,-7.5439,18.9616,0.8109,1.6319,2.3202,-13.0363

PRICE_WINDOW_180_ROW_049=20251119,52.5,53.2,50.9,51.2,164000.0,53.98,51.7993,51.85,46.8167,45.5583,-2.8463,-10.1754,15.5756,0.5686,-1.157,-1.2536,-15.5116

PRICE_WINDOW_180_ROW_050=20251120,52.7,53.3,51.7,52.1,150000.0,53.1,51.8244,52.24,46.9467,45.6233,1.7578,-7.7876,17.6072,0.5193,0.5319,-0.268,-14.0264

PRICE_WINDOW_180_ROW_051=20251121,50.5,51.4,50.0,50.5,236000.0,52.16,51.714,52.55,47.05,45.675,-3.071,-8.5145,13.9955,0.804,-2.3475,-3.901,-16.6667

PRICE_WINDOW_180_ROW_052=20251124,50.6,51.2,50.2,50.2,96000.0,51.34,51.5878,52.845,47.1483,45.7242,-0.5941,-7.5506,13.3183,0.3296,-2.6902,-5.0052,-17.1617

PRICE_WINDOW_180_ROW_053=20251125,51.1,51.5,50.4,51.2,157000.0,51.04,51.5555,53.19,47.2633,45.7817,1.992,-2.8463,15.5756,0.5377,-0.6896,-3.7413,-15.5116

PRICE_WINDOW_180_ROW_054=20251126,51.3,54.5,51.3,52.8,303000.0,51.36,51.6592,53.615,47.405,45.8525,3.125,3.125,19.1874,1.01,2.2083,-1.5201,-12.8713

PRICE_WINDOW_180_ROW_055=20251127,53.6,53.6,52.5,52.5,127000.0,51.44,51.7293,54.025,47.5417,45.9208,-0.5682,0.7678,18.5102,0.4244,1.4899,-2.8228,-13.3663

PRICE_WINDOW_180_ROW_056=20251128,52.2,55.3,52.2,53.6,650000.0,52.06,51.8852,54.49,47.6967,45.9983,2.0952,6.1386,20.9932,2.0022,3.305,-1.6333,-11.5512

PRICE_WINDOW_180_ROW_057=20251201,53.7,54.2,52.9,53.4,165000.0,52.7,52.0114,54.26,47.8483,46.0742,-0.3731,6.3745,-7.931,0.5179,2.6698,-1.585,-11.8812

PRICE_WINDOW_180_ROW_058=20251202,54.0,54.5,53.0,53.0,128000.0,53.06,52.0938,54.08,47.9933,46.1467,-0.7491,3.5156,-6.3604,0.4108,1.7396,-1.997,-12.5413

PRICE_WINDOW_180_ROW_059=20251203,53.5,55.5,53.5,53.7,282000.0,53.24,52.2276,53.965,48.15,46.225,1.3208,1.7045,-4.1071,0.902,2.8191,-0.4911,-11.3861

PRICE_WINDOW_180_ROW_060=20251204,54.1,56.3,53.8,54.6,686000.0,53.66,52.4253,53.825,48.3217,46.3108,1.676,4.0,-4.878,2.0557,4.1481,1.4399,-9.901

PRICE_WINDOW_180_ROW_061=20251205,54.7,54.7,53.4,53.4,197000.0,53.62,52.5066,53.655,48.4733,46.3867,-2.1978,-0.3731,-5.9859,0.6951,1.7016,-0.4753,-11.8812

PRICE_WINDOW_180_ROW_062=20251208,53.7,53.9,52.9,53.1,144000.0,53.56,52.556,53.4,48.62,46.46,-0.5618,-0.5618,-8.7629,0.5796,1.0351,-0.5618,-12.3762

PRICE_WINDOW_180_ROW_063=20251209,52.9,53.3,52.6,53.1,113000.0,53.58,52.6013,53.205,48.7667,46.5333,0.0,0.1887,-6.8421,0.4761,0.948,-0.1973,-12.3762

PRICE_WINDOW_180_ROW_064=20251210,53.8,53.8,52.0,52.0,198000.0,53.24,52.5512,52.955,48.895,46.5975,-2.0716,-3.1657,-8.7719,0.844,-1.0489,-1.8034,-14.1914

PRICE_WINDOW_180_ROW_065=20251211,51.5,54.0,51.5,51.8,359000.0,52.68,52.4886,52.72,49.02,46.66,-0.3846,-5.1282,-8.3186,1.4816,-1.312,-1.7451,-14.5215

PRICE_WINDOW_180_ROW_066=20251212,51.9,53.2,51.8,52.0,103000.0,52.4,52.4479,52.56,49.1483,46.7242,0.3861,-2.6217,-5.7971,0.4375,-0.854,-1.0654,-14.1914

PRICE_WINDOW_180_ROW_067=20251215,51.9,52.4,51.1,51.8,95000.0,52.14,52.3939,52.435,49.2733,46.7867,-0.3846,-2.4482,-4.6041,0.4143,-1.1336,-1.211,-14.5215

PRICE_WINDOW_180_ROW_068=20251216,52.0,52.2,50.5,51.5,127000.0,51.82,52.3194,52.375,49.3933,46.8467,-0.5792,-3.0132,-2.277,0.567,-1.5662,-1.6706,-15.0165

PRICE_WINDOW_180_ROW_069=20251217,51.5,53.1,51.5,51.7,139000.0,51.76,52.2678,52.4,49.5167,46.9083,0.3883,-0.5769,0.9766,0.624,-1.0863,-1.3359,-14.6865

PRICE_WINDOW_180_ROW_070=20251218,52.0,52.5,50.8,51.1,122000.0,51.62,52.1705,52.35,49.63,46.965,-1.1605,-1.3514,-1.9194,0.5512,-2.0519,-2.3878,-15.6766

PRICE_WINDOW_180_ROW_071=20251219,51.8,52.5,51.4,51.8,149000.0,51.58,52.1396,52.415,49.755,47.0275,1.3699,-0.3846,2.5743,0.6866,-0.6514,-1.1733,-14.5215

PRICE_WINDOW_180_ROW_072=20251222,52.5,53.5,52.1,53.1,235000.0,51.84,52.2196,52.56,49.9017,47.1008,2.5097,2.5097,5.7769,1.0493,1.6859,1.0274,-12.3762

PRICE_WINDOW_180_ROW_073=20251223,54.5,55.2,52.5,52.5,536000.0,52.04,52.243,52.625,50.0383,47.1692,-1.1299,1.9417,2.5391,2.2067,0.4919,-0.2375,-13.3663

PRICE_WINDOW_180_ROW_074=20251224,53.5,53.5,51.7,52.0,145000.0,52.1,52.2228,52.585,50.1667,47.2333,-0.9524,0.5803,-1.5152,0.617,-0.4266,-1.1125,-14.1914

PRICE_WINDOW_180_ROW_075=20251226,52.0,52.7,51.5,51.7,201000.0,52.22,52.1792,52.545,50.29,47.295,-0.5769,1.1742,-1.5238,0.8421,-0.9184,-1.6081,-14.6865

PRICE_WINDOW_180_ROW_076=20251229,51.7,51.8,51.0,51.1,146000.0,52.08,52.0893,52.42,50.4033,47.3517,-1.1605,-1.3514,-4.6642,0.6838,-1.8992,-2.5181,-15.6766

PRICE_WINDOW_180_ROW_077=20251230,51.4,51.4,50.7,51.2,108000.0,51.7,52.0152,52.31,50.5183,47.4092,0.1957,-3.5782,-4.1199,0.5127,-1.5672,-2.122,-15.5116

PRICE_WINDOW_180_ROW_078=20251231,51.5,52.5,51.0,51.1,192000.0,51.42,51.9389,52.215,50.6317,47.4658,-0.1953,-2.6667,-3.5849,0.8978,-1.6152,-2.1354,-15.6766

PRICE_WINDOW_180_ROW_079=20260102,51.0,51.9,51.0,51.2,118000.0,51.26,51.8773,52.09,50.7467,47.5233,0.1957,-1.5385,-4.6555,0.5738,-1.3056,-1.7086,-15.5116

PRICE_WINDOW_180_ROW_080=20260105,51.3,51.3,48.05,48.25,712000.0,50.57,51.575,51.7725,50.8125,47.5562,-5.7617,-6.6731,-11.63,3.4404,-6.447,-6.8038,-20.3795

PRICE_WINDOW_180_ROW_081=20260106,48.5,48.8,47.9,48.15,195000.0,49.98,51.2896,51.51,50.8767,47.5883,-0.2073,-5.773,-9.8315,0.9427,-6.1214,-6.523,-20.5446

PRICE_WINDOW_180_ROW_082=20260107,48.6,49.75,48.6,48.65,208000.0,49.47,51.0697,51.2875,50.9492,47.6246,1.0384,-4.9805,-8.3804,0.9902,-4.7379,-5.1426,-19.7195

PRICE_WINDOW_180_ROW_083=20260108,49.0,49.5,48.5,48.55,129000.0,48.96,50.8597,51.06,51.02,47.66,-0.2055,-4.9902,-8.5687,0.6118,-4.5413,-4.9158,-19.8845

PRICE_WINDOW_180_ROW_084=20260109,48.6,49.4,47.35,48.25,197000.0,48.37,50.6422,50.8725,51.0858,47.6929,-0.6179,-5.7617,-7.2115,0.9345,-4.7237,-5.155,-20.3795

PRICE_WINDOW_180_ROW_085=20260112,49.0,50.8,48.85,50.2,320000.0,48.76,50.6054,50.7925,51.1842,47.7421,4.0415,4.0415,-3.0888,1.5322,-0.801,-1.1665,-17.1617

PRICE_WINDOW_180_ROW_086=20260113,50.1,50.8,48.8,49.05,278000.0,48.94,50.4757,50.645,51.2633,47.7817,-2.2908,1.8692,-5.6731,1.2776,-2.8246,-3.1494,-19.0594

PRICE_WINDOW_180_ROW_087=20260114,49.6,50.7,49.4,50.2,221000.0,49.25,50.4528,50.565,51.3617,47.8308,2.3445,3.186,-3.0888,0.987,-0.501,-0.7218,-17.1617

PRICE_WINDOW_180_ROW_088=20260115,50.3,50.4,49.4,49.45,119000.0,49.43,50.3692,50.4625,51.4475,47.8738,-1.494,1.8538,-3.9806,0.5324,-1.8249,-2.0064,-18.3993

PRICE_WINDOW_180_ROW_089=20260116,50.0,50.1,49.1,49.3,119000.0,49.64,50.2801,50.3425,51.5308,47.9154,-0.3033,2.1762,-4.6422,0.5348,-1.9493,-2.0708,-18.6469

PRICE_WINDOW_180_ROW_090=20260119,49.2,50.9,49.0,50.1,296000.0,49.62,50.2651,50.2925,51.6275,47.9638,1.6227,-0.1992,-1.9569,1.2803,-0.3284,-0.3828,-17.3267

PRICE_WINDOW_180_ROW_091=20260120,50.1,50.7,49.8,49.8,102000.0,49.77,50.2263,50.1925,51.7192,48.0096,-0.5988,1.5291,-3.861,0.4457,-0.8488,-0.782,-17.8218

PRICE_WINDOW_180_ROW_092=20260121,49.5,50.0,49.1,49.2,129000.0,49.57,50.1408,49.9975,51.8008,48.0504,-1.2048,-1.992,-7.3446,0.5771,-1.8763,-1.5951,-18.8119

PRICE_WINDOW_180_ROW_093=20260122,49.4,49.55,48.3,48.4,263000.0,49.36,49.9957,49.7925,51.8692,48.0846,-1.626,-2.1234,-7.8095,1.253,-3.1918,-2.7966,-20.132

PRICE_WINDOW_180_ROW_094=20260123,48.4,50.5,48.4,49.7,224000.0,49.44,49.9711,49.6775,51.9592,48.1296,2.686,0.8114,-4.4231,1.0475,-0.5425,0.0453,-17.9868

PRICE_WINDOW_180_ROW_095=20260126,50.7,52.0,50.4,50.8,196000.0,49.58,50.0402,49.6325,52.0675,48.1837,2.2133,1.3972,-1.7408,0.9176,1.5184,2.3523,-16.1716

PRICE_WINDOW_180_ROW_096=20260127,50.6,51.3,50.0,50.4,141000.0,49.7,50.0702,49.5975,52.1692,48.2346,-0.7874,1.2048,-1.3699,0.6609,0.6588,1.618,-16.8317

PRICE_WINDOW_180_ROW_097=20260128,51.4,51.4,50.4,51.1,165000.0,50.08,50.156,49.5925,52.0542,48.2912,1.3889,3.8618,-0.1953,0.7632,1.8822,3.0398,-15.6766

PRICE_WINDOW_180_ROW_098=20260129,50.9,50.9,49.6,50.0,208000.0,50.4,50.143,49.5375,51.9442,48.3388,-2.1526,3.3058,-2.1526,0.9585,-0.2851,0.9336,-17.4917

PRICE_WINDOW_180_ROW_099=20260130,50.0,51.6,49.6,49.85,363000.0,50.43,50.1186,49.47,51.8417,48.385,-0.3,0.3018,-2.6367,1.5834,-0.5359,0.7681,-17.7393

PRICE_WINDOW_180_ROW_100=20260202,48.6,48.65,47.5,47.8,201000.0,49.83,49.9254,49.4475,51.6817,48.4142,-4.1123,-5.9055,-0.9326,0.9867,-4.2571,-3.3318,-21.1221

PRICE_WINDOW_180_ROW_101=20260203,48.5,48.95,47.25,47.5,94000.0,49.25,49.7232,49.415,51.5267,48.4408,-0.6276,-5.754,-1.3499,0.4732,-4.4712,-3.8753,-20.8333

PRICE_WINDOW_180_ROW_102=20260204,47.5,49.05,47.3,48.5,145000.0,48.73,49.6213,49.4075,51.365,48.4758,2.1053,-5.0881,-0.3083,0.7417,-2.2597,-1.8368,-16.8096

PRICE_WINDOW_180_ROW_103=20260205,48.5,50.6,48.5,49.05,135000.0,48.54,49.5737,49.4325,51.2325,48.5154,1.134,-1.9,1.0299,0.6895,-1.0564,-0.7738,-15.5766

PRICE_WINDOW_180_ROW_104=20260206,50.6,50.6,45.8,47.3,284000.0,48.03,49.3842,49.385,51.0708,48.5404,-3.5678,-5.1153,-1.9689,1.4189,-4.2204,-4.2219,-18.1661

PRICE_WINDOW_180_ROW_105=20260209,49.7,49.9,47.75,47.75,210000.0,48.02,49.248,49.2625,50.925,48.5692,0.9514,-0.1046,-4.8805,1.0789,-3.0418,-3.0703,-15.636

PRICE_WINDOW_180_ROW_106=20260210,48.6,49.8,48.0,48.05,83000.0,48.13,49.1482,49.2125,50.8058,48.6004,0.6283,1.1579,-2.0387,0.4489,-2.2345,-2.3622,-14.6536

PRICE_WINDOW_180_ROW_107=20260211,48.15,48.15,45.8,45.8,169000.0,47.59,48.8692,48.9925,50.6642,48.6129,-4.6826,-5.567,-8.7649,0.927,-6.2804,-6.5163,-18.6501

PRICE_WINDOW_180_ROW_108=20260223,46.3,47.65,46.0,47.65,155000.0,47.31,48.7676,48.9025,50.58,48.6408,4.0393,-2.8542,-3.64,0.8419,-2.2917,-2.5612,-15.3641

PRICE_WINDOW_180_ROW_109=20260224,46.55,48.5,46.5,47.4,91000.0,47.33,48.6536,48.8075,50.5167,48.6667,-0.5247,0.2114,-3.854,0.4981,-2.5766,-2.8838,-15.8082

PRICE_WINDOW_180_ROW_110=20260225,48.5,48.5,47.15,47.4,148000.0,47.26,48.5491,48.6725,50.4383,48.6925,0.0,-0.733,-5.3892,0.8443,-2.367,-2.6144,-15.8082

PRICE_WINDOW_180_ROW_111=20260226,48.0,49.55,48.0,48.1,307000.0,47.27,48.5117,48.5875,50.3983,48.7242,1.4768,0.1041,-3.4137,1.6545,-0.8487,-1.0033,-14.5648

PRICE_WINDOW_180_ROW_112=20260302,47.95,48.55,47.35,48.15,130000.0,47.74,48.4816,48.535,50.3642,48.7562,0.104,5.131,-2.1341,0.7004,-0.6839,-0.7932,-14.476

PRICE_WINDOW_180_ROW_113=20260303,48.6,49.85,47.6,47.6,152000.0,47.73,48.4081,48.495,50.3042,48.7838,-1.1423,-0.1049,-1.6529,0.8442,-1.6694,-1.8456,-15.4529

PRICE_WINDOW_180_ROW_114=20260304,46.35,46.35,44.15,44.15,350000.0,47.08,48.0533,48.2175,50.16,48.7825,-7.2479,-6.8565,-11.167,1.8782,-8.1228,-8.4357,-21.5808

PRICE_WINDOW_180_ROW_115=20260305,45.1,46.3,44.65,45.45,94000.0,46.69,47.8363,47.95,50.0425,48.7921,2.9445,-4.1139,-10.5315,0.5186,-4.9885,-5.2138,-19.2718

PRICE_WINDOW_180_ROW_116=20260306,45.45,46.1,45.15,45.9,106000.0,46.25,47.675,47.725,49.9142,48.8054,0.9901,-4.5738,-8.9286,0.5905,-3.7231,-3.824,-18.4725

PRICE_WINDOW_180_ROW_117=20260309,42.0,43.05,42.0,42.7,161000.0,45.16,47.2604,47.305,49.7358,48.7921,-6.9717,-11.3188,-16.4384,0.8979,-9.6495,-9.7347,-24.1563

PRICE_WINDOW_180_ROW_118=20260310,44.4,44.7,43.5,43.5,134000.0,44.34,46.947,46.98,49.5775,48.7854,1.8735,-8.6134,-13.0,0.7631,-7.3424,-7.4074,-22.7353

PRICE_WINDOW_180_ROW_119=20260311,44.65,45.85,44.5,45.65,90000.0,44.64,46.8389,46.77,49.4433,48.7967,4.9425,3.3975,-8.4253,0.5557,-2.5384,-2.3947,-18.9165

PRICE_WINDOW_180_ROW_120=20260312,46.95,46.95,45.05,45.05,136000.0,44.56,46.6899,46.6325,49.2842,48.8029,-1.3143,-0.8801,-5.7531,0.857,-3.5122,-3.3936,-18.3877

PRICE_WINDOW_180_ROW_121=20260313,44.2,46.25,44.2,45.85,113000.0,44.55,46.6199,46.55,49.1583,48.8158,1.7758,-0.1089,-3.4737,0.7078,-1.6514,-1.5038,-16.9384

PRICE_WINDOW_180_ROW_122=20260316,45.55,46.6,45.3,45.3,65000.0,45.07,46.5099,46.39,49.0283,48.8242,-1.1996,6.089,-6.5979,0.4176,-2.6013,-2.3496,-17.9348

PRICE_WINDOW_180_ROW_123=20260317,47.85,48.15,46.0,46.0,302000.0,45.57,46.4674,46.2375,48.91,48.8383,1.5453,5.7471,-6.2181,1.8415,-1.0058,-0.5137,-16.6667

PRICE_WINDOW_180_ROW_124=20260318,47.15,47.8,46.15,47.15,211000.0,45.87,46.5243,46.23,48.8292,48.8621,2.5,3.2859,-0.3171,1.3159,1.3449,1.99,-14.5833

PRICE_WINDOW_180_ROW_125=20260319,47.15,47.2,45.65,45.65,131000.0,45.99,46.4514,46.125,48.7267,48.8733,-3.1813,1.3319,-4.3979,0.8376,-1.7253,-1.0298,-17.3007

PRICE_WINDOW_180_ROW_126=20260320,45.65,47.7,45.05,45.8,254000.0,45.98,46.3971,46.0125,48.6233,48.8858,0.3286,-0.1091,-4.6826,1.5399,-1.287,-0.4618,-17.029

PRICE_WINDOW_180_ROW_127=20260323,45.3,45.75,44.25,44.6,122000.0,45.84,46.2474,45.9525,48.5033,48.8883,-2.6201,-1.5453,-2.6201,0.7503,-3.5621,-2.9433,-19.2029

PRICE_WINDOW_180_ROW_128=20260324,45.2,45.65,43.7,43.7,108000.0,45.38,46.0351,45.755,48.3733,48.8833,-2.0179,-5.0,-8.2896,0.6739,-5.0724,-4.4913,-20.8333

PRICE_WINDOW_180_ROW_129=20260325,44.5,44.9,43.7,44.45,94000.0,44.84,45.903,45.6075,48.2525,48.8846,1.7162,-5.7264,-6.2236,0.586,-3.1654,-2.538,-19.4746

PRICE_WINDOW_180_ROW_130=20260326,45.85,46.7,44.3,44.3,229000.0,44.57,45.7694,45.4525,48.1392,48.8846,-0.3375,-2.9573,-6.5401,1.3925,-3.2105,-2.5356,-19.7464

PRICE_WINDOW_180_ROW_131=20260327,44.0,44.55,43.5,44.05,107000.0,44.22,45.6261,45.25,48.01,48.8825,-0.5643,-3.821,-8.42,0.6928,-3.4545,-2.6519,-20.1993

PRICE_WINDOW_180_ROW_132=20260330,41.55,43.45,41.55,42.8,88000.0,43.86,45.3906,44.9825,47.8383,48.87,-2.8377,-4.0359,-11.1111,0.5776,-5.7074,-4.8519,-22.4638

PRICE_WINDOW_180_ROW_133=20260331,42.85,43.1,40.75,40.75,164000.0,43.27,45.0039,44.64,47.6425,48.8404,-4.7897,-6.7506,-14.3908,1.0722,-9.4523,-8.7142,-23.8318

PRICE_WINDOW_180_ROW_134=20260401,42.2,43.3,41.3,43.0,134000.0,42.98,44.8369,44.5825,47.4925,48.8296,5.5215,-3.2621,-2.6048,0.9427,-4.0969,-3.5496,-18.4061

PRICE_WINDOW_180_ROW_135=20260402,44.0,44.0,42.15,42.7,76000.0,42.66,44.6588,44.445,47.3425,48.8162,-0.6977,-3.6117,-6.0506,0.5381,-4.3862,-3.9262,-18.6667

PRICE_WINDOW_180_ROW_136=20260407,42.7,42.8,41.65,41.85,50000.0,42.22,44.4248,44.2425,47.1883,48.7958,-1.9906,-4.9943,-8.8235,0.3611,-5.7958,-5.4077,-20.2857

PRICE_WINDOW_180_ROW_137=20260408,42.5,43.2,42.45,43.0,117000.0,42.26,44.306,44.2575,47.0517,48.785,2.7479,0.4673,0.7026,0.8587,-2.9478,-2.8413,-18.0952

PRICE_WINDOW_180_ROW_138=20260409,43.0,43.0,42.2,42.3,34000.0,42.57,44.1389,44.1975,46.905,48.7683,-1.6279,3.8037,-2.7586,0.259,-4.1661,-4.2932,-18.6538

PRICE_WINDOW_180_ROW_139=20260410,43.1,43.1,41.6,42.35,103000.0,42.44,43.9898,44.0325,46.7575,48.7521,0.1182,-1.5116,-7.2289,0.7809,-3.7277,-3.821,-18.5577

PRICE_WINDOW_180_ROW_140=20260413,43.0,43.75,42.5,42.5,86000.0,42.4,43.8656,43.905,46.6617,48.7371,0.3542,-0.4684,-5.6604,0.6646,-3.1132,-3.2001,-18.2692

PRICE_WINDOW_180_ROW_141=20260414,43.9,44.0,43.15,43.45,113000.0,42.72,43.831,43.785,46.5833,48.73,2.2353,3.8232,-5.2345,0.8733,-0.8693,-0.7651,-16.4423

PRICE_WINDOW_180_ROW_142=20260415,44.5,44.9,43.2,43.45,134000.0,42.81,43.7993,43.6925,46.4967,48.7229,0.0,1.0465,-4.0839,1.0087,-0.7974,-0.555,-16.4423

PRICE_WINDOW_180_ROW_143=20260416,43.5,47.75,43.5,47.75,512000.0,43.9,44.1285,43.78,46.4833,48.7517,9.8964,12.8842,3.8043,3.5717,8.2068,9.0681,-8.1731

PRICE_WINDOW_180_ROW_144=20260417,47.75,48.4,46.5,47.05,584000.0,44.84,44.3719,43.775,46.4633,48.7746,-1.466,11.098,-0.2121,3.6049,6.0355,7.4814,-9.5192

PRICE_WINDOW_180_ROW_145=20260420,47.2,48.65,46.45,46.5,218000.0,45.64,44.5493,43.8175,46.4017,48.7929,-1.169,9.4118,1.862,1.3105,4.3788,6.122,-10.5769

PRICE_WINDOW_180_ROW_146=20260421,47.0,51.1,46.95,51.1,1117000.0,47.17,45.0952,44.0825,46.4358,48.8496,9.8925,17.6064,11.5721,5.3317,13.3159,15.919,-1.7308

PRICE_WINDOW_180_ROW_147=20260422,52.4,54.8,52.0,53.8,2828000.0,49.24,45.8206,44.5425,46.4958,48.9288,5.2838,23.8205,20.6278,8.2019,17.4145,20.7835,-1.8248

PRICE_WINDOW_180_ROW_148=20260423,54.5,54.5,48.45,48.6,1182000.0,49.41,46.0522,44.7875,46.4817,48.9646,-9.6654,1.7801,11.2128,2.9661,5.5324,8.5124,-11.3139

PRICE_WINDOW_180_ROW_149=20260424,49.2,50.6,48.0,48.55,411000.0,49.71,46.2603,44.9925,46.4692,49.0,-0.1029,3.1881,9.2238,0.9919,4.9495,7.9069,-11.4051

PRICE_WINDOW_180_ROW_150=20260427,48.3,48.5,45.8,46.5,303000.0,49.71,46.2803,45.1025,46.4092,49.0183,-4.2225,0.0,4.9661,0.7248,0.4747,3.0985,-15.146

PRICE_WINDOW_180_ROW_151=20260428,47.4,47.5,46.05,46.35,143000.0,48.76,46.2861,45.2175,46.3517,49.0354,-0.3226,-9.2955,5.2213,0.3406,0.138,2.5046,-15.4197

PRICE_WINDOW_180_ROW_152=20260429,46.6,49.8,46.6,47.9,446000.0,47.58,46.4206,45.4725,46.33,49.0654,3.3441,-10.9665,11.9159,1.0188,3.1869,5.3384,-12.5912

PRICE_WINDOW_180_ROW_153=20260430,48.0,49.1,47.95,47.95,214000.0,47.45,46.5481,45.8325,46.3225,49.0958,0.1044,-1.3374,17.6687,0.4861,3.0118,4.6201,-12.5

PRICE_WINDOW_180_ROW_154=20260504,48.15,49.5,47.2,47.8,300000.0,47.3,46.6524,46.0725,46.2908,49.125,-0.3128,-1.5448,11.1628,0.6688,2.4599,3.7495,-12.7737

PRICE_WINDOW_180_ROW_155=20260505,47.5,49.3,47.5,48.4,264000.0,47.68,46.798,46.3575,46.2508,49.1592,1.2552,4.086,13.3489,0.5765,3.4232,4.406,-11.6788

PRICE_WINDOW_180_ROW_156=20260506,49.3,49.3,47.0,47.4,239000.0,47.89,46.8482,46.635,46.2008,49.185,-2.0661,2.2654,13.2616,0.5113,1.1779,1.6404,-13.5036

PRICE_WINDOW_180_ROW_157=20260507,48.75,51.6,47.35,51.0,608000.0,48.51,47.1942,47.035,46.1992,49.1267,7.5949,6.4718,18.6047,1.2359,8.0642,8.4299,-6.9343

PRICE_WINDOW_180_ROW_158=20260508,51.0,51.4,47.65,48.5,451000.0,48.62,47.303,47.345,46.1742,49.0592,-4.902,1.147,14.6572,0.8795,2.5305,2.4395,-11.4964

PRICE_WINDOW_180_ROW_159=20260511,48.7,49.3,48.05,48.5,180000.0,48.76,47.4027,47.6525,46.1517,48.9967,0.0,1.4644,14.5218,0.3484,2.3148,1.7785,-11.4964

PRICE_WINDOW_180_ROW_160=20260512,49.05,49.05,46.75,46.95,373000.0,48.47,47.365,47.875,46.1375,48.9096,-3.1959,-2.9959,10.4706,0.7024,-0.8762,-1.9321,-14.3248

PRICE_WINDOW_180_ROW_161=20260513,46.95,47.25,45.85,46.0,177000.0,48.19,47.2513,48.0025,46.1125,48.8196,-2.0234,-2.9536,5.8688,0.3313,-2.6481,-4.1717,-16.0584

PRICE_WINDOW_180_ROW_162=20260514,46.25,46.5,45.75,45.85,102000.0,47.16,47.1345,48.1225,46.0683,48.7167,-0.3261,-10.098,5.5236,0.1915,-2.7252,-4.7223,-16.3321

PRICE_WINDOW_180_ROW_163=20260515,46.45,47.4,45.0,45.15,257000.0,46.49,46.9691,47.9925,46.0033,48.6179,-1.5267,-6.9072,-5.445,0.4944,-3.873,-5.9228,-17.6095

PRICE_WINDOW_180_ROW_164=20260518,44.85,45.1,43.3,44.55,89000.0,45.7,46.7675,47.8675,45.9575,48.5142,-1.3289,-8.1443,-5.3135,0.1798,-4.7416,-6.9306,-18.7044

PRICE_WINDOW_180_ROW_165=20260519,44.05,47.3,44.05,44.3,294000.0,45.17,46.5619,47.7575,45.9,48.4125,-0.5612,-5.6443,-4.7312,0.5893,-4.8578,-7.2397,-19.1606

PRICE_WINDOW_180_ROW_166=20260520,45.0,46.65,44.35,45.45,144000.0,45.06,46.4692,47.475,45.8567,48.3312,2.5959,-1.1957,-11.0568,0.3198,-2.1934,-4.2654,-17.062

PRICE_WINDOW_180_ROW_167=20260521,46.15,46.7,46.1,46.3,108000.0,45.15,46.4551,47.1,45.865,48.2646,1.8702,0.9815,-13.9405,0.3437,-0.3339,-1.6985,-15.5109

PRICE_WINDOW_180_ROW_168=20260522,47.0,48.45,46.7,47.75,48000.0,45.67,46.563,47.0575,45.8667,48.2233,3.1317,5.7586,-1.749,0.1864,2.5491,1.4716,-12.865

PRICE_WINDOW_180_ROW_169=20260525,47.8,49.35,47.05,48.15,48000.0,46.39,46.6953,47.0375,45.8792,48.1979,0.8377,8.0808,-0.8239,0.2005,3.1153,2.3651,-12.135

PRICE_WINDOW_180_ROW_170=20260526,48.8,49.65,46.9,47.3,48000.0,46.99,46.7457,47.0775,45.8775,48.1579,-1.7653,6.772,1.7204,0.2118,1.1858,0.4726,-13.6861

PRICE_WINDOW_180_ROW_171=20260527,48.35,48.4,45.3,45.85,46000.0,47.07,46.671,47.0525,45.84,48.1192,-3.0655,0.8801,-1.0787,0.2074,-1.7592,-2.5557,-16.3321

PRICE_WINDOW_180_ROW_172=20260528,46.8,46.8,44.0,44.25,45000.0,46.66,46.4693,46.87,45.775,48.0696,-3.4896,-4.4276,-7.62,0.223,-4.7758,-5.5899,-19.2518

PRICE_WINDOW_180_ROW_173=20260529,44.35,44.7,44.05,44.3,44000.0,45.97,46.2885,46.6875,45.72,48.0121,0.113,-7.2251,-7.6121,0.2277,-4.2959,-5.1138,-19.1606

PRICE_WINDOW_180_ROW_174=20260601,44.7,44.7,44.1,44.3,44.0,45.2,46.1228,46.5125,45.7225,47.9412,0.0,-7.9958,-7.3222,0.0002,-3.9521,-4.7568,-19.1606

PRICE_WINDOW_180_ROW_175=20260602,44.9,45.25,43.95,44.9,45.0,44.72,46.0209,46.3375,45.7133,47.8779,1.3544,-5.074,-7.2314,0.0003,-2.4356,-3.1022,-18.0657

PRICE_WINDOW_180_ROW_176=20260603,45.2,45.7,44.85,45.2,45000.0,44.59,45.9525,46.2275,45.7017,47.8079,0.6682,-1.4177,-4.6414,0.2897,-1.6375,-2.2227,-17.5182

PRICE_WINDOW_180_ROW_177=20260604,45.2,45.7,44.85,45.2,45000.0,44.78,45.8898,45.9375,45.7433,47.7396,0.0,2.1469,-11.3725,0.3538,-1.5031,-1.6054,-17.5182

PRICE_WINDOW_180_ROW_178=20260605,44.5,48.95,44.5,48.95,48000.0,45.71,46.1448,45.96,45.8342,47.7058,8.2965,10.4966,0.9278,0.4484,6.0791,6.5057,-10.6752

PRICE_WINDOW_180_ROW_179=20260611,49.4,51.3,47.5,49.4,50000.0,46.73,46.4161,46.005,45.8967,47.67,0.9193,11.5124,1.8557,0.4972,6.4287,7.3796,-9.854

PRICE_WINDOW_180_ROW_180=20260612,49.9,51.3,49.7,49.7,50000.0,47.69,46.6897,46.1425,45.9742,47.6292,0.6073,10.6904,5.8573,0.5924,6.4474,7.7098,-9.3066
