# PRICE_WINDOW_136

columns=date,open,high,low,close,volume,ma5,ma20,ma60,ma120,ema23,return_1d,return_5d,return_20d,volume_ratio,distance_to_ma20_pct,distance_to_high_60_pct

PRICE_WINDOW_180_ROW_001=20251103,113.5,114.5,113.5,114.0,186000,,,,,,,,,,,

PRICE_WINDOW_180_ROW_002=20251104,115.0,116.0,114.0,114.5,481000,,,,,,0.4386,,,,,

PRICE_WINDOW_180_ROW_003=20251105,114.5,117.0,113.5,116.5,485000,,,,,,1.7467,,,,,

PRICE_WINDOW_180_ROW_004=20251106,116.5,117.0,115.0,117.0,354000,,,,,,0.4292,,,,,

PRICE_WINDOW_180_ROW_005=20251107,116.5,118.0,116.0,117.0,452000,115.8,115.8,115.8,115.8,114.6863,0.0,,,1.1542,1.0363,-0.8475

PRICE_WINDOW_180_ROW_006=20251110,117.0,117.0,113.5,115.0,322000,116.0,115.6667,115.6667,115.6667,114.7125,-1.7094,0.8772,,0.8474,-0.5764,-2.5424

PRICE_WINDOW_180_ROW_007=20251111,115.0,116.0,113.0,113.0,305000,115.7,115.2857,115.2857,115.2857,114.5698,-1.7391,-1.31,,0.8259,-1.9827,-4.2373

PRICE_WINDOW_180_ROW_008=20251112,119.0,123.5,117.5,122.5,1720000,116.9,116.1875,116.1875,116.1875,115.2306,8.4071,5.1502,,3.1963,5.433,-0.8097

PRICE_WINDOW_180_ROW_009=20251113,123.5,123.5,121.0,121.5,794000,117.8,116.7778,116.7778,116.7778,115.7531,-0.8163,3.8462,,1.4015,4.0438,-1.6194

PRICE_WINDOW_180_ROW_010=20251114,120.0,122.5,119.5,119.5,338000,118.3,117.05,117.05,117.05,116.0653,-1.6461,2.1368,,0.6217,2.0931,-3.2389

PRICE_WINDOW_180_ROW_011=20251117,120.5,121.0,118.0,120.5,420000,119.4,117.3636,117.3636,117.3636,116.4349,0.8368,4.7826,,0.7888,2.6723,-2.4291

PRICE_WINDOW_180_ROW_012=20251118,119.0,119.5,116.0,117.0,613000,120.2,117.3333,117.3333,117.3333,116.482,-2.9046,3.5398,,1.1369,-0.2841,-5.2632

PRICE_WINDOW_180_ROW_013=20251119,117.0,117.5,114.5,115.5,470000,118.8,117.1923,117.1923,117.1923,116.4001,-1.2821,-5.7143,,0.8804,-1.444,-6.4777

PRICE_WINDOW_180_ROW_014=20251120,116.0,118.5,115.0,116.0,566000,117.7,117.1071,117.1071,117.1071,116.3668,0.4329,-4.5267,,1.0557,-0.9454,-6.0729

PRICE_WINDOW_180_ROW_015=20251121,115.0,116.5,113.0,113.5,678000,116.5,116.8667,116.8667,116.8667,116.1279,-2.1552,-5.0209,,1.2427,-2.8808,-8.0972

PRICE_WINDOW_180_ROW_016=20251124,114.5,117.5,114.5,116.5,291000,115.7,116.8438,116.8438,116.8438,116.1589,2.6432,-3.3195,,0.5494,-0.2942,-5.668

PRICE_WINDOW_180_ROW_017=20251125,118.0,118.0,115.0,115.5,310000,115.4,116.7647,116.7647,116.7647,116.104,-0.8584,-1.2821,,0.5999,-1.0831,-6.4777

PRICE_WINDOW_180_ROW_018=20251126,116.0,117.0,116.0,117.0,252000,115.7,116.7778,116.7778,116.7778,116.1787,1.2987,1.2987,,0.5019,0.1903,-5.2632

PRICE_WINDOW_180_ROW_019=20251127,117.0,117.0,116.0,116.0,156000,115.7,116.7368,116.7368,116.7368,116.1638,-0.8547,0.0,,0.3224,-0.6312,-6.0729

PRICE_WINDOW_180_ROW_020=20251128,116.0,118.5,116.0,116.5,230000,116.3,116.725,116.725,116.725,116.1918,0.431,2.6432,,0.4882,-0.1928,-5.668

PRICE_WINDOW_180_ROW_021=20251201,117.0,117.5,115.5,116.0,209000,116.2,116.825,116.6905,116.6905,116.1758,-0.4292,-0.4292,1.7544,0.4425,-0.7062,-6.0729

PRICE_WINDOW_180_ROW_022=20251202,116.5,121.0,116.5,119.5,544000,117.0,117.075,116.8182,116.8182,116.4528,3.0172,3.4632,4.3668,1.1442,2.0713,-3.2389

PRICE_WINDOW_180_ROW_023=20251203,119.5,119.5,117.5,118.0,294000,117.2,117.15,116.8696,116.8696,116.5818,-1.2552,0.8547,1.2876,0.631,0.7256,-4.4534

PRICE_WINDOW_180_ROW_024=20251204,119.0,119.5,117.5,117.5,128000,117.5,117.175,116.8958,116.8958,116.6583,-0.4237,1.2931,0.4274,0.2816,0.2774,-4.8583

PRICE_WINDOW_180_ROW_025=20251205,117.5,117.5,116.0,116.5,203000,117.5,117.15,116.88,116.88,116.6451,-0.8511,0.0,-0.4274,0.4591,-0.5548,-5.668

PRICE_WINDOW_180_ROW_026=20251208,110.0,110.5,107.5,109.0,1932000,116.1,116.85,116.5769,116.5769,116.008,-6.4378,-6.0345,-5.2174,3.6965,-6.718,-11.7409

PRICE_WINDOW_180_ROW_027=20251209,109.0,109.5,107.5,108.0,1018000,113.8,116.6,116.2593,116.2593,115.3407,-0.9174,-9.6234,-4.4248,1.8234,-7.3756,-12.5506

PRICE_WINDOW_180_ROW_028=20251210,108.5,108.5,107.0,107.0,508000,111.6,115.825,115.9286,115.9286,114.6456,-0.9259,-9.322,-12.6531,1.0207,-7.6193,-13.3603

PRICE_WINDOW_180_ROW_029=20251211,108.0,108.0,105.5,105.5,578000,109.2,115.025,115.569,115.569,113.8835,-1.4019,-10.2128,-13.1687,1.1871,-8.2808,-14.5749

PRICE_WINDOW_180_ROW_030=20251212,106.0,109.5,106.0,108.0,698000,107.5,114.45,115.3167,115.3167,113.3932,2.3697,-7.2961,-9.6234,1.3825,-5.6356,-12.5506

PRICE_WINDOW_180_ROW_031=20251215,108.0,110.5,106.5,109.5,695000,107.6,113.9,115.129,115.129,113.0687,1.3889,0.4587,-9.1286,1.34,-3.863,-11.336

PRICE_WINDOW_180_ROW_032=20251216,109.0,110.0,109.0,109.0,298000,107.8,113.5,114.9375,114.9375,112.7297,-0.4566,0.9259,-6.8376,0.5926,-3.9648,-11.7409

PRICE_WINDOW_180_ROW_033=20251217,109.0,111.5,109.0,109.5,324000,108.3,113.2,114.7727,114.7727,112.4605,0.4587,2.3364,-5.1948,0.6538,-3.2686,-11.336

PRICE_WINDOW_180_ROW_034=20251218,109.5,111.0,109.0,110.0,268000,109.2,112.9,114.6324,114.6324,112.2555,0.4566,4.2654,-5.1724,0.5575,-2.5686,-10.9312

PRICE_WINDOW_180_ROW_035=20251219,109.5,111.5,109.5,111.5,257000,109.9,112.8,114.5429,114.5429,112.1925,1.3636,3.2407,-1.7621,0.5591,-1.1525,-9.7166

PRICE_WINDOW_180_ROW_036=20251222,111.0,111.0,109.0,110.0,323000,110.0,112.475,114.4167,114.4167,112.0098,-1.3453,0.4566,-5.5794,0.7003,-2.2005,-10.9312

PRICE_WINDOW_180_ROW_037=20251223,110.0,112.0,109.5,110.5,336000,110.3,112.225,114.3108,114.3108,111.884,0.4545,1.3761,-4.329,0.7264,-1.5371,-10.5263

PRICE_WINDOW_180_ROW_038=20251224,110.5,111.5,109.5,110.0,171000,110.4,111.875,114.1974,114.1974,111.727,-0.4525,0.4566,-5.9829,0.373,-1.676,-10.9312

PRICE_WINDOW_180_ROW_039=20251226,110.5,110.5,109.5,110.0,193000,110.4,111.575,114.0897,114.0897,111.5831,0.0,0.0,-5.1724,0.4192,-1.4116,-10.9312

PRICE_WINDOW_180_ROW_040=20251229,110.0,111.0,108.5,110.0,313000,110.1,111.25,113.9875,113.9875,111.4512,0.0,-1.3453,-5.5794,0.6738,-1.1236,-10.9312

PRICE_WINDOW_180_ROW_041=20251230,110.0,110.0,109.0,109.5,146000,110.0,110.925,113.878,113.878,111.2886,-0.4545,-0.4545,-5.6034,0.3165,-1.2847,-11.336

PRICE_WINDOW_180_ROW_042=20251231,109.5,111.0,109.5,110.5,245000,110.0,110.475,113.7976,113.7976,111.2229,0.9132,0.0,-7.5314,0.5488,0.0226,-10.5263

PRICE_WINDOW_180_ROW_043=20260102,111.0,115.0,111.0,113.5,710000,110.7,110.25,113.7907,113.7907,111.4126,2.7149,3.1818,-3.8136,1.5197,2.9478,-8.0972

PRICE_WINDOW_180_ROW_044=20260105,115.5,115.5,112.5,114.5,534000,111.6,110.1,113.8068,113.8068,111.6699,0.8811,4.0909,-2.5532,1.0954,3.9964,-7.2874

PRICE_WINDOW_180_ROW_045=20260106,116.5,117.0,115.0,115.5,561000,112.7,110.05,113.8444,113.8444,111.9891,0.8734,5.0,-0.8584,1.11,4.9523,-6.4777

PRICE_WINDOW_180_ROW_046=20260107,115.5,121.0,115.5,120.5,1015000,114.9,110.625,113.9891,113.9891,112.6983,4.329,10.0457,10.5505,2.2087,8.9266,-2.4291

PRICE_WINDOW_180_ROW_047=20260108,122.5,124.0,121.0,122.0,1011000,117.2,111.325,114.1596,114.1596,113.4735,1.2448,10.4072,12.963,2.2017,9.589,-1.6129

PRICE_WINDOW_180_ROW_048=20260109,123.0,124.0,120.5,123.5,748000,119.2,112.15,114.3542,114.3542,114.309,1.2295,8.8106,15.4206,1.5874,10.1204,-0.4032

PRICE_WINDOW_180_ROW_049=20260112,124.5,125.0,122.5,124.0,688000,121.1,113.075,114.551,114.551,115.1166,0.4049,8.2969,17.5355,1.4433,9.6617,-0.8

PRICE_WINDOW_180_ROW_050=20260113,125.0,132.0,123.0,130.5,2027000,124.1,114.2,114.87,114.87,116.3985,5.2419,12.987,20.8333,3.7319,14.2732,-1.1364

PRICE_WINDOW_180_ROW_051=20260114,132.0,134.5,130.5,133.5,1771000,126.7,115.4,115.2353,115.2353,117.8237,2.2989,10.7884,21.9178,2.9667,15.6846,-0.7435

PRICE_WINDOW_180_ROW_052=20260115,132.5,136.0,132.5,134.5,1392000,129.2,116.675,115.6058,115.6058,119.2134,0.7491,10.2459,23.3945,2.1361,15.2775,-1.1029

PRICE_WINDOW_180_ROW_053=20260116,135.5,140.5,133.0,135.0,2185000,131.5,117.95,115.9717,115.9717,120.5289,0.3717,9.3117,23.2877,2.9341,14.4553,-3.9146

PRICE_WINDOW_180_ROW_054=20260119,137.0,139.0,132.0,133.0,1789000,133.3,119.1,116.287,116.287,121.5682,-1.4815,7.2581,20.9091,2.1797,11.6709,-5.3381

PRICE_WINDOW_180_ROW_055=20260120,133.0,139.5,133.0,139.0,1796000,135.0,120.475,116.7,116.7,123.0208,4.5113,6.5134,24.6637,2.0007,15.3766,-1.0676

PRICE_WINDOW_180_ROW_056=20260121,140.5,148.0,139.5,146.0,2779000,137.5,122.275,117.2232,117.2232,124.9358,5.036,9.3633,32.7273,2.7232,19.403,-1.3514

PRICE_WINDOW_180_ROW_057=20260122,145.5,156.0,144.5,154.5,3216000,141.5,124.475,117.8772,117.8772,127.3994,5.8219,14.8699,39.819,2.7617,24.1213,-0.9615

PRICE_WINDOW_180_ROW_058=20260123,155.5,159.0,153.5,155.5,2442000,145.6,126.75,118.5259,118.5259,129.7412,0.6472,15.1852,41.3636,1.9107,22.6824,-2.2013

PRICE_WINDOW_180_ROW_059=20260126,155.0,157.5,151.0,155.5,1978000,150.1,129.025,119.1525,119.1525,131.8877,0.0,16.9173,41.3636,1.4466,20.5193,-2.2013

PRICE_WINDOW_180_ROW_060=20260127,156.0,162.0,155.5,159.0,2038000,154.1,131.475,119.8167,119.8167,134.1471,2.2508,14.3885,44.5455,1.4021,20.9355,-1.8519

PRICE_WINDOW_180_ROW_061=20260128,159.0,159.5,154.0,154.0,1637000,155.7,133.7,120.4833,120.377,135.8015,-3.1447,5.4795,40.6393,1.0713,15.1832,-4.9383

PRICE_WINDOW_180_ROW_062=20260129,152.0,154.5,151.0,153.5,1214000,155.5,135.85,121.1333,120.9113,137.2764,-0.3247,-0.6472,38.914,0.77,12.9923,-5.2469

PRICE_WINDOW_180_ROW_063=20260130,154.0,156.0,151.0,151.5,1108000,154.7,137.75,121.7167,121.3968,138.4617,-1.3029,-2.5723,33.4802,0.694,9.9819,-6.4815

PRICE_WINDOW_180_ROW_064=20260202,150.0,154.5,150.0,152.5,1270000,154.1,139.65,122.3083,121.8828,139.6315,0.6601,-1.9293,33.1878,0.7776,9.2016,-5.8642

PRICE_WINDOW_180_ROW_065=20260203,153.5,155.0,150.0,151.5,812000,152.6,141.45,122.8833,122.3385,140.6206,-0.6557,-4.717,31.1688,0.4934,7.105,-6.4815

PRICE_WINDOW_180_ROW_066=20260204,151.5,151.5,145.0,147.5,1168000,151.3,142.8,123.425,122.7197,141.1939,-2.6403,-4.2208,22.4066,0.7064,3.2913,-8.9506

PRICE_WINDOW_180_ROW_067=20260205,149.0,149.5,144.5,146.5,576000,149.9,144.025,123.9833,123.0746,141.636,-0.678,-4.5603,20.082,0.353,1.7185,-9.5679

PRICE_WINDOW_180_ROW_068=20260206,146.0,146.0,140.0,141.5,1030000,147.9,144.925,124.3,123.3456,141.6247,-3.413,-6.6007,14.5749,0.6258,-2.3633,-12.6543

PRICE_WINDOW_180_ROW_069=20260209,141.0,143.0,139.5,141.5,890000,145.7,145.8,124.6333,123.6087,141.6143,0.0,-7.2131,14.1129,0.5375,-2.9492,-12.6543

PRICE_WINDOW_180_ROW_070=20260210,141.5,141.5,137.5,138.5,689000,143.1,146.2,124.95,123.8214,141.3548,-2.1201,-8.5809,6.1303,0.4336,-5.2668,-14.5062

PRICE_WINDOW_180_ROW_071=20260211,138.5,139.5,137.0,137.5,751000,141.1,146.4,125.2333,124.0141,141.0335,-0.722,-6.7797,2.9963,0.4883,-6.0792,-15.1235

PRICE_WINDOW_180_ROW_072=20260223,139.0,141.5,138.0,140.5,464000,139.9,146.7,125.625,124.2431,140.9891,2.1818,-4.0956,4.461,0.3111,-4.2263,-13.2716

PRICE_WINDOW_180_ROW_073=20260224,141.0,141.0,134.5,136.0,1060000,138.8,146.75,125.9667,124.4041,140.5733,-3.2028,-3.8869,0.7407,0.7385,-7.3254,-16.0494

PRICE_WINDOW_180_ROW_074=20260225,136.5,136.5,133.0,134.5,754000,137.4,146.825,126.275,124.5405,140.0672,-1.1029,-4.947,1.1278,0.545,-8.3943,-16.9753

PRICE_WINDOW_180_ROW_075=20260226,134.0,135.0,130.5,131.0,804000,135.9,146.425,126.5667,124.6267,139.3116,-2.6022,-5.4152,-5.7554,0.6027,-10.5344,-19.1358

PRICE_WINDOW_180_ROW_076=20260302,129.5,132.5,129.0,131.0,501000,134.6,145.675,126.8083,124.7105,138.619,0.0,-4.7273,-10.274,0.4106,-10.0738,-19.1358

PRICE_WINDOW_180_ROW_077=20260303,131.0,131.5,127.5,129.0,720000,132.3,144.4,127.0333,124.7662,137.8174,-1.5267,-8.1851,-16.5049,0.6574,-10.6648,-20.3704

PRICE_WINDOW_180_ROW_078=20260304,128.0,129.0,122.5,123.0,790000,129.7,142.775,127.1333,124.7436,136.5826,-4.6512,-9.5588,-20.9003,0.7801,-13.8505,-24.0741

PRICE_WINDOW_180_ROW_079=20260305,125.0,128.0,124.5,125.5,530000,127.9,141.275,127.2917,124.7532,135.6591,2.0325,-6.6914,-19.2926,0.5636,-11.1662,-22.5309

PRICE_WINDOW_180_ROW_080=20260306,125.0,126.5,124.5,125.5,237000,126.8,139.6,127.4417,124.7625,134.8125,0.0,-4.1985,-21.0692,0.2787,-10.1003,-22.5309

PRICE_WINDOW_180_ROW_081=20260309,120.0,122.5,119.5,120.5,448000,124.7,137.925,127.5167,124.7099,133.6198,-3.9841,-8.0153,-21.7532,0.5665,-12.6337,-25.6173

PRICE_WINDOW_180_ROW_082=20260310,123.0,123.5,120.5,121.0,282000,123.1,136.3,127.5417,124.6646,132.5681,0.4149,-6.2016,-21.1726,0.3789,-11.2252,-25.3086

PRICE_WINDOW_180_ROW_083=20260311,122.0,124.0,122.0,122.5,371000,123.0,134.85,127.6167,124.6386,131.7291,1.2397,-0.4065,-19.1419,0.5245,-9.1583,-24.3827

PRICE_WINDOW_180_ROW_084=20260312,124.0,124.0,119.5,120.5,962000,122.0,133.25,127.6667,124.5893,130.7934,-1.6327,-3.9841,-20.9836,1.3903,-9.5685,-25.6173

PRICE_WINDOW_180_ROW_085=20260313,119.5,122.5,119.0,122.0,842000,121.3,131.775,127.7583,124.5588,130.0606,1.2448,-2.7888,-19.4719,1.2142,-7.4179,-24.6914

PRICE_WINDOW_180_ROW_086=20260316,122.5,126.0,121.0,125.0,492000,122.2,130.65,128.025,124.564,129.6389,2.459,3.7344,-15.2542,0.7459,-4.3245,-22.8395

PRICE_WINDOW_180_ROW_087=20260317,125.5,125.5,122.0,123.0,601000,122.6,129.475,128.275,124.546,129.0856,-1.6,1.6529,-16.041,0.9094,-5.001,-24.0741

PRICE_WINDOW_180_ROW_088=20260318,124.0,126.0,122.5,125.0,427000,123.1,128.65,128.575,124.5511,128.7452,1.626,2.0408,-11.6608,0.677,-2.8372,-22.8395

PRICE_WINDOW_180_ROW_089=20260319,123.5,124.0,122.5,123.0,507000,123.6,127.725,128.8667,124.5337,128.2664,-1.6,2.0747,-13.0742,0.829,-3.6994,-24.0741

PRICE_WINDOW_180_ROW_090=20260320,123.5,124.5,122.0,122.5,409000,123.7,126.925,129.1083,124.5111,127.7859,-0.4065,0.4098,-11.5523,0.6844,-3.4863,-24.3827

PRICE_WINDOW_180_ROW_091=20260323,120.5,123.5,120.5,122.0,338000,123.1,126.15,129.3167,124.4835,127.3037,-0.4082,-2.4,-11.2727,0.5858,-3.2897,-24.6914

PRICE_WINDOW_180_ROW_092=20260324,124.5,125.0,122.0,123.5,285000,123.2,125.3,129.5583,124.4728,126.9867,1.2295,0.4065,-12.0996,0.5018,-1.4366,-23.7654

PRICE_WINDOW_180_ROW_093=20260325,123.5,126.0,123.5,126.0,424000,123.4,124.8,129.8333,124.4892,126.9045,2.0243,0.8,-7.3529,0.7907,0.9615,-22.2222

PRICE_WINDOW_180_ROW_094=20260326,128.0,128.5,124.5,125.0,609000,123.8,124.325,130.0833,124.4947,126.7458,-0.7937,1.626,-7.0632,1.1513,0.5429,-22.8395

PRICE_WINDOW_180_ROW_095=20260327,123.0,125.5,123.0,124.5,216000,124.2,124.0,130.3,124.4947,126.5586,-0.4,1.6327,-4.9618,0.4324,0.4032,-23.1481

PRICE_WINDOW_180_ROW_096=20260330,123.0,128.5,123.0,127.0,564000,125.2,123.8,130.5833,124.5208,126.5954,2.008,4.0984,-3.0534,1.1219,2.5848,-21.6049

PRICE_WINDOW_180_ROW_097=20260331,127.0,129.0,125.0,125.5,827000,125.6,123.625,130.8333,124.5309,126.5041,-1.1811,1.6194,-2.7132,1.6278,1.5167,-22.5309

PRICE_WINDOW_180_ROW_098=20260401,127.5,127.5,125.5,127.0,769000,125.8,123.825,131.1167,124.5561,126.5455,1.1952,0.7937,3.252,1.5168,2.5641,-21.6049

PRICE_WINDOW_180_ROW_099=20260402,127.0,128.0,125.5,127.0,681000,126.2,123.9,131.4,124.5808,126.5833,0.0,1.6,1.1952,1.3235,2.502,-21.6049

PRICE_WINDOW_180_ROW_100=20260407,127.0,127.0,122.0,124.5,854000,126.2,123.85,131.6417,124.58,126.4097,-1.9685,0.0,-0.7968,1.5658,0.5248,-23.1481

PRICE_WINDOW_180_ROW_101=20260408,125.5,126.0,122.0,124.0,855000,125.6,124.025,131.8833,124.5743,126.2089,-0.4016,-2.3622,2.9046,1.5113,-0.0202,-23.4568

PRICE_WINDOW_180_ROW_102=20260409,124.0,125.0,122.0,125.0,628000,125.5,124.225,132.125,124.5784,126.1082,0.8065,-0.3984,3.3058,1.0771,0.6239,-22.8395

PRICE_WINDOW_180_ROW_103=20260410,125.0,127.0,125.0,125.5,424000,125.2,124.375,132.325,124.5874,126.0575,0.4,-1.1811,2.449,0.7239,0.9045,-22.5309

PRICE_WINDOW_180_ROW_104=20260413,125.5,125.5,121.0,121.5,1123000,124.1,124.425,132.4417,124.5577,125.6777,-3.1873,-4.3307,0.8299,1.8914,-2.3508,-25.0

PRICE_WINDOW_180_ROW_105=20260414,122.0,122.5,120.5,121.0,434000,123.4,124.375,132.5333,124.5238,125.2879,-0.4115,-2.8112,-0.8197,0.757,-2.7136,-25.3086

PRICE_WINDOW_180_ROW_106=20260415,121.5,122.0,121.0,121.0,462000,122.8,124.175,132.5417,124.4906,124.9306,0.0,-2.4194,-3.2,0.8079,-2.5569,-25.3086

PRICE_WINDOW_180_ROW_107=20260416,122.0,125.5,122.0,123.0,881000,122.4,124.175,132.5583,124.4766,124.7697,1.6529,-1.6,0.0,1.5038,-0.9462,-24.0741

PRICE_WINDOW_180_ROW_108=20260417,123.5,127.0,123.5,125.0,894000,122.3,124.175,132.5833,124.4815,124.7889,1.626,-0.3984,0.0,1.4675,0.6644,-22.8395

PRICE_WINDOW_180_ROW_109=20260420,126.0,126.0,122.0,122.0,593000,122.4,124.125,132.55,124.4587,124.5565,-2.4,0.4115,-0.813,0.9666,-1.712,-24.6914

PRICE_WINDOW_180_ROW_110=20260421,123.0,124.5,122.0,124.0,420000,123.0,124.2,132.4417,124.4545,124.5101,1.6393,2.4793,1.2245,0.684,-0.161,-23.4568

PRICE_WINDOW_180_ROW_111=20260422,124.0,126.0,124.0,125.0,574000,123.8,124.35,132.3,124.4595,124.5509,0.8065,3.3058,2.459,0.9172,0.5227,-22.8395

PRICE_WINDOW_180_ROW_112=20260423,125.0,125.0,120.5,120.5,1017000,123.3,124.2,132.0667,124.4241,124.2133,-3.6,-2.0325,-2.4291,1.5352,-2.9791,-25.6173

PRICE_WINDOW_180_ROW_113=20260424,121.0,121.5,119.5,119.5,477000,122.2,123.875,131.8083,124.3805,123.8206,-0.8299,-4.4,-5.1587,0.7172,-3.5318,-26.2346

PRICE_WINDOW_180_ROW_114=20260427,119.0,119.0,116.0,117.5,653000,121.3,123.5,131.55,124.3202,123.2939,-1.6736,-3.6885,-6.0,0.9786,-4.8583,-27.4691

PRICE_WINDOW_180_ROW_115=20260428,117.5,119.5,116.5,119.0,326000,120.3,123.225,131.2167,124.2739,122.936,1.2766,-4.0323,-4.4177,0.4845,-3.4287,-26.5432

PRICE_WINDOW_180_ROW_116=20260429,119.0,120.0,118.5,119.0,285000,119.1,122.825,130.7667,124.2284,122.608,0.0,-4.8,-6.2992,0.4326,-3.1142,-26.5432

PRICE_WINDOW_180_ROW_117=20260430,119.5,121.0,118.5,118.5,408000,118.7,122.475,130.1667,124.1795,122.2657,-0.4202,-1.6598,-5.5777,0.6396,-3.2456,-26.8519

PRICE_WINDOW_180_ROW_118=20260504,119.0,120.0,117.5,120.0,464000,118.8,122.125,129.575,124.1441,122.0769,1.2658,0.4184,-5.5118,0.7452,-1.74,-25.9259

PRICE_WINDOW_180_ROW_119=20260505,119.0,120.0,119.0,120.0,250000,119.3,121.775,128.9833,124.1092,121.9038,0.0,2.1277,-5.5118,0.4159,-1.4576,-25.9259

PRICE_WINDOW_180_ROW_120=20260506,121.0,121.0,118.5,119.0,429000,119.3,121.5,128.3167,124.0667,121.6618,-0.8333,0.0,-4.4177,0.7398,-2.0576,-25.3918

PRICE_WINDOW_180_ROW_121=20260507,119.0,123.0,118.5,123.0,607000,120.1,121.45,127.8,124.1417,121.7733,3.3613,3.3613,-0.8065,1.0697,1.2762,-21.1538

PRICE_WINDOW_180_ROW_122=20260508,122.0,123.0,120.0,122.0,515000,120.8,121.3,127.275,124.2042,121.7922,-0.813,2.9536,-2.4,0.9167,0.5771,-21.7949

PRICE_WINDOW_180_ROW_123=20260511,122.5,123.0,119.0,120.5,910000,120.9,121.05,126.7583,124.2375,121.6845,-1.2295,0.4167,-3.9841,1.5526,-0.4544,-22.2581

PRICE_WINDOW_180_ROW_124=20260512,120.5,121.0,119.0,119.5,512000,120.8,120.95,126.2083,124.2583,121.5025,-0.8299,-0.4167,-1.6461,0.9216,-1.1988,-22.9032

PRICE_WINDOW_180_ROW_125=20260513,121.0,121.5,119.0,119.0,332000,120.8,120.85,125.6667,124.275,121.294,-0.4184,0.0,-1.6529,0.6031,-1.5308,-21.4521

PRICE_WINDOW_180_ROW_126=20260514,119.5,120.5,119.0,119.0,338000,120.0,120.75,125.1917,124.3083,121.1028,0.0,-3.252,-1.6529,0.621,-1.4493,-20.4013

PRICE_WINDOW_180_ROW_127=20260515,119.5,120.5,118.0,118.0,430000,119.2,120.5,124.7167,124.35,120.8442,-0.8403,-3.2787,-4.065,0.8242,-2.0747,-19.1781

PRICE_WINDOW_180_ROW_128=20260518,118.0,118.0,116.0,117.0,382000,118.5,120.1,124.3083,124.3042,120.5239,-0.8475,-2.9046,-6.4,0.77,-2.5812,-18.1818

PRICE_WINDOW_180_ROW_129=20260519,117.0,121.0,117.0,120.0,612000,118.6,120.0,123.95,124.2917,120.4802,2.5641,0.4184,-1.6393,1.2313,0.0,-15.1943

PRICE_WINDOW_180_ROW_130=20260520,120.0,121.0,118.0,119.5,390000,118.7,119.775,123.6333,124.2917,120.3985,-0.4167,0.4202,-3.629,0.787,-0.2296,-15.5477

PRICE_WINDOW_180_ROW_131=20260521,120.5,121.0,120.0,120.0,290000,118.9,119.525,123.3417,124.2875,120.3653,0.4184,0.8403,-4.0,0.6025,0.3974,-15.1943

PRICE_WINDOW_180_ROW_132=20260522,120.5,121.0,119.5,120.5,120,119.4,119.525,123.0083,124.3167,120.3765,0.4167,2.1186,0.0,0.0003,0.8157,-14.539

PRICE_WINDOW_180_ROW_133=20260523,120.5,121.0,119.5,120.5,120,120.1,119.575,122.75,124.3583,120.3868,0.0,2.9915,0.8368,0.0003,0.7736,-11.7216

PRICE_WINDOW_180_ROW_134=20260524,120.5,121.0,119.5,120.5,120,120.2,119.725,122.5167,124.3958,120.3963,0.0,0.4167,2.5532,0.0003,0.6473,-10.7407

PRICE_WINDOW_180_ROW_135=20260525,120.5,121.0,118.5,119.5,119,120.2,119.75,122.325,124.4458,120.3216,-0.8299,0.0,0.4202,0.0003,-0.2088,-9.8113

PRICE_WINDOW_180_ROW_136=20260526,120.5,121.0,118.5,119.5,119,120.1,119.775,122.1333,124.4708,120.2531,0.0,-0.4167,0.4202,0.0003,-0.2296,-9.1255
