# PRICE_WINDOW_136

columns=date,open,high,low,close,volume,ma5,ma20,ma60,ma120,ema23,return_1d,return_5d,return_20d,volume_ratio,distance_to_ma20_pct,distance_to_high_60_pct

PRICE_WINDOW_180_ROW_001=20251103,282.5,293.5,282.5,285.5,109434,,,,,,,,,,,

PRICE_WINDOW_180_ROW_002=20251104,288.5,288.5,277.0,277.0,142424,,,,,,-2.9772,,,,,

PRICE_WINDOW_180_ROW_003=20251105,273.0,274.5,266.0,274.0,125706,,,,,,-1.083,,,,,

PRICE_WINDOW_180_ROW_004=20251106,280.0,283.0,271.0,272.0,81964,,,,,,-0.7299,,,,,

PRICE_WINDOW_180_ROW_005=20251107,268.0,268.0,263.0,265.5,99490,274.8,274.8,274.8,274.8,281.4512,-2.3897,,,0.8899,-3.3843,-9.54

PRICE_WINDOW_180_ROW_006=20251110,267.0,274.0,264.5,274.0,63359,272.5,274.6667,274.6667,274.6667,280.8303,3.2015,-4.028,,0.6108,-0.2427,-6.644

PRICE_WINDOW_180_ROW_007=20251111,271.0,280.5,266.0,266.0,133049,270.3,273.4286,273.4286,273.4286,279.5944,-2.9197,-3.9711,,1.2329,-2.7168,-9.3697

PRICE_WINDOW_180_ROW_008=20251112,265.0,273.0,251.0,259.5,263488,267.4,271.6875,271.6875,271.6875,277.9199,-2.4436,-5.292,,2.0688,-4.4859,-11.5843

PRICE_WINDOW_180_ROW_009=20251113,257.0,258.0,252.5,256.0,39010,264.2,269.9444,269.9444,269.9444,276.0932,-1.3487,-5.8824,,0.3319,-5.1657,-12.7768

PRICE_WINDOW_180_ROW_010=20251114,255.0,256.0,248.0,248.0,108916,260.7,267.75,267.75,267.75,273.7521,-3.125,-6.5913,,0.9334,-7.3763,-15.5026

PRICE_WINDOW_180_ROW_011=20251117,251.0,257.0,250.0,250.5,83311,256.0,266.1818,266.1818,266.1818,271.8145,1.0081,-8.5766,,0.733,-5.8914,-14.6508

PRICE_WINDOW_180_ROW_012=20251118,249.0,249.0,239.0,239.0,151189,250.6,263.9167,263.9167,263.9167,269.0799,-4.5908,-10.1504,,1.2947,-9.4411,-18.569

PRICE_WINDOW_180_ROW_013=20251119,240.0,242.0,235.5,237.0,64972,246.1,261.8462,261.8462,261.8462,266.4066,-0.8368,-8.6705,,0.576,-9.4888,-19.2504

PRICE_WINDOW_180_ROW_014=20251120,244.5,249.0,239.0,245.5,85175,244.0,260.6786,260.6786,260.6786,264.6644,3.5865,-4.1016,,0.7686,-5.8227,-16.3543

PRICE_WINDOW_180_ROW_015=20251121,241.0,243.0,237.0,238.0,71524,242.0,259.1667,259.1667,259.1667,262.4423,-3.055,-4.0323,,0.661,-8.1672,-18.9097

PRICE_WINDOW_180_ROW_016=20251124,243.0,243.0,235.0,236.5,48155,239.2,257.75,257.75,257.75,260.2805,-0.6303,-5.5888,,0.461,-8.2444,-19.4208

PRICE_WINDOW_180_ROW_017=20251125,238.0,245.0,238.0,243.5,22543,240.1,256.9118,256.9118,256.9118,258.8821,2.9598,1.8828,,0.2263,-5.2204,-17.0358

PRICE_WINDOW_180_ROW_018=20251126,243.5,247.5,243.5,243.5,22302,241.4,256.1667,256.1667,256.1667,257.6003,0.0,2.7426,,0.2339,-4.9447,-17.0358

PRICE_WINDOW_180_ROW_019=20251127,247.5,260.0,247.0,258.5,114488,244.0,256.2895,256.2895,256.2895,257.6752,6.1602,5.2953,,1.1883,0.8625,-11.925

PRICE_WINDOW_180_ROW_020=20251128,279.5,282.0,262.5,281.5,353494,252.7,257.55,257.55,257.55,259.6606,8.8975,18.2773,,3.2371,9.2992,-4.0886

PRICE_WINDOW_180_ROW_021=20251201,285.0,302.0,284.0,292.5,624238,263.9,257.9,259.2143,259.2143,262.3973,3.9076,23.6786,2.4518,4.626,13.4161,-3.1457

PRICE_WINDOW_180_ROW_022=20251202,299.0,299.0,286.5,290.5,301799,273.3,258.575,260.6364,260.6364,264.7391,-0.6838,19.3018,4.8736,2.1118,12.3465,-3.8079

PRICE_WINDOW_180_ROW_023=20251203,292.0,292.5,282.5,284.0,161312,281.4,259.075,261.6522,261.6522,266.3442,-2.2375,16.6324,3.6496,1.1149,9.6208,-5.9603

PRICE_WINDOW_180_ROW_024=20251204,285.0,298.0,283.5,298.0,298684,289.3,260.375,263.1667,263.1667,268.9822,4.9296,15.2805,9.5588,1.9205,14.4503,-1.3245

PRICE_WINDOW_180_ROW_025=20251205,299.0,327.5,292.5,327.5,605064,298.5,263.475,265.74,265.74,273.8587,9.8993,16.341,23.3522,3.3465,24.3002,0.0

PRICE_WINDOW_180_ROW_026=20251208,342.0,360.0,342.0,360.0,997427,312.0,267.775,269.3654,269.3654,281.0371,9.9237,23.0769,31.3869,4.3842,34.4412,0.0

PRICE_WINDOW_180_ROW_027=20251209,358.0,368.0,355.0,366.0,515105,327.1,272.775,272.9444,272.9444,288.1174,1.6667,25.9897,37.594,2.0887,34.1765,-0.5435

PRICE_WINDOW_180_ROW_028=20251210,352.0,362.0,343.5,361.0,492589,342.5,277.85,276.0893,276.0893,294.1909,-1.3661,27.1127,39.1137,1.9088,29.9262,-1.9022

PRICE_WINDOW_180_ROW_029=20251211,375.0,397.0,370.0,396.0,1052427,362.1,284.85,280.2241,280.2241,302.675,9.6953,32.8859,54.6875,3.4088,39.0205,-0.2519

PRICE_WINDOW_180_ROW_030=20251212,390.0,396.0,384.0,395.5,419365,375.7,292.225,284.0667,284.0667,310.4104,-0.1263,20.7634,59.4758,1.2933,35.3409,-0.3778

PRICE_WINDOW_180_ROW_031=20251215,388.0,401.0,388.0,389.0,304429,381.5,299.15,287.4516,287.4516,316.9596,-1.6435,8.0556,55.2894,0.9079,30.0351,-2.9925

PRICE_WINDOW_180_ROW_032=20251216,393.0,405.5,380.5,397.5,552530,387.8,307.075,290.8906,290.8906,323.6713,2.1851,8.6066,66.318,1.5548,29.4472,-1.9729

PRICE_WINDOW_180_ROW_033=20251217,398.5,401.0,384.5,384.5,344427,392.5,314.45,293.7273,293.7273,328.7403,-3.2704,6.5097,62.2363,0.9325,22.277,-5.1788

PRICE_WINDOW_180_ROW_034=20251218,378.5,398.0,378.5,395.0,219566,392.3,321.925,296.7059,296.7059,334.262,2.7308,-0.2525,60.8961,0.5838,22.6994,-2.5894

PRICE_WINDOW_180_ROW_035=20251219,395.5,402.5,391.0,391.0,197066,391.4,329.575,299.4,299.4,338.9901,-1.0127,-1.1378,64.2857,0.5154,18.6376,-3.5758

PRICE_WINDOW_180_ROW_036=20251222,393.5,397.5,384.0,384.0,189222,390.4,336.95,301.75,301.75,342.741,-1.7903,-1.2853,62.3679,0.4859,13.9635,-5.3021

PRICE_WINDOW_180_ROW_037=20251223,384.0,395.0,380.5,385.0,196206,387.9,344.025,304.0,304.0,346.2625,0.2604,-3.1447,58.1109,0.4929,11.9105,-5.0555

PRICE_WINDOW_180_ROW_038=20251224,392.5,410.0,392.0,398.0,453860,390.6,351.75,306.4737,306.4737,350.574,3.3766,3.5111,63.4497,1.0815,13.1485,-2.9268

PRICE_WINDOW_180_ROW_039=20251226,404.5,404.5,392.0,398.0,257651,391.2,358.725,308.8205,308.8205,354.5262,0.0,0.7595,53.9652,0.6036,10.9485,-2.9268

PRICE_WINDOW_180_ROW_040=20251229,398.0,398.5,358.5,358.5,894186,384.7,362.575,310.0625,310.0625,354.8573,-9.9246,-8.312,27.3535,1.9702,-1.1239,-12.561

PRICE_WINDOW_180_ROW_041=20251230,350.0,368.0,335.5,345.0,589368,376.9,365.2,310.9146,310.9146,354.0359,-3.7657,-10.1562,17.9487,1.3036,-5.5312,-15.8537

PRICE_WINDOW_180_ROW_042=20251231,346.5,351.0,336.0,339.5,292418,367.8,367.65,311.5952,311.5952,352.8246,-1.5942,-11.8182,16.8675,0.6475,-7.6567,-17.1951

PRICE_WINDOW_180_ROW_043=20260102,341.0,341.5,328.0,330.5,270885,354.3,369.975,312.0349,312.0349,350.9642,-2.651,-16.9598,16.3732,0.5926,-10.6696,-19.3902

PRICE_WINDOW_180_ROW_044=20260105,329.0,333.5,321.0,321.0,250855,338.9,371.125,312.2386,312.2386,348.4672,-2.8744,-19.3467,7.7181,0.5517,-13.5062,-21.7073

PRICE_WINDOW_180_ROW_045=20260106,320.0,321.5,312.0,317.0,154913,330.6,370.6,312.3444,312.3444,345.8449,-1.2461,-11.576,-3.2061,0.3584,-14.463,-22.6829

PRICE_WINDOW_180_ROW_046=20260107,318.5,328.5,315.5,324.5,230996,326.5,368.825,312.6087,312.6087,344.0662,2.3659,-5.942,-9.8611,0.5864,-12.0179,-20.8537

PRICE_WINDOW_180_ROW_047=20260108,324.5,326.5,316.0,317.0,203720,322.0,366.375,312.7021,312.7021,341.8106,-2.3112,-6.6274,-13.388,0.5385,-13.4766,-22.6829

PRICE_WINDOW_180_ROW_048=20260109,321.0,333.0,319.0,325.0,241072,320.9,364.575,312.9583,312.9583,340.4098,2.5237,-1.6641,-9.9723,0.6591,-10.8551,-20.7317

PRICE_WINDOW_180_ROW_049=20260112,330.0,330.0,320.5,323.5,155657,321.4,360.95,313.1735,313.1735,339.0006,-0.4615,0.7788,-18.3081,0.485,-10.3754,-21.0976

PRICE_WINDOW_180_ROW_050=20260113,321.0,329.5,320.5,321.0,116633,322.2,357.225,313.33,313.33,337.5006,-0.7728,1.2618,-18.8369,0.3814,-10.1407,-21.7073

PRICE_WINDOW_180_ROW_051=20260114,321.0,332.0,321.0,325.0,130677,322.3,354.025,313.5588,313.5588,336.4588,1.2461,0.1541,-16.4524,0.4398,-8.1986,-20.7317

PRICE_WINDOW_180_ROW_052=20260115,327.5,327.5,317.5,318.0,122843,322.5,350.05,313.6442,313.6442,334.9206,-2.1538,0.3155,-20.0,0.4457,-9.1558,-22.439

PRICE_WINDOW_180_ROW_053=20260116,321.5,321.5,312.0,314.0,132359,320.3,346.525,313.6509,313.6509,333.1772,-1.2579,-3.3846,-18.3355,0.4995,-9.386,-23.4146

PRICE_WINDOW_180_ROW_054=20260119,310.0,310.0,290.5,293.0,594121,314.2,341.425,313.2685,313.2685,329.8291,-6.6879,-9.4281,-25.8228,2.0939,-14.1832,-28.5366

PRICE_WINDOW_180_ROW_055=20260120,294.0,309.0,294.0,302.5,207017,310.5,337.0,313.0727,313.0727,327.5517,3.2423,-5.7632,-22.6343,0.7283,-10.2374,-26.2195

PRICE_WINDOW_180_ROW_056=20260121,296.5,302.0,292.5,296.0,153305,304.7,332.6,312.7679,312.7679,324.9224,-2.1488,-8.9231,-22.9167,0.5428,-11.0042,-27.8049

PRICE_WINDOW_180_ROW_057=20260122,299.0,308.5,298.5,300.5,104972,301.2,328.375,312.5526,312.5526,322.8872,1.5203,-5.5031,-21.9481,0.3778,-8.4888,-26.7073

PRICE_WINDOW_180_ROW_058=20260123,303.0,312.5,301.0,312.5,134048,300.9,324.1,312.5517,312.5517,322.0216,3.9933,-0.4777,-21.4824,0.5119,-3.5791,-23.7805

PRICE_WINDOW_180_ROW_059=20260126,316.5,332.5,311.0,329.0,312218,308.1,320.65,312.8305,312.8305,322.6031,5.28,12.2867,-17.3367,1.1799,2.6041,-19.7561

PRICE_WINDOW_180_ROW_060=20260127,329.0,346.0,314.0,314.0,438735,310.4,318.425,312.85,312.85,321.8862,-4.5593,3.8017,-12.4128,1.8141,-1.3897,-23.4146

PRICE_WINDOW_180_ROW_061=20260128,314.0,322.5,312.0,315.0,111516,314.2,316.925,313.3417,312.8852,321.3123,0.3185,6.4189,-8.6957,0.5117,-0.6074,-23.1707

PRICE_WINDOW_180_ROW_062=20260129,320.0,324.5,314.5,316.5,100063,317.4,315.775,314.0,312.9435,320.9113,0.4762,5.3245,-6.7747,0.4803,0.2296,-22.8049

PRICE_WINDOW_180_ROW_063=20260130,317.0,319.0,298.5,298.5,193836,314.6,314.175,314.4083,312.7143,319.0437,-5.6872,-4.48,-9.6823,0.948,-4.9893,-27.1951

PRICE_WINDOW_180_ROW_064=20260202,291.5,300.0,289.0,292.5,124997,307.3,312.75,314.75,312.3984,316.8317,-2.0101,-11.0942,-8.8785,0.6307,-6.4748,-28.6585

PRICE_WINDOW_180_ROW_065=20260203,295.0,301.5,292.5,292.5,46262,303.0,311.525,315.2,312.0923,314.8041,0.0,-6.8471,-7.7287,0.24,-6.1071,-28.6585

PRICE_WINDOW_180_ROW_066=20260204,301.5,301.5,291.0,295.0,46352,299.0,310.05,315.55,311.8333,313.1537,0.8547,-6.3492,-9.0909,0.2526,-4.8541,-28.0488

PRICE_WINDOW_180_ROW_067=20260205,288.0,298.5,270.0,270.0,289938,289.7,307.7,315.6167,311.209,309.5576,-8.4746,-14.6919,-14.8265,1.5436,-12.2522,-34.1463

PRICE_WINDOW_180_ROW_068=20260206,268.0,274.0,250.0,271.5,189751,284.3,305.025,315.8167,310.625,306.3861,0.5556,-9.0452,-16.4615,1.0242,-10.9909,-33.7805

PRICE_WINDOW_180_ROW_069=20260209,272.5,280.0,266.0,271.5,141064,280.1,302.425,316.075,310.058,303.479,0.0,-7.1795,-16.0742,0.7644,-10.2257,-33.7805

PRICE_WINDOW_180_ROW_070=20260210,283.0,285.0,272.5,285.0,112187,278.6,300.625,316.6917,309.7,301.939,4.9724,-2.5641,-11.215,0.6087,-5.1975,-30.4878

PRICE_WINDOW_180_ROW_071=20260211,276.5,282.0,271.0,277.0,136026,275.0,298.225,317.1333,309.2394,299.8608,-2.807,-6.1017,-14.7692,0.7369,-7.1171,-32.439

PRICE_WINDOW_180_ROW_072=20260223,280.0,286.0,273.0,283.0,162051,277.6,296.475,317.8667,308.875,298.4557,2.1661,4.8148,-11.0063,0.8687,-4.5451,-30.9756

PRICE_WINDOW_180_ROW_073=20260224,288.5,290.0,281.0,284.5,95704,280.2,295.0,318.6583,308.5411,297.2927,0.53,4.7882,-9.3949,0.5181,-3.5593,-30.6098

PRICE_WINDOW_180_ROW_074=20260225,283.5,287.5,279.0,283.0,106771,282.5,294.5,319.2833,308.1959,296.1017,-0.5272,4.2357,-3.413,0.6659,-3.9049,-30.9756

PRICE_WINDOW_180_ROW_075=20260226,283.0,291.0,283.0,288.0,70535,283.1,293.775,320.1167,307.9267,295.4265,1.7668,1.0526,-4.7934,0.4595,-1.9658,-29.7561

PRICE_WINDOW_180_ROW_076=20260302,287.5,290.5,274.5,286.5,113255,285.0,293.3,320.95,307.6447,294.6827,-0.5208,3.4296,-3.2095,0.7475,-2.3184,-30.122

PRICE_WINDOW_180_ROW_077=20260303,290.0,315.0,290.0,313.0,751465,291.0,293.925,322.1083,307.7143,296.2091,9.2496,10.6007,4.1597,4.0876,6.4898,-23.6585

PRICE_WINDOW_180_ROW_078=20260304,298.0,300.0,282.0,282.0,346401,290.5,292.4,322.75,307.3846,295.025,-9.9042,-0.8787,-9.76,1.7814,-3.5568,-31.2195

PRICE_WINDOW_180_ROW_079=20260305,287.5,298.0,266.5,273.0,318806,288.5,289.6,322.9917,306.9494,293.1896,-3.1915,-3.5336,-17.0213,1.6367,-5.732,-33.4146

PRICE_WINDOW_180_ROW_080=20260306,270.5,276.0,265.5,265.5,106172,284.0,287.175,322.725,306.4312,290.8821,-2.7473,-7.8125,-15.4459,0.5959,-7.5477,-35.2439

PRICE_WINDOW_180_ROW_081=20260309,248.0,252.0,244.0,250.0,167362,276.7,283.925,322.0167,305.7346,287.4753,-5.838,-12.74,-20.6349,0.9249,-11.9486,-39.0244

PRICE_WINDOW_180_ROW_082=20260310,262.0,269.0,257.5,269.0,83234,267.9,281.55,321.6583,305.2866,285.9357,7.6,-14.0575,-15.0079,0.4621,-4.4575,-34.3902

PRICE_WINDOW_180_ROW_083=20260311,263.5,282.5,263.5,276.5,186450,266.8,280.45,321.5333,304.9398,285.1494,2.7881,-1.9504,-7.3702,1.0373,-1.4085,-32.561

PRICE_WINDOW_180_ROW_084=20260312,272.5,282.5,271.0,271.0,93771,266.4,279.375,321.0833,304.5357,283.9703,-1.9892,-0.7326,-7.3504,0.5263,-2.9978,-33.9024

PRICE_WINDOW_180_ROW_085=20260313,265.0,284.0,264.0,277.5,146864,268.8,278.625,320.25,304.2176,283.4311,2.3985,4.5198,-5.1282,0.8016,-0.4038,-32.3171

PRICE_WINDOW_180_ROW_086=20260316,278.0,288.0,276.0,278.0,200595,274.4,277.775,318.8833,303.9128,282.9785,0.1802,11.2,-5.7627,1.0507,0.081,-32.1951

PRICE_WINDOW_180_ROW_087=20260317,281.0,286.0,264.0,266.5,333081,273.9,277.6,317.225,303.4828,281.6053,-4.1367,-0.9294,-1.2963,1.7251,-3.9986,-35.0

PRICE_WINDOW_180_ROW_088=20260318,267.0,280.0,260.0,277.5,327037,274.1,277.9,315.8333,303.1875,281.2632,4.1276,0.3617,2.2099,1.6357,-0.1439,-32.3171

PRICE_WINDOW_180_ROW_089=20260319,269.5,275.5,262.0,264.0,239030,272.7,277.525,313.6333,302.7472,279.8246,-4.8649,-2.583,-2.7624,1.1669,-4.8734,-35.6098

PRICE_WINDOW_180_ROW_090=20260320,268.0,273.0,261.0,269.5,145108,271.1,276.75,311.5333,302.3778,278.9642,2.0833,-2.8829,-5.4386,0.7028,-2.6197,-34.2683

PRICE_WINDOW_180_ROW_091=20260323,262.0,263.5,252.0,252.0,138780,265.9,275.5,309.25,301.8242,276.7172,-6.4935,-9.3525,-9.0253,0.6717,-8.5299,-38.5366

PRICE_WINDOW_180_ROW_092=20260324,262.0,262.0,246.0,249.0,169718,262.4,273.8,306.775,301.25,274.4074,-1.1905,-6.5666,-12.0141,0.8199,-9.0577,-39.2683

PRICE_WINDOW_180_ROW_093=20260325,258.0,262.0,254.0,258.5,113787,258.6,272.5,304.675,300.7903,273.0818,3.8153,-6.8468,-9.1388,0.5473,-5.1376,-36.9512

PRICE_WINDOW_180_ROW_094=20260326,260.5,265.5,256.0,256.0,95209,257.0,271.15,302.3583,300.3138,271.6583,-0.9671,-3.0303,-9.5406,0.4592,-5.5873,-37.561

PRICE_WINDOW_180_ROW_095=20260327,254.0,259.5,251.5,256.0,39946,254.3,269.55,300.1083,299.8474,270.3535,0.0,-5.0093,-11.1111,0.1941,-5.0269,-37.561

PRICE_WINDOW_180_ROW_096=20260330,246.5,248.5,242.0,246.0,124737,253.1,267.525,297.8083,299.2865,268.324,-3.9062,-2.381,-14.1361,0.6044,-8.046,-40.0

PRICE_WINDOW_180_ROW_097=20260331,242.5,250.0,238.5,241.5,113108,251.6,263.95,295.4167,298.6907,266.0887,-1.8293,-3.012,-22.8435,0.6483,-8.5054,-41.0976

PRICE_WINDOW_180_ROW_098=20260401,245.0,262.0,245.0,260.0,91701,251.9,262.85,293.1167,298.2959,265.5813,7.6605,0.5803,-7.8014,0.567,-1.0843,-35.7231

PRICE_WINDOW_180_ROW_099=20260402,265.0,265.0,248.5,254.0,98803,251.5,261.9,290.7167,297.8485,264.6162,-2.3077,-0.7812,-6.9597,0.6555,-3.0164,-36.261

PRICE_WINDOW_180_ROW_100=20260407,255.0,261.5,255.0,257.5,28431,251.8,261.5,289.0333,297.445,264.0232,1.378,0.5859,-3.0132,0.1936,-1.5296,-30.0272

PRICE_WINDOW_180_ROW_101=20260408,262.5,272.0,262.5,270.5,84134,256.7,262.525,287.7917,297.1782,264.5629,5.0485,9.9593,8.2,0.5897,3.0378,-22.9345

PRICE_WINDOW_180_ROW_102=20260409,272.0,276.0,268.0,269.0,64352,262.2,262.525,286.6167,296.902,264.9327,-0.5545,11.3872,0.0,0.454,2.4664,-22.2543

PRICE_WINDOW_180_ROW_103=20260410,276.5,277.5,271.0,273.0,61703,264.8,262.35,285.6583,296.6699,265.6049,1.487,5.0,-1.2658,0.4554,4.0595,-21.0983

PRICE_WINDOW_180_ROW_104=20260413,267.5,270.5,261.5,264.0,86879,266.8,262.0,284.7083,296.3558,265.4712,-3.2967,3.937,-2.583,0.6428,0.7634,-23.6994

PRICE_WINDOW_180_ROW_105=20260414,267.0,273.5,266.5,268.0,100275,268.9,261.525,283.8917,296.0857,265.6819,1.5152,4.0777,-3.4234,0.755,2.4759,-22.5434

PRICE_WINDOW_180_ROW_106=20260415,273.0,287.5,272.5,284.5,242686,271.7,261.85,283.225,295.9764,267.2501,6.1567,5.1756,2.3381,1.7987,8.65,-17.7746

PRICE_WINDOW_180_ROW_107=20260416,285.0,285.0,268.5,270.0,200715,271.9,262.025,282.4417,295.7336,267.4793,-5.0967,0.3717,1.3133,1.5643,3.0436,-21.9653

PRICE_WINDOW_180_ROW_108=20260417,271.0,273.0,269.0,270.0,49953,271.3,261.65,281.525,295.4954,267.6893,0.0,-1.0989,-2.7027,0.4365,3.1913,-21.9653

PRICE_WINDOW_180_ROW_109=20260420,278.0,284.0,273.0,277.0,109458,273.9,262.3,280.75,295.3257,268.4652,2.5926,4.9242,4.9242,1.0137,5.6043,-19.9422

PRICE_WINDOW_180_ROW_110=20260421,280.0,280.0,270.5,276.0,93782,275.5,262.625,280.0,295.15,269.0931,-0.361,2.9851,2.4119,0.8897,5.0928,-20.2312

PRICE_WINDOW_180_ROW_111=20260422,280.0,288.0,278.0,284.5,165848,275.5,264.25,279.325,295.0541,270.377,3.0797,0.0,12.8968,1.5534,7.6632,-17.7746

PRICE_WINDOW_180_ROW_112=20260423,287.5,287.5,262.5,269.0,181200,275.3,265.25,278.5083,294.8214,270.2623,-5.4482,-0.3704,8.0321,1.6882,1.4138,-22.2543

PRICE_WINDOW_180_ROW_113=20260424,272.0,277.0,262.0,270.0,124942,275.3,265.825,277.775,294.6018,270.2404,0.3717,0.0,4.4487,1.158,1.5706,-21.9653

PRICE_WINDOW_180_ROW_114=20260427,283.0,283.0,266.5,282.5,128581,276.4,267.15,277.6,294.4956,271.262,4.6296,1.9856,10.3516,1.1736,5.7458,-18.3526

PRICE_WINDOW_180_ROW_115=20260428,280.0,280.0,262.0,264.0,446604,274.0,267.55,276.9583,294.2304,270.6569,-6.5487,-4.3478,3.125,3.4382,-1.3269,-23.6994

PRICE_WINDOW_180_ROW_116=20260429,267.0,267.0,258.5,260.0,99151,269.1,268.25,276.3583,293.9353,269.7688,-1.5152,-8.6116,5.6911,0.7709,-3.0755,-24.8555

PRICE_WINDOW_180_ROW_117=20260430,264.5,264.5,255.0,256.5,81454,266.6,269.0,275.625,293.6154,268.6631,-1.3462,-4.6468,6.2112,0.6412,-4.6468,-25.8671

PRICE_WINDOW_180_ROW_118=20260504,259.5,261.5,250.0,257.5,85155,264.1,268.875,274.7083,293.3093,267.7328,0.3899,-4.6296,-0.9615,0.6721,-4.2306,-25.578

PRICE_WINDOW_180_ROW_119=20260505,257.5,261.5,256.0,259.0,41198,259.4,269.125,273.5417,293.021,267.0051,0.5825,-8.3186,1.9685,0.3327,-3.7622,-25.1445

PRICE_WINDOW_180_ROW_120=20260506,264.5,265.0,258.5,262.0,103221,259.0,269.35,272.675,292.7625,266.588,1.1583,-0.7576,1.7476,0.8092,-2.7288,-19.2604

PRICE_WINDOW_180_ROW_121=20260507,260.0,288.0,260.0,288.0,262531,264.6,270.225,272.225,292.7833,268.3723,9.9237,10.7692,6.4695,1.9235,6.5779,-11.2481

PRICE_WINDOW_180_ROW_122=20260508,285.0,295.0,275.0,282.0,327978,269.7,270.875,271.65,292.825,269.508,-2.0833,9.9415,4.8327,2.1914,4.1071,-11.5987

PRICE_WINDOW_180_ROW_123=20260511,286.0,295.0,278.0,279.0,165051,274.0,271.175,271.325,292.8667,270.299,-1.0638,8.3495,2.1978,1.066,2.8856,-11.4286

PRICE_WINDOW_180_ROW_124=20260512,294.0,306.5,291.0,306.5,420388,283.5,273.3,271.5583,293.1542,273.3157,9.8566,18.3398,16.0985,2.4511,12.1478,-2.6984

PRICE_WINDOW_180_ROW_125=20260513,302.5,328.0,299.0,311.0,925382,293.3,275.45,271.8667,293.5333,276.4561,1.4682,18.7023,16.0448,4.3493,12.9062,-5.1829

PRICE_WINDOW_180_ROW_126=20260514,307.5,312.0,288.5,295.0,351802,294.7,275.975,271.8667,293.7083,278.0014,-5.1447,2.4306,3.6907,1.6121,6.8937,-10.061

PRICE_WINDOW_180_ROW_127=20260515,295.5,299.0,273.0,276.0,244846,293.5,276.275,271.9667,293.7917,277.8346,-6.4407,-2.1277,2.2222,1.1108,-0.0995,-15.8537

PRICE_WINDOW_180_ROW_128=20260518,278.0,278.0,268.5,277.0,160456,293.1,276.625,272.0583,293.9375,277.7651,0.3623,-0.7168,2.5926,0.7101,0.1356,-15.5488

PRICE_WINDOW_180_ROW_129=20260519,279.0,279.0,264.0,265.5,100746,284.9,276.05,271.9583,294.0167,276.743,-4.1516,-13.3768,-4.1516,0.4467,-3.8218,-19.0549

PRICE_WINDOW_180_ROW_130=20260520,262.0,283.0,262.0,278.5,129102,278.4,276.175,271.85,294.2708,276.8894,4.8964,-10.4502,0.9058,0.568,0.8419,-15.0915

PRICE_WINDOW_180_ROW_131=20260521,279.5,290.5,279.5,289.0,118117,277.2,276.4,272.05,294.5917,277.8986,3.7702,-2.0339,1.5817,0.5252,4.5586,-11.8902

PRICE_WINDOW_180_ROW_132=20260522,289.0,317.0,286.5,316.5,336190,285.3,278.775,272.6083,295.2375,281.1154,9.5156,14.6739,17.658,1.4451,13.5324,-3.5061

PRICE_WINDOW_180_ROW_133=20260523,289.0,317.0,286.5,316.5,336190,293.2,281.1,273.1417,295.9,284.0641,0.0,14.2599,17.2222,1.3823,12.5934,-3.5061

PRICE_WINDOW_180_ROW_134=20260524,289.0,317.0,286.5,316.5,336190,303.4,282.8,273.7,296.4917,286.7671,0.0,19.209,12.0354,1.3257,11.9165,-3.5061

PRICE_WINDOW_180_ROW_135=20260525,321.0,339.0,313.0,328.0,437155,313.3,286.0,274.3667,297.2417,290.2032,3.6335,17.7738,24.2424,1.7271,14.6853,-3.2448

PRICE_WINDOW_180_ROW_136=20260526,289.0,317.0,286.5,316.5,336190,318.8,288.825,274.8667,297.9083,292.3946,-3.5061,9.5156,21.7308,1.2688,9.5819,-6.6372
